노드 14개: ['21', '22', '23', '24', '25_26_27', '31_32', '33', '40', '51_61_62', '53', '71', '83', '85', '86']
전체 쌍 91개 중 전환압력 > 0 인 쌍: 91개
거리-원시점수 상관계수: -0.132
거리-정규화점수 상관계수: -0.093

[건물별 활동량 (enr x duration 누적)]
  21: 303000
  22: 1646985
  23: 379835
  24: 129480
  25_26_27: 2262370
  31_32: 564470
  33: 340085
  40: 484475
  51_61_62: 607070
  53: 768250
  71: 108800
  83: 81065
  85: 561150
  86: 51565

[거리 가까운 순 15개 쌍 - 원시 vs 정규화 비교]
       A        B  거리_px  전환압력_누적  정규화_점수
      21       24   71.0   1353.0    7.10
      21       22   71.1  83207.0   34.31
      53       86   72.7   3476.0   18.06
      33       40   77.0  25194.0   31.46
      23 25_26_27   79.1  76998.0   18.44
      22       23  104.7  62693.0   20.62
      33       53  108.4  18110.0   14.26
      21       23  121.3  10072.0   18.01
      22       83  136.7  25346.0   39.06
      22 25_26_27  141.9 634697.0   35.05
      22       24  142.0  28032.0   27.05
51_61_62       85  145.4  42312.0   25.56
      24       86  145.5    931.0   28.69
      23    31_32  148.0  24011.0   23.04
   31_32 51_61_62  157.6  53917.0   32.38

[거리 먼 순 15개 쌍 - 원시 vs 정규화 비교]
       A        B  거리_px  전환압력_누적  정규화_점수
      40 51_61_62  694.1  39226.0   27.44
      33 51_61_62  646.1  29935.0   29.84
      40       85  611.9  39486.0   29.89
      33       85  576.6  27516.0   29.67
51_61_62       53  566.8  37678.0   16.62
      40       71  564.2   3958.0   15.45
   31_32       40  542.0  38687.0   29.11
51_61_62       83  516.6   9926.0   41.50
      53       85  516.4  33003.0   15.75
51_61_62       86  515.6   4076.0   26.79
      71       83  509.7    934.0   21.79
      71       85  501.5   4088.0   13.78
25_26_27       71  490.9  20798.0   17.39
   31_32       33  490.6  27417.0   29.39
      33       71  488.4   2956.0   16.44

[정규화 점수 높은 순 15개 쌍]
       A        B  거리_px  전환압력_누적  정규화_점수
      24       83  220.0   5101.0  100.00
      24       85  335.6  22485.0   63.68
      23       24  165.9  13440.0   56.23
      53       71  380.3  19685.0   48.46
      83       86  240.8    901.0   44.35
51_61_62       83  516.6   9926.0   41.50
      21       86  186.6   3035.0   39.97
      24    31_32  217.5  14131.0   39.78
      22       83  136.7  25346.0   39.06
      83       85  418.2   8235.0   37.25
   31_32       83  376.2   8105.0   36.45
      21 25_26_27  186.4 118666.0   35.62
      22 25_26_27  141.9 634697.0   35.05
25_26_27       83  261.3  30997.0   34.78
      33       83  194.9   4610.0   34.41

[정규화 점수 낮은 순 15개 쌍]
       A        B  거리_px  전환압력_누적  정규화_점수
      21       24   71.0   1353.0    7.10
      21       53  210.5   9660.0    8.54
      24       71  297.4    664.0    9.70
      23       71  414.1   2214.0   11.02
      21       71  366.5   1828.0   11.41
   31_32       53  409.3  26446.0   12.55
      40       53  184.0  23566.0   13.03
      22       53  252.6  81265.0   13.22
25_26_27       53  391.5 116276.0   13.77
      71       85  501.5   4088.0   13.78
      23       53  331.8  20025.0   14.12
      33       53  108.4  18110.0   14.26
      24 25_26_27  241.2  20477.0   14.38
   31_32       71  341.2   4593.0   15.39
      40       71  564.2   3958.0   15.45

[전체 91개 쌍 - 거리순 정렬]
       A        B  거리_px  전환압력_누적       정규화_비율  정규화_점수
      21       24   71.0   1353.0 3.448677e-08    7.10
      21       22   71.1  83207.0 1.667353e-07   34.31
      53       86   72.7   3476.0 8.774496e-08   18.06
      33       40   77.0  25194.0 1.529108e-07   31.46
      23 25_26_27   79.1  76998.0 8.960265e-08   18.44
      22       23  104.7  62693.0 1.002154e-07   20.62
      33       53  108.4  18110.0 6.931519e-08   14.26
      21       23  121.3  10072.0 8.751412e-08   18.01
      22       83  136.7  25346.0 1.898394e-07   39.06
      22 25_26_27  141.9 634697.0 1.703386e-07   35.05
      22       24  142.0  28032.0 1.314504e-07   27.05
51_61_62       85  145.4  42312.0 1.242069e-07   25.56
      24       86  145.5    931.0 1.394415e-07   28.69
      23    31_32  148.0  24011.0 1.119888e-07   23.04
   31_32 51_61_62  157.6  53917.0 1.573425e-07   32.38
   31_32       85  160.5  42549.0 1.343289e-07   27.64
25_26_27       85  161.2 168309.0 1.325759e-07   27.28
      23       24  165.9  13440.0 2.732761e-07   56.23
      21       83  166.9   3072.0 1.250677e-07   25.74
      33       86  181.0   2760.0 1.573862e-07   32.39
      40       53  184.0  23566.0 6.331578e-08   13.03
      21 25_26_27  186.4 118666.0 1.731092e-07   35.62
      21       86  186.6   3035.0 1.942500e-07   39.97
      23       85  187.8  26612.0 1.248543e-07   25.69
      24       53  191.8   9639.0 9.690066e-08   19.94
25_26_27    31_32  194.2 185237.0 1.450518e-07   29.85
      33       83  194.9   4610.0 1.672169e-07   34.41
      40       83  202.5   6359.0 1.619139e-07   33.32
      53       83  208.0   5100.0 8.189063e-08   16.85
      21       53  210.5   9660.0 4.149846e-08    8.54
      24    31_32  217.5  14131.0 1.933434e-07   39.78
      24       83  220.0   5101.0 4.859810e-07  100.00
      21    31_32  221.2  24119.0 1.410184e-07   29.02
      23       83  240.8   4461.0 1.448785e-07   29.81
      83       86  240.8    901.0 2.155442e-07   44.35
      24 25_26_27  241.2  20477.0 6.990367e-08   14.38
      22    31_32  241.8 141801.0 1.525277e-07   31.39
      22       86  244.6  14130.0 1.663786e-07   34.24
      22       53  252.6  81265.0 6.422607e-08   13.22
      40       86  255.9   3489.0 1.396608e-07   28.74
25_26_27       83  261.3  30997.0 1.690140e-07   34.78
      21       33  274.2  16031.0 1.555717e-07   32.01
      23 51_61_62  276.1  21590.0 9.363083e-08   19.27
      24       33  278.7   5500.0 1.249029e-07   25.70
25_26_27 51_61_62  284.3 209858.0 1.527999e-07   31.44
      22       85  287.8 134770.0 1.458225e-07   30.01
      22       33  292.5  91671.0 1.636646e-07   33.68
      24       71  297.4    664.0 4.713424e-08    9.70
      23       86  304.3   1888.0 9.639444e-08   19.84
      21       85  306.8  20861.0 1.226912e-07   25.25
      71       86  308.6    861.0 1.534685e-07   31.58
      21       40  321.2  21730.0 1.480286e-07   30.46
      22       40  324.1 120632.0 1.511825e-07   31.11
      23       53  331.8  20025.0 6.862383e-08   14.12
      24       85  335.6  22485.0 3.094648e-07   63.68
      24       40  338.4   9787.0 1.560183e-07   32.10
   31_32       71  341.2   4593.0 7.478710e-08   15.39
   31_32       86  358.7   4490.0 1.542590e-07   31.74
      21       71  366.5   1828.0 5.545040e-08   11.41
25_26_27       86  373.0  18050.0 1.547243e-07   31.84
      21 51_61_62  373.3  23050.0 1.253111e-07   25.79
      24 51_61_62  375.1   9804.0 1.247274e-07   25.67
   31_32       83  376.2   8105.0 1.771246e-07   36.45
      22 51_61_62  380.0 159679.0 1.597053e-07   32.86
      53       71  380.3  19685.0 2.355071e-07   48.46
      23       33  388.9  11442.0 8.857670e-08   18.23
25_26_27       53  391.5 116276.0 6.689966e-08   13.77
   31_32       53  409.3  26446.0 6.098409e-08   12.55
      23       71  414.1   2214.0 5.357396e-08   11.02
      83       85  418.2   8235.0 1.810303e-07   37.25
      23       40  426.6  18212.0 9.896720e-08   20.36
25_26_27       33  433.9 123979.0 1.611376e-07   33.16
      22       71  435.2  14988.0 8.364214e-08   17.21
51_61_62       71  444.5   6292.0 9.526230e-08   19.60
25_26_27       40  460.3 160974.0 1.468658e-07   30.22
      85       86  480.8   3944.0 1.363022e-07   28.05
      33       71  488.4   2956.0 7.988920e-08   16.44
   31_32       33  490.6  27417.0 1.428208e-07   29.39
25_26_27       71  490.9  20798.0 8.449462e-08   17.39
      71       85  501.5   4088.0 6.695809e-08   13.78
      71       83  509.7    934.0 1.058972e-07   21.79
51_61_62       86  515.6   4076.0 1.302088e-07   26.79
      53       85  516.4  33003.0 7.655470e-08   15.75
51_61_62       83  516.6   9926.0 2.016982e-07   41.50
   31_32       40  542.0  38687.0 1.414662e-07   29.11
      40       71  564.2   3958.0 7.508886e-08   15.45
51_61_62       53  566.8  37678.0 8.078793e-08   16.62
      33       85  576.6  27516.0 1.441846e-07   29.67
      40       85  611.9  39486.0 1.452422e-07   29.89
      33 51_61_62  646.1  29935.0 1.449950e-07   29.84
      40 51_61_62  694.1  39226.0 1.333718e-07   27.44