BUILDING_POLY = {
    '03': [(771, 848), (731, 1139), (732, 1188), (752, 1221), (792, 1224), (837, 1193), (837, 1158), (872, 956), (792, 851), (770, 854)],
    '05': [(351, 1139), (279, 1166), (258, 1337), (306, 1355), (521, 1394), (567, 1365), (605, 1323), (614, 1256), (594, 1215), (429, 1154), (353, 1139)],
    '21': [(1374, 1134), (1334, 1136), (1332, 1158), (1361, 1190), (1544, 1208), (1551, 1161), (1371, 1136)],
    '22': [(1592, 1029), (1569, 1215), (1595, 1227), (1631, 1202), (1650, 1037), (1599, 1028)],
    '23': [(1362, 920), (1331, 968), (1322, 1014), (1334, 1034), (1377, 1037), (1403, 1011), (1427, 978), (1653, 1014), (1662, 983), (1622, 953), (1427, 929), (1356, 920)],
    '24': [(1740, 1106), (1860, 1131), (1815, 1406), (1692, 1380), (1737, 1106)],
    '25': [(1403, 788), (1400, 822), (1416, 846), (1623, 875), (1632, 831), (1404, 789)],
    '26': [(1640, 890), (1683, 903), (1706, 887), (1737, 623), (1721, 603), (1685, 600), (1643, 887)],
    '27': [(1415, 546), (1401, 660), (1458, 675), (1491, 620), (1659, 642), (1667, 593), (1496, 566), (1469, 555), (1415, 548)],
    '31': [(1218, 834), (1083, 930), (1016, 909), (947, 944), (1104, 971), (1212, 885), (1220, 833)],
    '32': [(981, 824), (965, 932), (1014, 905), (1022, 830), (1166, 723), (1229, 735), (1224, 758), (1298, 771), (1299, 713), (1185, 696), (1163, 657), (1130, 675), (999, 788), (908, 771), (846, 803), (977, 830)],
    '33': [(1544, 1773), (1547, 1818), (1721, 1821), (1742, 1794), (1715, 1751), (1650, 1781), (1550, 1773)],
    '40': [(1721, 1749), (1754, 1802), (1910, 1761), (1880, 1707), (1832, 1710), (1725, 1754)],
    '48': [(1002, 1005), (948, 1062), (972, 1115), (1001, 1151), (1067, 1176), (1145, 1175), (1181, 1149), (1220, 1106), (1184, 1032), (1146, 1010), (1059, 998), (1005, 1004)],
    '51': [(804, 629), (752, 657), (881, 686), (867, 777), (912, 767), (924, 684), (1034, 606), (1013, 566), (899, 644), (812, 626), (800, 632)],
    '53': [(1394, 1637), (1388, 1656), (1409, 1694), (1484, 1710), (1476, 1785), (1356, 1773), (1352, 1800), (1383, 1823), (1515, 1850), (1536, 1713), (1592, 1725), (1598, 1691), (1583, 1659), (1395, 1632)],
    '61': [(717, 492), (684, 527), (783, 546), (765, 641), (813, 620), (827, 546), (921, 480), (893, 438), (798, 504), (719, 485)],
    '62': [(905, 434), (935, 479), (971, 449), (1112, 465), (1112, 420), (963, 390), (911, 429)],
    '70': [(419, 1491), (428, 1604), (503, 1622), (546, 1508), (486, 1491), (423, 1493)],
    '71': [(552, 1523), (530, 1604), (518, 1638), (470, 1632), (477, 1707), (570, 1727), (578, 1634), (666, 1664), (711, 1674), (825, 1677), (831, 1710), (869, 1716), (875, 1697), (890, 1619), (893, 1604), (858, 1577), (768, 1560), (557, 1523)],
    '83': [(1914, 1115), (1868, 1407), (2034, 1430), (2024, 1371), (1943, 1356), (1949, 1298), (2045, 1311), (2048, 1257), (1965, 1236), (1968, 1179), (2048, 1188), (2045, 1136), (1917, 1118)],
    '85': [(1160, 408), (1152, 468), (1248, 479), (1242, 501), (1284, 527), (1278, 612), (1283, 620), (1221, 608), (1220, 660), (1317, 672), (1328, 623), (1353, 437), (1160, 408)],
    '86': [(1205, 1598), (1176, 1623), (1155, 1776), (1182, 1791), (1346, 1809), (1352, 1755), (1256, 1733), (1263, 1652), (1377, 1682), (1386, 1625), (1208, 1599)],
}