BUILDING_POLY = {
    '00': [(1575, 1046), (1575, 1055), (1583, 1055), (1590, 1055), (1590, 1051), (1627, 1051), (1627, 1137), (1616, 1137), (1612, 1139), (1606, 1140), (1599, 1139), (1593, 1138), (1593, 1128), (1584, 1129), (1575, 1128), (1575, 1133), (1488, 1133), (1488, 1089), (1488, 1078), (1470, 1078), (1470, 1046)],
    '01': [(835, 1336), (892, 1334), (894, 1413), (896, 1508), (840, 1509), (786, 1510), (783, 1337)],
    '02': [(1041, 1784), (1041, 1834), (1020, 1834), (1021, 1958), (1041, 1958), (1042, 1973), (1149, 1973), (1149, 1957), (1170, 1957), (1169, 1833), (1154, 1833), (1153, 1783)],
    '03': [(1221, 1256), (1222, 1330), (1232, 1330), (1232, 1341), (1232, 1350), (1222, 1350), (1223, 1396), (1285, 1395), (1376, 1394), (1375, 1346), (1365, 1346), (1365, 1334), (1365, 1326), (1375, 1326), (1374, 1254), (1345, 1255), (1243, 1256)],
    '04': [(1477, 1265), (1478, 1318), (1535, 1325), (1592, 1332), (1593, 1420), (1659, 1420), (1659, 1408), (1657, 1408), (1656, 1310), (1661, 1310), (1660, 1263), (1620, 1263)],
    '05': [(966, 1050), (953, 1074), (940, 1097), (998, 1130), (1068, 1169), (1111, 1193), (1137, 1146), (1079, 1114)],
    '06': [(828, 667), (829, 764), (906, 763), (975, 762), (973, 665), (884, 666)],
    '07': [(554, 1069), (555, 1116), (578, 1116), (699, 1114), (832, 1111), (842, 1111), (842, 1087), (854, 1086), (853, 995), (852, 950), (808, 951), (810, 1065), (695, 1067), (565, 1069)],
    '08': [(434, 868), (435, 916), (501, 915), (641, 913), (640, 888), (640, 866), (534, 867)],
    '09': [(687, 847), (688, 873), (688, 893), (765, 892), (864, 892), (864, 869), (864, 846)],
    '10': [(1031, 914), (994, 986), (1142, 943), (1147, 946), (1188, 968), (1191, 963), (1185, 959), (1166, 893), (1130, 905), (1124, 887), (1105, 892), (1045, 859), (1032, 885), (1045, 893), (1049, 908)],
    '11': [(1216, 917), (1219, 997), (1174, 1080), (1187, 1087), (1170, 1115), (1203, 1115), (1262, 1006), (1261, 955), (1243, 947), (1243, 930)],
    '12': [(1077, 778), (1116, 843), (1163, 814), (1172, 816), (1179, 819), (1207, 868), (1271, 832), (1235, 770), (1192, 795), (1179, 791), (1169, 788), (1140, 740)],
    '13': [(498, 1186), (499, 1299), (541, 1299), (541, 1245), (540, 1186), (518, 1186)],
    '14': [(1148, 617), (1131, 647), (1121, 665), (1214, 716), (1241, 668), (1195, 643), (1198, 636), (1160, 615), (1157, 622)],
    '15': [(1024, 425), (1010, 451), (1014, 464), (1020, 467), (990, 522), (1019, 537), (1050, 480), (1039, 474), (1051, 454), (1051, 449), (1050, 445), (1048, 441), (1046, 437)],
    '16': [(1175, 570), (1258, 615), (1281, 628), (1308, 672), (1339, 654), (1312, 612), (1304, 600), (1278, 585), (1192, 538)],
    '17': [(793, 976), (793, 940), (762, 941), (733, 941), (733, 952), (734, 952), (734, 962), (729, 964), (729, 977), (762, 977)],
    '18': [(1130, 1325), (1066, 1364), (1066, 1449), (1128, 1491), (1154, 1464), (1168, 1430), (1170, 1390), (1153, 1354)],
    '19': [(1488, 568), (1454, 587), (1489, 644), (1496, 658), (1612, 658), (1612, 620), (1521, 619)],
    '20': [(514, 950), (515, 1046), (542, 1046), (570, 1046), (568, 949), (541, 949)],
    '21': [(594, 716), (596, 773), (662, 771), (662, 785), (687, 784), (687, 771), (748, 769), (746, 711)],
    '22': [(422, 779), (423, 829), (512, 827), (511, 777)],
    '23': [(1331, 893), (1300, 937), (1335, 961), (1366, 917), (1345, 902)],
    '24': [(589, 1010), (589, 1040), (611, 1040), (611, 1010)],
    '25': [(1694, 1439), (1553, 1441), (1553, 1504), (1579, 1504), (1622, 1503), (1695, 1502)],
    '26': [(1589, 735), (1631, 710), (1653, 746), (1611, 771)],
    '27': [(1637, 707), (1656, 740), (1695, 718), (1677, 685)],
    '28': [(1686, 1030), (1686, 1098), (1683, 1098), (1683, 1137), (1764, 1136), (1764, 1098), (1730, 1098), (1730, 1035), (1716, 1035), (1716, 1030), (1710, 1030)],
    '29': [(1128, 153), (1146, 118), (1193, 143), (1199, 131), (1204, 121), (1189, 113), (1206, 82), (1237, 98), (1271, 116), (1253, 149), (1219, 132), (1209, 151), (1293, 195), (1274, 230), (1194, 188)],
    '30': [(524, 823), (525, 757), (570, 758), (568, 824)],
    '31': [(1272, 414), (1392, 480), (1428, 538), (1457, 519), (1415, 452), (1313, 396), (1289, 383)],
    '32': [(1232, 497), (1311, 540), (1328, 549), (1365, 607), (1393, 589), (1352, 521), (1250, 465)],
    '33': [(1694, 1296), (1693, 1246), (1759, 1245), (1759, 1242), (1796, 1242), (1797, 1264), (1781, 1265), (1781, 1295)],
    '34': [(1679, 1356), (1758, 1352), (1760, 1385), (1681, 1389)],
    '35': [(1683, 871), (1682, 913), (1704, 913), (1703, 934), (1702, 969), (1707, 969), (1706, 1005), (1710, 1005), (1768, 1005), (1797, 1007), (1800, 874)],
    '36': [(1475, 333), (1455, 356), (1524, 414), (1544, 391)],
    '37': [(1392, 211), (1351, 250), (1395, 297), (1437, 258)],
    '38': [(1411, 725), (1386, 755), (1424, 789), (1471, 791), (1497, 793), (1509, 793), (1511, 759), (1441, 756)],
}
