BUILDING_POLY = {
    '00': [(859, 1327), (804, 1304), (816, 1258), (891, 1277), (888, 1286), (897, 1288), (888, 1323), (884, 1322), (879, 1343), (876, 1341)],
    '01': [(816, 1258), (891, 1277), (888, 1286), (897, 1288), (892, 1305), (888, 1323), (884, 1322), (879, 1343), (876, 1341), (859, 1327), (804, 1304)],
    '02': [(228, 669), (288, 655), (301, 664), (313, 783), (306, 793), (219, 813), (206, 805), (165, 693), (172, 681)],
    '03': [(172, 681), (228, 669), (288, 655), (301, 664), (313, 783), (306, 793), (219, 813), (206, 805), (165, 693)],
    '04': [(847, 1524), (840, 1551), (904, 1568), (904, 1565), (910, 1566), (910, 1568), (915, 1570), (940, 1575), (940, 1577), (972, 1586), (979, 1560), (947, 1551), (948, 1549), (947, 1548), (948, 1543), (981, 1550), (982, 1545), (992, 1547), (998, 1525), (988, 1523), (990, 1517), (954, 1507), (962, 1478), (943, 1472), (936, 1470), (935, 1472), (931, 1471), (899, 1463), (896, 1478), (891, 1499), (890, 1498), (886, 1514), (878, 1512), (877, 1516), (863, 1513), (860, 1522), (859, 1527)],
    '05': [(726, 1511), (715, 1557), (764, 1568), (775, 1532), (792, 1536), (824, 1545), (830, 1523), (796, 1512), (765, 1505), (760, 1521)],
    '06': [(840, 1340), (828, 1385), (819, 1388), (818, 1389), (814, 1408), (815, 1414), (819, 1415), (814, 1434), (808, 1459), (813, 1460), (834, 1465), (842, 1436), (848, 1438), (865, 1443), (891, 1450), (899, 1451), (902, 1440), (908, 1441), (912, 1424), (917, 1406), (911, 1405), (914, 1392), (849, 1375), (856, 1345), (854, 1345)],
    '07': [(884, 1322), (888, 1323), (913, 1330), (915, 1324), (905, 1321), (909, 1308), (972, 1325), (973, 1318), (985, 1321), (988, 1322), (987, 1323), (990, 1324), (991, 1325), (994, 1316), (994, 1317), (1056, 1333), (1058, 1323), (1073, 1326), (1071, 1336), (1087, 1340), (1078, 1374), (1088, 1377), (1085, 1388), (1083, 1387), (1075, 1385), (1071, 1397), (991, 1377), (990, 1380), (985, 1399), (975, 1396), (975, 1399), (964, 1395), (953, 1392), (955, 1385), (951, 1384), (957, 1365), (879, 1343)],
    '08': [(949, 1252), (959, 1215), (963, 1217), (966, 1207), (951, 1203), (962, 1165), (993, 1173), (992, 1179), (1017, 1186), (1040, 1192), (1042, 1186), (1073, 1194), (1065, 1224), (1064, 1229), (1051, 1279), (1008, 1268), (1000, 1266)],
    '09': [(1235, 1594), (1221, 1647), (1315, 1672), (1329, 1619), (1268, 1603)],
    '10': [(1647, 1068), (1645, 1077), (1635, 1110), (1632, 1123), (1698, 1143), (1701, 1135), (1859, 1179), (1857, 1186), (1924, 1204), (1940, 1148), (1916, 1142), (1887, 1134), (1888, 1130), (1703, 1078), (1702, 1082)],
    '11': [(1408, 1282), (1416, 1284), (1437, 1290), (1438, 1289), (1444, 1291), (1454, 1252), (1456, 1253), (1461, 1254), (1463, 1252), (1466, 1252), (1471, 1253), (1470, 1258), (1473, 1259), (1475, 1260), (1477, 1255), (1482, 1256), (1483, 1257), (1485, 1259), (1485, 1261), (1490, 1262), (1492, 1263), (1481, 1302), (1572, 1327), (1585, 1278), (1576, 1275), (1582, 1254), (1588, 1256), (1594, 1254), (1598, 1249), (1599, 1243), (1597, 1238), (1592, 1235), (1586, 1234), (1583, 1237), (1580, 1236), (1589, 1203), (1598, 1170), (1551, 1157), (1544, 1154), (1556, 1110), (1564, 1112), (1582, 1117), (1594, 1075), (1547, 1062), (1545, 1071), (1540, 1069), (1534, 1091), (1503, 1082), (1500, 1082), (1500, 1081), (1466, 1071), (1462, 1085), (1469, 1087), (1453, 1149), (1434, 1216), (1419, 1270), (1414, 1269), (1412, 1268), (1411, 1271)],
    '12': [(1240, 1237), (1268, 1136), (1317, 1149), (1319, 1141), (1310, 1139), (1315, 1118), (1324, 1121), (1325, 1117), (1326, 1113), (1349, 1119), (1355, 1120), (1355, 1122), (1354, 1125), (1353, 1128), (1323, 1244), (1331, 1245), (1330, 1249), (1327, 1260), (1314, 1257), (1308, 1255), (1304, 1264), (1296, 1268), (1288, 1270), (1279, 1269), (1271, 1266), (1265, 1258), (1263, 1247), (1264, 1243)],
    '13': [(1088, 1377), (1092, 1360), (1090, 1359), (1101, 1314), (1224, 1346), (1215, 1383), (1214, 1390), (1224, 1393), (1226, 1385), (1234, 1387), (1255, 1393), (1252, 1403), (1254, 1404), (1251, 1417), (1247, 1429), (1245, 1429), (1242, 1440), (1213, 1432), (1214, 1430), (1182, 1422), (1183, 1417), (1178, 1416), (1177, 1415), (1175, 1420), (1169, 1443), (1080, 1420), (1083, 1409), (1087, 1392), (1084, 1391), (1085, 1388)],
    '14': [(1323, 1103), (1298, 1096), (1311, 1044), (1337, 1051), (1330, 1076)],
    '15': [(1272, 1101), (1289, 1032), (1286, 1032), (1283, 1031), (1284, 1027), (1267, 1023), (1266, 1028), (1252, 1024), (1251, 1029), (1236, 1025), (1235, 1030), (1221, 1026), (1219, 1031), (1205, 1028), (1204, 1032), (1189, 1029), (1181, 1058), (1195, 1062), (1194, 1067), (1212, 1072), (1223, 1075), (1221, 1084), (1263, 1095), (1263, 1098)],
    '16': [(807, 1336), (788, 1331), (784, 1329), (753, 1445), (778, 1450), (782, 1462), (791, 1453), (791, 1452), (791, 1451), (802, 1405), (814, 1408), (818, 1389), (808, 1386), (820, 1340), (822, 1341), (822, 1339), (818, 1326)],
    '17': [(998, 1525), (1005, 1495), (1025, 1500), (1032, 1502), (1025, 1528), (1028, 1530), (1029, 1528), (1061, 1536), (1067, 1511), (1086, 1516), (1094, 1518), (1086, 1544), (1122, 1552), (1129, 1527), (1148, 1532), (1156, 1534), (1149, 1560), (1188, 1572), (1191, 1561), (1220, 1568), (1217, 1580), (1219, 1581), (1216, 1596), (1212, 1605), (1210, 1605), (1207, 1616), (1179, 1609), (1181, 1597), (1171, 1595), (1163, 1630), (1135, 1622), (1143, 1591), (1109, 1584), (1106, 1583), (1098, 1612), (1072, 1604), (1081, 1573), (1045, 1564), (1036, 1595), (1012, 1590), (1019, 1557), (992, 1550), (992, 1549), (992, 1547)],
    '18': [(862, 1180), (875, 1184), (871, 1199), (905, 1202), (908, 1194), (926, 1199), (922, 1210), (947, 1217), (933, 1271), (930, 1285), (928, 1291), (892, 1281), (898, 1261), (900, 1252), (864, 1243), (865, 1236), (841, 1231), (846, 1213), (852, 1214)],
    '19': [(903, 1180), (842, 1164), (834, 1162), (855, 1055), (870, 1054), (907, 1051), (907, 1056), (913, 1056), (915, 1072), (911, 1072), (917, 1140), (911, 1140), (908, 1148), (913, 1150)],
    '20': [(929, 1027), (935, 1136), (961, 1135), (959, 1103), (958, 1076), (961, 1075), (997, 1074), (1000, 1081), (1003, 1085), (1009, 1089), (1017, 1090), (1023, 1089), (1029, 1085), (1033, 1079), (1035, 1072), (1069, 1070), (1073, 1070), (1076, 1128), (1104, 1127), (1099, 1019), (1071, 1020), (1072, 1035), (1014, 1038), (959, 1040), (957, 1040), (956, 1026)],
    '21': [(974, 1103), (975, 1133), (1001, 1131), (1064, 1128), (1063, 1099)],
    '22': [(1342, 1603), (1360, 1539), (1375, 1478), (1405, 1486), (1437, 1494), (1431, 1521), (1408, 1610), (1405, 1619)],
    '23': [(1490, 1538), (1513, 1544), (1536, 1549), (1501, 1661), (1499, 1660), (1497, 1666), (1488, 1663), (1459, 1655), (1464, 1635), (1466, 1629), (1465, 1629), (1466, 1625)],
    '24': [(1577, 1352), (1574, 1364), (1577, 1364), (1560, 1432), (1558, 1432), (1554, 1449), (1552, 1448), (1547, 1446), (1542, 1448), (1540, 1453), (1540, 1457), (1543, 1460), (1548, 1460), (1551, 1460), (1546, 1478), (1570, 1484), (1572, 1480), (1573, 1476), (1577, 1473), (1582, 1472), (1589, 1473), (1594, 1475), (1599, 1479), (1602, 1484), (1600, 1492), (1625, 1499), (1627, 1488), (1628, 1487), (1630, 1487), (1633, 1482), (1635, 1477), (1636, 1471), (1636, 1464), (1633, 1464), (1633, 1462), (1636, 1452), (1612, 1446), (1610, 1453), (1580, 1445), (1594, 1396), (1604, 1399), (1615, 1361), (1599, 1357)],
    '25': [(1769, 1468), (1826, 1436), (1836, 1454), (1833, 1455), (1781, 1485), (1788, 1497), (1789, 1499), (1771, 1510), (1757, 1486), (1756, 1486), (1706, 1515), (1702, 1508), (1700, 1509), (1698, 1510), (1691, 1499), (1763, 1458)],
    '26': [(1630, 1342), (1631, 1338), (1641, 1302), (1654, 1305), (1649, 1322), (1707, 1338), (1709, 1330), (1723, 1334), (1718, 1352), (1713, 1350), (1710, 1360), (1709, 1363)],
    '27': [(1739, 1340), (1734, 1360), (1736, 1361), (1735, 1367), (1732, 1374), (1746, 1378), (1746, 1376), (1803, 1392), (1803, 1394), (1803, 1396), (1804, 1397), (1806, 1398), (1808, 1399), (1809, 1398), (1811, 1398), (1812, 1397), (1814, 1390), (1820, 1400), (1832, 1403), (1843, 1397), (1847, 1382), (1844, 1375), (1849, 1356), (1845, 1355), (1846, 1351), (1834, 1348), (1833, 1352), (1828, 1350), (1828, 1346), (1815, 1343), (1813, 1349), (1808, 1366), (1779, 1358), (1750, 1351), (1751, 1344)],
    '28': [(1866, 1516), (1885, 1505), (1889, 1511), (1899, 1529), (1914, 1556), (1896, 1567)],
    '29': [(1906, 1493), (1925, 1483), (1955, 1534), (1936, 1544), (1920, 1517), (1910, 1499)],
    '30': [(1918, 1562), (1924, 1566), (1934, 1585), (1940, 1578), (1950, 1576), (1939, 1558), (1938, 1550), (1960, 1546), (1986, 1593), (1979, 1601), (1982, 1608), (1970, 1612), (1960, 1595), (1945, 1603), (1955, 1620), (1941, 1632), (1929, 1626), (1903, 1579)],
    '31': [(1869, 1560), (1879, 1576), (1826, 1606), (1817, 1590)],
    '32': [(1889, 1595), (1898, 1612), (1845, 1642), (1837, 1625)],
    '33': [(1924, 1621), (1934, 1636), (1876, 1670), (1867, 1654)],
    '34': [(2083, 1387), (2093, 1409), (2081, 1415), (2071, 1393)],
    '35': [(2123, 1361), (2134, 1380), (2100, 1399), (2089, 1380)],
    '36': [(2058, 1411), (2079, 1448), (2064, 1457), (2043, 1419)],
    '37': [(1999, 1444), (2020, 1481), (2035, 1473), (2014, 1436)],
    '38': [(2021, 1483), (2036, 1474), (2057, 1511), (2042, 1519)],
    '39': [(2075, 1474), (2103, 1459), (2107, 1467), (2097, 1473), (2101, 1481), (2084, 1491)],
    '40': [(1928, 1477), (1949, 1465), (1962, 1487), (1940, 1499)],
    '41': [(1957, 1461), (1988, 1443), (2000, 1464), (1969, 1482)],
    '42': [(1963, 1532), (1976, 1555), (1998, 1542), (1985, 1520)],
    '43': [(1979, 1487), (2008, 1540), (2031, 1527), (2000, 1474)],
    '44': [(1397, 737), (1410, 736), (1409, 728), (1416, 728), (1415, 732), (1425, 734), (1427, 718), (1433, 719), (1435, 710), (1433, 710), (1434, 706), (1423, 703), (1424, 699), (1423, 695), (1431, 694), (1430, 685), (1428, 685), (1426, 635), (1412, 636), (1413, 644), (1407, 643), (1407, 642), (1405, 642), (1405, 639), (1395, 639), (1397, 680), (1394, 680)],
    '45': [(1329, 607), (1330, 629), (1395, 626), (1397, 625), (1402, 625), (1401, 610), (1396, 610), (1395, 604), (1385, 604)],
    '46': [(1400, 606), (1424, 605), (1423, 590), (1424, 589), (1425, 588), (1425, 586), (1425, 584), (1425, 583), (1425, 582), (1424, 581), (1423, 580), (1422, 579), (1422, 563), (1423, 562), (1424, 560), (1424, 559), (1424, 557), (1424, 556), (1423, 554), (1422, 553), (1421, 552), (1420, 538), (1396, 539)],
    '47': [(1325, 521), (1325, 543), (1382, 541), (1392, 541), (1392, 533), (1397, 533), (1397, 520), (1391, 520), (1391, 519)],
    '48': [(1166, 1276), (1157, 1272), (1143, 1264), (1138, 1262), (1134, 1276), (1125, 1271), (1116, 1266), (1119, 1260), (1101, 1257), (1081, 1255), (1084, 1231), (1064, 1229), (1065, 1224), (1099, 1227), (1112, 1194), (1117, 1170), (1119, 1163), (1133, 1167), (1135, 1159), (1174, 1169), (1182, 1149), (1165, 1143), (1161, 1142), (1130, 1130), (1130, 1101), (1155, 1102), (1209, 1102), (1209, 1110), (1212, 1110), (1212, 1107), (1221, 1107), (1215, 1145), (1218, 1146), (1216, 1163), (1201, 1160), (1203, 1149), (1194, 1146), (1191, 1153), (1186, 1151), (1179, 1170), (1198, 1175), (1213, 1180), (1194, 1205), (1188, 1214), (1187, 1217), (1180, 1241), (1156, 1238), (1154, 1241), (1153, 1244), (1175, 1260), (1172, 1265), (1172, 1267)],
    '49': [(1553, 862), (1557, 854), (1560, 856), (1563, 850), (1577, 855), (1588, 836), (1582, 834), (1587, 821), (1571, 814), (1574, 808), (1570, 805), (1575, 798), (1608, 810), (1594, 842), (1600, 844), (1588, 875)],
    '50': [(1509, 914), (1517, 897), (1530, 902), (1535, 888), (1556, 897), (1550, 910), (1562, 915), (1555, 933)],
    '51': [(1496, 786), (1509, 753), (1541, 769), (1545, 762), (1556, 766), (1558, 760), (1583, 771), (1575, 790), (1562, 784), (1559, 789), (1535, 777), (1534, 781), (1517, 774), (1513, 787), (1504, 785), (1503, 790)],
    '52': [(1488, 912), (1443, 893), (1451, 874), (1464, 880), (1469, 866), (1491, 875), (1485, 889), (1496, 893)],
    '53': [(1507, 981), (1512, 955), (1500, 953), (1502, 943), (1491, 941), (1484, 976)],
    '54': [(1441, 976), (1422, 969), (1427, 956), (1414, 951), (1423, 929), (1437, 934), (1442, 922), (1460, 930)],
    '55': [(1577, 939), (1581, 929), (1623, 947), (1630, 929), (1589, 911), (1594, 901), (1649, 925), (1632, 963)],
    '56': [(1565, 959), (1557, 977), (1569, 983), (1563, 997), (1584, 1006), (1590, 991), (1603, 997), (1610, 979)],
    '57': [(1639, 759), (1626, 753), (1637, 726), (1659, 734), (1654, 744), (1647, 741)],
    '58': [(461, 702), (469, 782), (443, 785), (435, 705)],
    '59': [(467, 804), (528, 798), (532, 835), (544, 833), (548, 874), (486, 880), (482, 849), (471, 851), (467, 806)],
    '60': [(343, 781), (342, 772), (341, 760), (341, 750), (334, 706), (328, 644), (331, 639), (397, 622), (403, 623), (405, 625), (407, 628), (411, 631), (415, 633), (414, 636), (415, 638), (419, 639), (419, 633), (424, 632), (432, 632), (434, 658), (423, 659), (425, 684), (372, 687), (374, 702), (375, 708), (404, 706), (410, 775)],
    '61': [(609, 767), (606, 740), (634, 737), (637, 764)],
    '62': [(644, 758), (640, 724), (692, 718), (696, 753)],
    '63': [(181, 469), (169, 444), (208, 425), (221, 451), (206, 459), (199, 444), (189, 449), (195, 462)],
    '64': [(383, 317), (350, 332), (338, 308), (372, 293)],
    '65': [(585, 947), (583, 921), (588, 921), (620, 917), (644, 915), (646, 940), (586, 946)],
    '66': [(104, 503), (143, 487), (155, 514), (234, 480), (222, 453), (176, 473), (164, 444), (133, 457), (129, 448), (88, 466)],
    '67': [(639, 953), (647, 952), (646, 940), (586, 946), (587, 958)],
    '68': [(589, 890), (612, 888), (612, 889), (620, 888), (621, 902), (618, 902), (619, 905), (621, 905), (620, 917), (588, 921)],
    '69': [(1000, 1266), (1008, 1268), (994, 1317), (994, 1316), (991, 1325), (987, 1323), (988, 1322), (985, 1321)],
    '70': [(419, 777), (413, 725), (429, 723), (434, 771), (439, 770), (439, 775)],
    '71': [(585, 868), (581, 828), (574, 829), (573, 812), (587, 811), (586, 799), (570, 800), (569, 790), (602, 786), (603, 794), (607, 794), (606, 790), (611, 789), (613, 811), (617, 843), (608, 844), (611, 865)],
    '72': [(2113, 1496), (2109, 1489), (2116, 1485), (2120, 1492)],
    '73': [(1228, 580), (1214, 580), (1214, 561), (1227, 561)],
    '74': [(1297, 700), (1282, 701), (1282, 678), (1305, 678), (1305, 691), (1297, 692)],
    '75': [(1233, 704), (1222, 705), (1221, 689), (1219, 689), (1218, 677), (1237, 677), (1237, 698), (1233, 699)],
    '76': [(1288, 632), (1275, 632), (1274, 611), (1306, 610), (1307, 624), (1288, 624)],
    '77': [(1307, 539), (1270, 541), (1270, 527), (1307, 526)],
    '78': [(1228, 613), (1214, 614), (1214, 601), (1217, 601), (1216, 588), (1234, 588), (1234, 599), (1228, 600)],
    '79': [(1228, 644), (1218, 644), (1217, 629), (1216, 629), (1215, 617), (1233, 617), (1233, 629), (1228, 629)],
    '80': [(1292, 662), (1277, 662), (1277, 645), (1292, 644), (1292, 649), (1308, 648), (1309, 658), (1292, 659)],
    '81': [(1304, 593), (1272, 594), (1272, 580), (1291, 579), (1292, 586), (1304, 586)],
    '82': [(1235, 669), (1223, 669), (1223, 660), (1209, 661), (1208, 648), (1234, 648)],
    '83': [(1226, 550), (1211, 551), (1210, 534), (1225, 534)],
    '84': [(1112, 669), (1092, 669), (1092, 659), (1091, 650), (1111, 649), (1110, 637), (1091, 637), (1090, 618), (1110, 617), (1109, 605), (1089, 605), (1089, 585), (1099, 585), (1098, 572), (1088, 573), (1088, 553), (1108, 553), (1108, 562), (1111, 561), (1111, 557), (1116, 557), (1115, 553), (1132, 552), (1156, 551), (1157, 591), (1153, 592), (1154, 611), (1150, 612), (1150, 627), (1158, 627), (1159, 636), (1163, 636), (1164, 643), (1169, 642), (1170, 666), (1120, 668), (1119, 663), (1115, 663), (1114, 660), (1111, 660)],
    '85': [(1308, 893), (1310, 888), (1289, 879), (1311, 829), (1306, 827), (1313, 812), (1322, 816), (1316, 830), (1317, 831), (1321, 823), (1323, 824), (1337, 792), (1335, 791), (1336, 788), (1339, 789), (1348, 767), (1351, 768), (1358, 752), (1382, 763), (1386, 753), (1394, 756), (1394, 757), (1403, 761), (1407, 753), (1424, 761), (1417, 777), (1420, 778), (1419, 780), (1417, 780), (1413, 792), (1405, 788), (1406, 787), (1392, 781), (1393, 779), (1378, 773), (1375, 780), (1372, 778), (1368, 787), (1365, 786), (1353, 813), (1357, 815), (1351, 828), (1352, 828), (1354, 831), (1353, 833), (1384, 847), (1385, 844), (1391, 846), (1382, 867), (1370, 862), (1369, 865), (1362, 881), (1339, 871), (1338, 872), (1332, 869), (1327, 867), (1321, 879), (1314, 896)],
    '86': [(1154, 817), (1144, 818), (1119, 819), (1099, 820), (1069, 822), (1053, 823), (1021, 885), (999, 932), (934, 935), (934, 937), (935, 957), (927, 957), (925, 974), (936, 973), (937, 985), (977, 988), (993, 979), (997, 982), (1001, 987), (1021, 976), (1084, 972), (1108, 925), (1111, 919), (1087, 906), (1097, 886), (1108, 865), (1129, 864), (1141, 841)],
    '87': [(1754, 1330), (1754, 1334), (1752, 1348), (1779, 1356), (1779, 1358), (1808, 1366), (1813, 1349), (1810, 1348), (1811, 1344), (1805, 1343), (1806, 1342), (1802, 1341), (1798, 1339), (1794, 1338), (1791, 1337), (1787, 1336), (1784, 1335), (1781, 1334), (1781, 1337)],
    '88': [(1288, 955), (1287, 959), (1298, 965), (1300, 961)],
    '89': [(853, 1521), (860, 1522), (863, 1513), (877, 1516), (878, 1512), (886, 1514), (890, 1498), (891, 1499), (896, 1478), (885, 1476), (889, 1458), (891, 1450), (865, 1443), (862, 1459), (863, 1469), (857, 1492), (854, 1492), (853, 1498), (851, 1504), (856, 1505)],
    '90': [(1288, 885), (1308, 893), (1314, 896), (1362, 916), (1353, 936), (1311, 918), (1304, 935), (1303, 935), (1301, 938), (1294, 935), (1293, 937), (1291, 936), (1290, 936), (1291, 934), (1290, 934), (1292, 930), (1285, 927), (1292, 909), (1280, 904)],
    '91': [(1422, 1621), (1426, 1622), (1455, 1630), (1459, 1631), (1458, 1633), (1464, 1635), (1459, 1655), (1488, 1663), (1479, 1696), (1480, 1696), (1476, 1710), (1458, 1705), (1457, 1709), (1397, 1694), (1401, 1676), (1395, 1674), (1406, 1631), (1419, 1635)],
    '92': [(1664, 1564), (1601, 1549), (1569, 1670), (1555, 1666), (1541, 1720), (1570, 1726), (1564, 1750), (1614, 1762), (1638, 1668), (1644, 1642)],
    '93': [(1728, 1006), (1725, 1034), (1924, 1057), (1923, 1077), (1951, 1085), (1966, 1008), (1880, 997), (1877, 1018)],
    '94': [(816, 1258), (891, 1277), (888, 1286), (897, 1288), (892, 1305), (888, 1323), (884, 1322), (879, 1343), (876, 1341), (859, 1327), (804, 1304)],
}
