BUILDING_POLY = {
    '00': [(907, 1519), (918, 1478), (884, 1469), (888, 1452), (920, 1460), (924, 1446), (943, 1451), (918, 1541), (930, 1563), (918, 1570), (900, 1537), (865, 1528), (820, 1546), (811, 1523), (839, 1512), (855, 1506), (862, 1504), (868, 1518), (896, 1525), (898, 1516)],
    '01': [(806, 1389), (761, 1428), (739, 1404), (761, 1387), (745, 1369), (783, 1335), (817, 1337), (851, 1371), (833, 1389), (807, 1366), (795, 1377)],
    '02': [(1839, 736), (1821, 694), (1810, 699), (1806, 688), (1803, 690), (1797, 676), (1829, 663), (1831, 669), (1859, 657), (1856, 649), (1866, 644), (1869, 652), (1905, 637), (1902, 632), (1933, 619), (1937, 629), (1935, 630), (1941, 644), (1928, 650), (1929, 652), (1946, 691), (1968, 682), (1978, 707), (1941, 722), (1937, 724), (1866, 754), (1861, 755), (1826, 770), (1816, 745)],
    '03': [(1904, 921), (1893, 925), (1877, 884), (1862, 847), (1845, 853), (1831, 819), (1871, 803), (1873, 810), (1924, 790), (1988, 765), (1999, 792), (2004, 805), (2030, 871), (2034, 881), (1908, 931)],
    '04': [(1183, 705), (1194, 702), (1191, 690), (1180, 694), (1170, 653), (1199, 645), (1227, 638), (1228, 644), (1241, 641), (1252, 684), (1265, 735), (1260, 744), (1258, 742), (1255, 741), (1243, 761), (1228, 788), (1205, 794)],
    '05': [(1576, 691), (1559, 649), (1577, 642), (1584, 660), (1628, 642), (1623, 630), (1635, 624), (1646, 620), (1651, 633), (1703, 612), (1692, 585), (1705, 580), (1716, 607), (1726, 630), (1658, 658), (1664, 672), (1656, 675), (1648, 679), (1642, 664)],
    '06': [(2100, 1334), (2113, 1334), (2116, 1384), (2105, 1384), (2063, 1387), (2036, 1388), (2034, 1338), (2045, 1337), (2044, 1319), (2099, 1315)],
    '07': [(1738, 1585), (1701, 1584), (1702, 1558), (1747, 1559), (1762, 1569), (1772, 1579), (1785, 1618), (1759, 1626), (1751, 1595)],
    '08': [(557, 1643), (507, 1692), (542, 1726), (591, 1678)],
    '09': [(566, 1628), (604, 1669), (638, 1635), (616, 1614), (627, 1604), (670, 1563), (672, 1561), (678, 1556), (718, 1596), (778, 1655), (791, 1643), (779, 1631), (747, 1597), (675, 1524)],
    '10': [(790, 1667), (799, 1676), (827, 1707), (838, 1719), (846, 1727), (878, 1761), (850, 1787), (819, 1815), (832, 1828), (904, 1761), (874, 1728), (846, 1702), (803, 1655)],
    '11': [(1201, 969), (1191, 1001), (1179, 1038), (1248, 1060), (1260, 1023), (1270, 991)],
    '12': [(1883, 1559), (1894, 1590), (1948, 1573), (1959, 1587), (1974, 1575), (1972, 1572), (1963, 1560), (1973, 1549), (2007, 1483), (1979, 1469), (1943, 1540), (1909, 1551)],
    '13': [(1006, 942), (989, 956), (1023, 997), (1041, 983), (1035, 976), (1065, 952), (1094, 928), (1099, 934), (1115, 921), (1083, 882), (1069, 893), (1072, 897), (1040, 924), (1011, 948)],
    '14': [(1083, 996), (1038, 1033), (1059, 1058), (1077, 1044), (1086, 1046), (1095, 1048), (1111, 1068), (1138, 1046), (1098, 996), (1090, 996)],
    '15': [(1258, 555), (1264, 580), (1295, 572), (1298, 583), (1307, 581), (1314, 579), (1311, 567), (1339, 560), (1344, 577), (1363, 571), (1362, 567), (1353, 532), (1317, 541), (1316, 532), (1290, 539), (1290, 542), (1291, 546)],
    '16': [(1330, 331), (1332, 383), (1360, 382), (1359, 330)],
    '17': [(832, 1435), (828, 1449), (876, 1460), (880, 1447)],
    '18': [(727, 1465), (785, 1532), (819, 1502), (809, 1491), (761, 1436)],
    '19': [(719, 1078), (714, 1093), (785, 1113), (852, 1132), (861, 1102), (833, 1094), (827, 1108), (799, 1099), (801, 1092), (780, 1085), (777, 1093)],
    '20': [(537, 1083), (540, 1096), (615, 1078), (619, 1086), (626, 1089), (633, 1085), (634, 1079), (709, 1092), (712, 1072), (623, 1056), (614, 1064)],
    '21': [(517, 1086), (537, 1103), (487, 1161), (493, 1165), (475, 1186), (463, 1176), (415, 1233), (382, 1205), (391, 1195), (408, 1208), (445, 1165), (440, 1161), (462, 1136), (470, 1142)],
    '22': [(511, 1230), (535, 1249), (583, 1188), (591, 1185), (642, 1192), (641, 1198), (671, 1202), (676, 1168), (648, 1164), (647, 1174), (640, 1173), (643, 1157), (626, 1154), (577, 1147), (522, 1216)],
    '23': [(1433, 980), (1481, 994), (1475, 1011), (1502, 1023), (1492, 1054), (1503, 1059), (1486, 1111), (1440, 1093), (1456, 1051), (1412, 1036), (1421, 1012)],
    '24': [(1518, 1237), (1509, 1234), (1498, 1226), (1493, 1214), (1494, 1201), (1501, 1192), (1512, 1185), (1529, 1186), (1539, 1194), (1545, 1203), (1644, 1178), (1652, 1205), (1526, 1238)],
    '25': [(1699, 1179), (1689, 1155), (1777, 1119), (1787, 1143), (1739, 1163), (1741, 1167), (1735, 1169), (1724, 1174), (1722, 1170)],
    '26': [(1803, 1109), (1850, 1089), (1905, 1066), (1911, 1080), (1906, 1082), (1911, 1092), (1898, 1098), (1900, 1103), (1832, 1132), (1830, 1128), (1813, 1135)],
    '27': [(588, 1518), (606, 1537), (671, 1478), (639, 1442), (626, 1454), (630, 1459), (622, 1467), (632, 1477), (626, 1483), (619, 1489)],
    '28': [(1681, 878), (1693, 907), (1740, 888), (1744, 897), (1752, 893), (1760, 890), (1757, 883), (1794, 868), (1781, 838)],
    '29': [(1962, 1115), (2038, 1085), (2048, 1109), (1972, 1138)],
    '30': [(1934, 1032), (1947, 1026), (1954, 1043), (1960, 1040), (1962, 1045), (2026, 1020), (2037, 1046), (1966, 1074), (1961, 1062), (1948, 1067)],
    '31': [(1921, 1006), (1929, 1023), (1968, 1007), (1965, 999), (1961, 990)],
    '32': [(1468, 747), (1494, 737), (1491, 728), (1496, 726), (1531, 712), (1520, 684), (1486, 697), (1453, 710)],
    '33': [(1377, 1186), (1384, 1188), (1418, 1200), (1448, 1212), (1461, 1178), (1451, 1175), (1468, 1130), (1419, 1111), (1401, 1160), (1388, 1156), (1380, 1178), (1378, 1183)],
    '34': [(2030, 1290), (2060, 1288), (2088, 1286), (2101, 1292), (2102, 1315), (2029, 1319), (2028, 1303), (2031, 1303)],
    '35': [(2039, 929), (2075, 911), (2085, 934), (2050, 951)],
    '36': [(1337, 1686), (1359, 1687), (1359, 1706), (1336, 1705)],
    '37': [(1327, 1212), (1294, 1201), (1264, 1191), (1272, 1168), (1275, 1169), (1280, 1170), (1332, 1189), (1335, 1189)],
    '38': [(1848, 501), (1860, 531), (1894, 517), (1882, 487)],
    '39': [(2096, 1424), (2090, 1421), (2014, 1553), (2021, 1557), (2022, 1568), (2032, 1574), (2040, 1560), (2049, 1565), (2076, 1518), (2084, 1503), (2089, 1506), (2122, 1449), (2126, 1442), (2103, 1429), (2107, 1422), (2110, 1423), (2134, 1399), (2122, 1388), (2096, 1415), (2099, 1418)],
    '40': [(1551, 597), (1539, 569), (1597, 546), (1614, 539), (1660, 520), (1665, 518), (1674, 541), (1677, 547), (1669, 550), (1604, 576)],
    '41': [(547, 1485), (606, 1432), (577, 1400), (518, 1453)],
    '42': [(492, 1414), (518, 1389), (499, 1372), (482, 1389), (474, 1383), (477, 1380), (460, 1360), (447, 1374), (451, 1378), (446, 1385), (459, 1398), (463, 1394), (472, 1404), (462, 1406), (461, 1417), (464, 1424), (474, 1425), (484, 1419)],
    '43': [(401, 1413), (451, 1364), (436, 1349), (416, 1370), (411, 1365), (393, 1383), (383, 1373), (373, 1384)],
    '44': [(384, 1336), (414, 1365), (432, 1346), (406, 1321), (402, 1317)],
    '45': [(118, 1740), (139, 1721), (144, 1716), (148, 1713), (169, 1694), (157, 1681), (133, 1655), (124, 1663), (130, 1670), (126, 1673), (121, 1678), (88, 1708)],
    '46': [(96, 1621), (99, 1618), (105, 1626), (102, 1629)],
    '47': [(133, 1788), (139, 1794), (145, 1788), (139, 1782)],
    '48': [(405, 1819), (462, 1819), (523, 1819), (523, 1774), (514, 1774), (514, 1766), (514, 1763), (514, 1743), (420, 1743), (420, 1772), (436, 1772), (436, 1789), (405, 1788)],
    '49': [(514, 1766), (532, 1765), (532, 1772), (549, 1771), (550, 1794), (536, 1794), (536, 1813), (576, 1813), (575, 1755), (554, 1756), (554, 1740), (526, 1741), (526, 1763), (514, 1763)],
    '50': [(743, 1843), (803, 1843), (803, 1808), (743, 1808)],
    '51': [(348, 1620), (374, 1597), (363, 1584), (337, 1608)],
    '52': [(388, 1658), (398, 1669), (435, 1636), (425, 1624), (412, 1636)],
    '53': [(408, 1669), (417, 1661), (433, 1678), (424, 1686)],
    '54': [(420, 1656), (439, 1677), (451, 1667), (432, 1646)],
    '55': [(433, 1645), (438, 1641), (456, 1662), (451, 1666)],
    '56': [(423, 1695), (439, 1681), (454, 1698), (437, 1712)],
    '57': [(441, 1679), (453, 1668), (467, 1685), (455, 1695)],
    '58': [(375, 1595), (378, 1598), (383, 1594), (381, 1591)],
    '59': [(387, 1597), (391, 1594), (386, 1588), (382, 1591)],
    '60': [(403, 1626), (409, 1621), (389, 1598), (382, 1604)],
    '61': [(429, 1621), (439, 1633), (452, 1623), (441, 1611)],
    '62': [(419, 1615), (472, 1568), (461, 1556), (409, 1603)],
    '63': [(408, 1602), (460, 1555), (449, 1543), (397, 1590)],
    '64': [(397, 1589), (449, 1543), (439, 1531), (386, 1577)],
    '65': [(386, 1576), (438, 1530), (427, 1518), (375, 1564)],
    '66': [(445, 1603), (480, 1572), (487, 1579), (451, 1610)],
    '67': [(452, 1611), (488, 1580), (494, 1587), (459, 1619)],
    '68': [(460, 1619), (495, 1588), (502, 1595), (466, 1627)],
    '69': [(311, 1570), (341, 1542), (349, 1550), (319, 1579), (315, 1575)],
    '70': [(253, 1542), (259, 1549), (262, 1545), (256, 1539)],
    '71': [(355, 1548), (367, 1537), (294, 1459), (282, 1470)],
    '72': [(367, 1532), (379, 1521), (371, 1513), (359, 1524)],
    '73': [(313, 1475), (324, 1463), (316, 1455), (305, 1467)],
    '74': [(322, 1484), (333, 1473), (325, 1465), (314, 1476)],
    '75': [(331, 1493), (342, 1482), (334, 1474), (323, 1485)],
    '76': [(339, 1504), (351, 1492), (343, 1484), (331, 1496)],
    '77': [(348, 1513), (360, 1501), (352, 1493), (340, 1505)],
    '78': [(357, 1522), (369, 1511), (361, 1503), (349, 1514)],
    '79': [(303, 1465), (314, 1454), (306, 1446), (295, 1457)],
    '80': [(314, 1434), (356, 1398), (368, 1410), (325, 1447)],
    '81': [(325, 1447), (338, 1462), (381, 1425), (368, 1410)],
    '82': [(349, 1456), (363, 1472), (398, 1442), (383, 1426)],
    '83': [(384, 1517), (401, 1501), (370, 1469), (354, 1484)],
    '84': [(385, 1479), (392, 1473), (393, 1475), (405, 1465), (403, 1463), (410, 1457), (403, 1448), (395, 1455), (393, 1452), (384, 1459), (385, 1461), (376, 1468)],
    '85': [(232, 1490), (254, 1471), (222, 1436), (201, 1455)],
    '86': [(289, 1399), (285, 1415), (184, 1391), (188, 1374)],
    '87': [(271, 1440), (280, 1442), (286, 1417), (277, 1415)],
    '88': [(257, 1435), (266, 1437), (272, 1412), (263, 1410)],
    '89': [(244, 1432), (252, 1434), (258, 1409), (249, 1407)],
    '90': [(221, 1427), (230, 1429), (236, 1404), (227, 1402)],
    '91': [(207, 1424), (216, 1426), (222, 1401), (213, 1399)],
    '92': [(194, 1421), (203, 1423), (209, 1398), (200, 1396)],
    '93': [(180, 1417), (188, 1419), (194, 1394), (185, 1392)],
    '94': [(165, 1413), (175, 1416), (183, 1387), (172, 1385)],
    '95': [(231, 1430), (237, 1431), (243, 1406), (238, 1405)],
    '96': [(264, 1353), (310, 1404), (326, 1390), (280, 1338)],
    '97': [(284, 1336), (332, 1389), (347, 1376), (299, 1323)],
    '98': [(242, 1366), (295, 1320), (271, 1293), (218, 1338)],
    '99': [(268, 1380), (275, 1374), (261, 1357), (254, 1364)],
    '100': [(207, 1366), (227, 1349), (216, 1338), (197, 1355), (202, 1360)],
    '101': [(241, 1307), (261, 1292), (253, 1282), (233, 1297)],
    '102': [(143, 1298), (169, 1279), (180, 1294), (154, 1313)],
    '103': [(221, 1216), (244, 1194), (288, 1242), (269, 1259), (261, 1250), (267, 1246), (251, 1228), (253, 1227), (243, 1216), (231, 1227)],
    '104': [(188, 1276), (194, 1284), (228, 1255), (222, 1248)],
    '105': [(177, 1265), (186, 1276), (191, 1272), (182, 1261)],
    '106': [(210, 1233), (221, 1246), (192, 1270), (181, 1257)],
    '107': [(366, 1317), (383, 1335), (401, 1317), (383, 1300)],
    '108': [(335, 1285), (365, 1316), (381, 1299), (352, 1269)],
    '109': [(324, 1275), (334, 1285), (346, 1273), (336, 1263)],
    '110': [(290, 1297), (310, 1280), (328, 1265), (313, 1248), (279, 1278), (276, 1281)],
    '111': [(272, 1269), (296, 1248), (303, 1256), (278, 1276)],
    '112': [(298, 1247), (311, 1237), (316, 1243), (304, 1253)],
    '113': [(316, 1245), (329, 1259), (333, 1256), (341, 1264), (346, 1259), (326, 1237)],
    '114': [(297, 1296), (310, 1309), (325, 1295), (313, 1282)],
    '115': [(337, 1351), (358, 1333), (376, 1354), (354, 1371)],
    '116': [(471, 1719), (491, 1719), (491, 1731), (471, 1731)],
    '117': [(501, 1543), (519, 1526), (476, 1479), (474, 1481), (467, 1474), (453, 1486), (460, 1494), (458, 1496)],
    '118': [(536, 1501), (539, 1504), (542, 1507), (545, 1510), (574, 1485), (567, 1477), (565, 1475), (546, 1492)],
    '119': [(530, 1570), (537, 1563), (541, 1559), (566, 1536), (580, 1551), (544, 1585)],
    '120': [(491, 1567), (505, 1553), (541, 1591), (550, 1583), (561, 1594), (538, 1616)],
    '121': [(573, 1575), (580, 1583), (584, 1579), (577, 1571)],
    '122': [(563, 1595), (577, 1582), (567, 1572), (553, 1585)],
    '123': [(834, 1666), (817, 1646), (826, 1638), (843, 1657)],
    '124': [(274, 1107), (295, 1125), (304, 1115), (307, 1118), (320, 1104), (333, 1090), (344, 1077), (339, 1072), (346, 1064), (332, 1052), (327, 1047), (325, 1050), (315, 1060), (309, 1054), (301, 1048), (273, 1079), (288, 1092)],
    '125': [(379, 1148), (399, 1124), (388, 1116), (399, 1103), (407, 1110), (425, 1089), (388, 1059), (372, 1078), (373, 1079), (382, 1086), (372, 1098), (365, 1092), (353, 1106), (372, 1122), (362, 1133)],
    '126': [(884, 1379), (923, 1393), (921, 1398), (930, 1401), (931, 1397), (936, 1399), (941, 1394), (944, 1398), (999, 1350), (988, 1291), (994, 1281), (1028, 1252), (1025, 1249), (1030, 1245), (1014, 1227), (1005, 1234), (1000, 1231), (966, 1260), (969, 1264), (962, 1270), (967, 1276), (960, 1289), (970, 1337), (967, 1338), (961, 1343), (930, 1369), (889, 1357), (891, 1353), (881, 1350), (876, 1365)],
    '127': [(927, 1349), (947, 1332), (950, 1335), (952, 1334), (961, 1343), (967, 1338), (961, 1332), (957, 1335), (954, 1331), (951, 1317), (946, 1318), (944, 1318), (941, 1304), (930, 1300), (923, 1305), (899, 1296), (887, 1309), (892, 1332), (915, 1338), (918, 1345), (923, 1345)],
    '128': [(1125, 1011), (1128, 1007), (1137, 1000), (1148, 994), (1151, 995), (1167, 1013), (1169, 1040), (1270, 1073), (1282, 1077), (1284, 1085), (1272, 1120), (1259, 1120), (1242, 1108), (1235, 1113), (1180, 1101), (1169, 1106), (1143, 1116), (1137, 1114), (1126, 1099), (1115, 1085), (1117, 1076), (1127, 1068), (1123, 1063), (1134, 1052), (1138, 1048), (1139, 1029)],
    '129': [(1384, 1573), (1407, 1579), (1415, 1545), (1392, 1539)],
    '130': [(878, 1083), (882, 1084), (904, 1089), (908, 1090), (915, 1092), (916, 1090), (943, 1097), (946, 1085), (949, 1085), (952, 1086), (953, 1081), (950, 1081), (948, 1080), (951, 1068), (914, 1058), (890, 1052), (896, 1028), (873, 1022), (865, 1055), (867, 1056), (863, 1074), (870, 1076), (871, 1072), (880, 1075)],
    '131': [(943, 1051), (953, 1053), (950, 1065), (940, 1062)],
    '132': [(949, 1112), (976, 1118), (982, 1092), (994, 1043), (996, 1040), (998, 1029), (1000, 1018), (996, 1012), (974, 1006), (972, 1008), (932, 998), (930, 1007), (926, 1006), (922, 1022), (958, 1031), (965, 1032), (967, 1036)],
    '133': [(819, 1013), (863, 1004), (886, 999), (885, 991), (884, 985), (895, 983), (891, 962), (878, 964), (873, 943), (807, 956), (811, 979), (819, 977), (820, 986), (814, 987), (815, 992)],
    '134': [(999, 932), (1010, 922), (1022, 936), (1011, 946)],
    '135': [(1085, 870), (1127, 853), (1133, 850), (1137, 859), (1183, 840), (1172, 811), (1128, 828), (1127, 824), (1122, 813), (1103, 820), (1107, 830), (1074, 844)],
    '136': [(1176, 901), (1222, 885), (1262, 871), (1258, 861), (1254, 850), (1247, 852), (1244, 844), (1233, 848), (1236, 856), (1222, 861), (1219, 850), (1203, 856), (1198, 863), (1201, 870), (1172, 879), (1169, 881)],
    '137': [(1263, 546), (1283, 541), (1280, 528), (1260, 532)],
    '138': [(1138, 628), (1146, 626), (1144, 622), (1144, 618), (1149, 617), (1143, 591), (1149, 589), (1152, 602), (1167, 599), (1167, 601), (1209, 591), (1223, 588), (1220, 576), (1226, 574), (1221, 554), (1210, 556), (1206, 557), (1202, 558), (1159, 569), (1155, 570), (1152, 555), (1126, 561), (1133, 587), (1128, 588)],
    '139': [(1107, 555), (1118, 552), (1128, 592), (1117, 595)],
    '140': [(1125, 545), (1145, 540), (1142, 528), (1149, 526), (1143, 506), (1146, 505), (1145, 503), (1148, 502), (1148, 500), (1151, 499), (1150, 496), (1153, 495), (1152, 493), (1202, 480), (1193, 446), (1130, 461), (1127, 449), (1108, 454), (1116, 487), (1106, 490), (1117, 534), (1122, 533)],
    '141': [(1313, 852), (1353, 854), (1353, 862), (1360, 863), (1367, 863), (1367, 853), (1407, 855), (1408, 849), (1410, 849), (1410, 840), (1407, 840), (1408, 827), (1411, 827), (1411, 814), (1366, 813), (1348, 812), (1348, 822), (1348, 826), (1314, 825)],
    '142': [(1324, 787), (1363, 788), (1363, 791), (1332, 790), (1332, 822), (1348, 822), (1348, 812), (1366, 813), (1366, 808), (1369, 808), (1369, 800), (1373, 799), (1373, 800), (1398, 801), (1404, 794), (1403, 787), (1399, 782), (1403, 782), (1403, 776), (1403, 770), (1400, 770), (1408, 765), (1408, 756), (1400, 748), (1375, 747), (1375, 746), (1375, 745), (1363, 744), (1363, 748), (1357, 747), (1357, 750), (1318, 749), (1318, 765), (1320, 765), (1320, 775), (1324, 775)],
    '143': [(1261, 471), (1266, 464), (1270, 463), (1277, 461), (1277, 465), (1325, 454), (1336, 459), (1343, 448), (1345, 449), (1360, 421), (1344, 412), (1347, 407), (1336, 401), (1333, 405), (1329, 403), (1317, 422), (1313, 423), (1312, 418), (1268, 429), (1268, 433), (1266, 434), (1263, 435), (1264, 442), (1259, 444), (1260, 447), (1255, 443), (1244, 460)],
    '144': [(1071, 420), (1132, 405), (1145, 402), (1146, 406), (1153, 404), (1182, 397), (1175, 368), (1174, 364), (1166, 366), (1131, 374), (1094, 383), (1086, 385), (1077, 348), (1054, 354)],
    '145': [(1201, 393), (1291, 370), (1284, 340), (1257, 346), (1200, 360), (1195, 362), (1194, 366)],
    '146': [(1078, 342), (1122, 331), (1129, 330), (1130, 335), (1143, 331), (1165, 326), (1155, 286), (1064, 308), (1068, 324), (1074, 323)],
    '147': [(1185, 309), (1205, 305), (1216, 302), (1219, 314), (1228, 311), (1229, 314), (1248, 308), (1274, 302), (1283, 338), (1303, 332), (1283, 257), (1179, 282)],
    '148': [(1143, 331), (1151, 359), (1167, 356), (1165, 359), (1166, 366), (1174, 364), (1171, 362), (1172, 358), (1175, 354), (1182, 352), (1189, 352), (1194, 353), (1196, 356), (1194, 360), (1195, 362), (1200, 360), (1201, 358), (1201, 356), (1203, 352), (1199, 346), (1216, 343), (1210, 324), (1205, 305), (1185, 309), (1179, 282), (1155, 286), (1165, 326)],
    '149': [(1175, 368), (1180, 370), (1186, 369), (1193, 367), (1194, 366), (1201, 393), (1191, 395), (1182, 397)],
    '150': [(1351, 384), (1379, 398), (1372, 411), (1344, 397)],
    '151': [(1402, 371), (1433, 360), (1432, 356), (1450, 350), (1443, 330), (1422, 337), (1424, 341), (1395, 351)],
    '152': [(1400, 311), (1430, 300), (1422, 278), (1391, 290)],
    '153': [(1332, 329), (1359, 328), (1358, 312), (1331, 313)],
    '154': [(1454, 292), (1490, 279), (1491, 281), (1496, 280), (1526, 269), (1524, 262), (1528, 260), (1522, 243), (1492, 254), (1490, 249), (1477, 254), (1478, 257), (1441, 270), (1445, 284), (1451, 282)],
    '155': [(1557, 297), (1588, 283), (1587, 280), (1588, 279), (1609, 269), (1597, 244), (1566, 259), (1568, 262), (1545, 273)],
    '156': [(1365, 662), (1379, 678), (1414, 647), (1400, 631)],
    '157': [(1432, 661), (1451, 653), (1435, 611), (1432, 604), (1413, 612)],
    '158': [(1458, 645), (1502, 627), (1499, 620), (1504, 618), (1524, 609), (1509, 574), (1482, 585), (1485, 592), (1459, 602), (1443, 609)],
    '159': [(1342, 686), (1372, 719), (1388, 704), (1358, 671)],
    '160': [(1565, 722), (1602, 715), (1590, 687), (1558, 707)],
    '161': [(1564, 644), (1568, 644), (1575, 638), (1581, 635), (1575, 622), (1569, 625), (1562, 626), (1557, 631), (1563, 637)],
    '162': [(1650, 318), (1707, 293), (1718, 289), (1736, 283), (1751, 277), (1749, 274), (1758, 270), (1760, 274), (1765, 272), (1775, 264), (1778, 260), (1755, 212), (1661, 251), (1629, 265)],
    '163': [(1473, 565), (1489, 561), (1492, 570), (1476, 574)],
    '164': [(1737, 508), (1757, 499), (1742, 464), (1744, 463), (1738, 450), (1701, 466), (1706, 478), (1721, 472), (1722, 473)],
    '165': [(1767, 498), (1789, 489), (1794, 487), (1775, 442), (1748, 453)],
    '166': [(1746, 550), (1806, 526), (1795, 499), (1790, 501), (1787, 492), (1731, 515), (1740, 535)],
    '167': [(1580, 640), (1613, 627), (1620, 644), (1587, 657)],
    '168': [(1646, 612), (1691, 594), (1698, 611), (1653, 630)],
    '169': [(1786, 604), (1821, 590), (1888, 564), (1883, 550), (1877, 535), (1759, 581), (1761, 585), (1775, 589), (1779, 588)],
    '170': [(1802, 236), (1814, 242), (1823, 224), (1812, 218)],
    '171': [(1923, 411), (1970, 391), (1956, 361), (1955, 358), (1959, 356), (1953, 344), (1909, 362), (1910, 365), (1905, 367)],
    '172': [(1985, 394), (2005, 386), (1992, 357), (1973, 365)],
    '173': [(1943, 455), (1953, 451), (1957, 449), (1960, 454), (2007, 433), (2008, 430), (2008, 427), (2000, 408), (1934, 434)],
    '174': [(1953, 511), (2030, 477), (2020, 455), (1943, 489)],
    '175': [(1998, 615), (2051, 593), (2035, 556), (2041, 554), (2037, 543), (2032, 545), (2028, 534), (2008, 543), (2004, 534), (1960, 552), (1974, 586), (1979, 584), (1983, 593), (1988, 592)],
    '176': [(1605, 787), (1634, 775), (1636, 779), (1643, 797), (1656, 792), (1649, 774), (1647, 769), (1718, 740), (1716, 736), (1722, 733), (1726, 730), (1728, 723), (1723, 710), (1719, 708), (1714, 708), (1708, 710), (1705, 703), (1618, 738), (1619, 741), (1591, 752)],
    '177': [(1634, 854), (1637, 853), (1671, 838), (1724, 816), (1734, 812), (1775, 794), (1764, 757), (1662, 805), (1656, 792), (1643, 797), (1650, 811), (1621, 824)],
    '178': [(1686, 1012), (1696, 1008), (1700, 1006), (1698, 1002), (1779, 966), (1819, 949), (1804, 917), (1769, 932), (1658, 981), (1642, 988), (1647, 998), (1644, 1000), (1653, 1020), (1684, 1007)],
    '179': [(1829, 948), (1849, 940), (1840, 919), (1834, 922), (1837, 928), (1823, 934)],
    '180': [(1674, 1113), (1709, 1098), (1708, 1095), (1711, 1093), (1714, 1092), (1715, 1094), (1733, 1086), (1722, 1060), (1703, 1068), (1701, 1062), (1684, 1069), (1686, 1075), (1662, 1085), (1673, 1111)],
    '181': [(1745, 1082), (1793, 1062), (1795, 1066), (1809, 1060), (1807, 1055), (1851, 1036), (1852, 1039), (1855, 1040), (1858, 1039), (1859, 1036), (1846, 1003), (1732, 1051)],
    '182': [(1966, 1026), (1976, 1022), (1973, 1015), (1963, 1019)],
    '183': [(1947, 988), (1960, 983), (1956, 974), (1944, 978), (1946, 984)],
    '184': [(1627, 1529), (1640, 1529), (1639, 1491), (1627, 1491)],
    '185': [(1929, 1375), (1968, 1371), (1963, 1325), (1971, 1324), (1970, 1316), (1969, 1308), (1962, 1309), (1962, 1304), (1963, 1300), (1957, 1287), (1953, 1282), (1948, 1279), (1940, 1279), (1932, 1281), (1928, 1284), (1927, 1282), (1921, 1282), (1912, 1282), (1922, 1365), (1928, 1364)],
    '186': [(1802, 1617), (1882, 1594), (1873, 1563), (1829, 1575), (1793, 1584)],
    '187': [(1688, 1665), (1701, 1661), (1710, 1688), (1691, 1694), (1684, 1672), (1690, 1670)],
    '188': [(1701, 1661), (1718, 1655), (1727, 1683), (1710, 1688)],
    '189': [(1726, 1663), (1731, 1678), (1751, 1672), (1746, 1657)],
    '190': [(2017, 1465), (2048, 1408), (2022, 1394), (1992, 1452)],
    '191': [(2120, 1352), (2120, 1383), (2129, 1383), (2128, 1352)],
    '192': [(1696, 1230), (1733, 1216), (1746, 1211), (1797, 1192), (1790, 1176), (1741, 1194), (1689, 1214)],
    '193': [(1708, 1306), (1767, 1283), (1762, 1270), (1765, 1269), (1763, 1264), (1761, 1259), (1757, 1261), (1752, 1248), (1750, 1243), (1743, 1246), (1692, 1266)],
    '194': [(1780, 1252), (1799, 1245), (1819, 1237), (1804, 1199), (1802, 1200), (1800, 1200), (1766, 1214), (1770, 1225), (1772, 1230), (1747, 1240), (1741, 1242), (1743, 1246), (1750, 1243), (1752, 1248), (1775, 1239)],
    '195': [(1857, 1237), (1868, 1233), (1869, 1236), (1879, 1232), (1877, 1229), (1883, 1226), (1854, 1157), (1841, 1162), (1837, 1153), (1827, 1157), (1831, 1166), (1828, 1167), (1837, 1187)],
    '196': [(1902, 1238), (1935, 1224), (1937, 1225), (1949, 1220), (1947, 1217), (1944, 1209), (1941, 1210), (1938, 1204), (1932, 1206), (1920, 1178), (1883, 1194)],
    '197': [(1944, 1209), (1964, 1201), (1928, 1117), (1905, 1126), (1938, 1204), (1941, 1210)],
    '198': [(2027, 1230), (2029, 1251), (2041, 1249), (2038, 1228)],
    '199': [(1167, 1486), (1185, 1491), (1182, 1503), (1163, 1498)],
    '200': [(1791, 237), (1795, 246), (1802, 243), (1799, 234)],
    '201': [(1205, 527), (1227, 522), (1229, 529)],
    '202': [(1388, 684), (1380, 690), (1388, 704), (1398, 694)],
    '203': [(1417, 677), (1401, 691), (1389, 681), (1407, 666)],
    '204': [(1244, 1707), (1241, 1702), (1236, 1700), (1231, 1698), (1225, 1699), (1220, 1702), (1216, 1706), (1214, 1710), (1213, 1716), (1214, 1721), (1217, 1726), (1221, 1729), (1226, 1731), (1232, 1732), (1237, 1730), (1241, 1727), (1245, 1723), (1246, 1718), (1246, 1712)],
    '205': [(786, 1174), (777, 1182), (810, 1190), (807, 1177)],
    '206': [(1837, 283), (1845, 304), (1886, 289), (1895, 312), (1904, 335), (1928, 326), (1903, 259)],
    '207': [(1922, 489), (1911, 493), (1919, 513), (1929, 509)],
    '208': [(1879, 380), (1867, 385), (1889, 435), (1900, 430)],
    '209': [(2027, 834), (2021, 836), (2025, 844), (2031, 842)],
}
