BUILDING_POLY = {
    '00': [(818, 1272), (875, 1287), (866, 1317), (871, 1319), (867, 1336), (859, 1364), (854, 1362), (846, 1391), (725, 1358), (733, 1328), (727, 1327), (730, 1316), (733, 1304), (740, 1281), (746, 1283), (754, 1254)],
    '01': [(1176, 532), (1177, 517), (1172, 503), (1163, 491), (1150, 482), (1136, 478), (1120, 479), (1106, 485), (1094, 495), (1087, 508), (1084, 523), (1086, 539), (1094, 552), (1105, 563), (1119, 569), (1134, 570), (1149, 567), (1162, 558), (1171, 547)],
    '02': [(1671, 481), (1669, 490), (1669, 498), (1672, 506), (1678, 512), (1685, 517), (1693, 519), (1701, 518), (1709, 515), (1716, 510), (1720, 503), (1723, 494), (1722, 485), (1718, 476), (1711, 470), (1703, 466), (1693, 465), (1684, 468), (1676, 473)],
    '03': [(1677, 523), (1733, 515), (1736, 536), (1742, 535), (1751, 595), (1746, 595), (1750, 618), (1737, 620), (1762, 781), (1751, 780), (1765, 878), (1779, 876), (1780, 878), (1767, 879), (1772, 920), (1793, 917), (1796, 936), (1799, 935), (1806, 977), (1803, 978), (1807, 1000), (1754, 1008), (1749, 975), (1743, 933), (1747, 933), (1745, 915), (1752, 914), (1738, 801), (1728, 803), (1725, 779), (1716, 778), (1715, 766), (1711, 742), (1715, 741), (1712, 721), (1718, 720), (1702, 612), (1694, 611), (1691, 587), (1681, 588), (1679, 570), (1676, 543), (1679, 542)],
    '04': [(1332, 836), (1355, 834), (1356, 844), (1396, 841), (1398, 873), (1438, 870), (1443, 934), (1406, 937), (1410, 990), (1378, 993), (1378, 981), (1344, 984)],
    '05': [(355, 919), (413, 917), (413, 922), (419, 922), (419, 939), (434, 938), (433, 922), (439, 922), (439, 917), (499, 915), (498, 873), (417, 876), (353, 878)],
    '06': [(503, 969), (502, 985), (498, 984), (497, 996), (501, 996), (501, 999), (532, 1001), (531, 1009), (538, 1009), (547, 1010), (548, 1003), (579, 1005), (580, 988), (580, 974), (543, 972)],
    '07': [(500, 1035), (499, 1058), (572, 1062), (574, 1040), (561, 1040), (561, 1043), (512, 1040), (513, 1036)],
    '08': [(567, 886), (564, 930), (578, 931), (577, 950), (581, 950), (588, 951), (588, 957), (602, 958), (606, 888)],
    '09': [(1434, 1055), (1436, 1074), (1441, 1074), (1444, 1097), (1446, 1126), (1441, 1127), (1442, 1148), (1448, 1148), (1538, 1140), (1535, 1106), (1548, 1105), (1545, 1070), (1532, 1071), (1529, 1036), (1503, 1038), (1503, 1041), (1493, 1042), (1493, 1045), (1488, 1045), (1489, 1050), (1450, 1053), (1450, 1058), (1440, 1059), (1440, 1055)],
    '10': [(1646, 1175), (1646, 1164), (1607, 1163), (1606, 1209), (1646, 1210), (1644, 1327), (1655, 1328), (1655, 1334), (1670, 1334), (1670, 1325), (1672, 1325), (1673, 1264), (1677, 1264), (1677, 1238), (1675, 1238), (1676, 1169), (1667, 1168), (1667, 1155), (1661, 1154), (1661, 1162), (1659, 1162), (1656, 1162), (1656, 1175), (1651, 1175)],
    '11': [(1407, 1459), (1408, 1488), (1414, 1488), (1414, 1490), (1467, 1487), (1468, 1492), (1486, 1491), (1486, 1497), (1487, 1497), (1487, 1501), (1492, 1500), (1493, 1506), (1505, 1506), (1505, 1503), (1558, 1502), (1558, 1496), (1564, 1496), (1565, 1493), (1577, 1492), (1576, 1480), (1582, 1479), (1588, 1473), (1588, 1467), (1593, 1467), (1592, 1406), (1579, 1407), (1573, 1400), (1566, 1407), (1566, 1413), (1554, 1413), (1556, 1456), (1486, 1460), (1485, 1454)],
    '12': [(1648, 91), (1664, 188), (1678, 280), (1735, 271), (1733, 257), (1738, 256), (1734, 234), (1729, 235), (1724, 207), (1733, 206), (1723, 141), (1715, 142), (1705, 82)],
    '13': [(659, 1038), (642, 1248), (737, 1256), (754, 1045), (707, 1042)],
    '14': [(848, 960), (873, 972), (837, 1043), (813, 1030)],
    '15': [(813, 1036), (800, 1061), (904, 1112), (917, 1087)],
    '16': [(931, 1102), (914, 1137), (982, 1170), (1043, 1198), (1060, 1163), (993, 1131)],
    '17': [(927, 1176), (917, 1202), (1031, 1247), (1041, 1220), (980, 1196)],
    '18': [(1078, 1152), (1086, 1220), (1111, 1217), (1103, 1149)],
    '19': [(1146, 1183), (1150, 1224), (1295, 1207), (1290, 1166), (1273, 1168), (1275, 1185), (1227, 1190), (1226, 1178), (1210, 1179), (1212, 1193), (1165, 1199), (1163, 1181)],
    '20': [(1265, 1233), (1273, 1299), (1316, 1293), (1310, 1229)],
    '21': [(1176, 1354), (1180, 1387), (1325, 1369), (1319, 1317), (1304, 1319), (1302, 1308), (1272, 1312), (1273, 1324), (1276, 1342)],
    '22': [(1243, 1610), (1251, 1640), (1365, 1610), (1352, 1561), (1331, 1566), (1337, 1585), (1299, 1595)],
    '23': [(1164, 1632), (1172, 1660), (1248, 1640), (1240, 1611), (1200, 1622)],
    '24': [(1623, 1502), (1624, 1540), (1630, 1541), (1630, 1577), (1630, 1606), (1624, 1606), (1628, 1622), (1628, 1628), (1625, 1644), (1704, 1656), (1704, 1636), (1715, 1638), (1717, 1622), (1700, 1619), (1703, 1532), (1712, 1534), (1713, 1520)],
    '25': [(1695, 1406), (1694, 1410), (1691, 1409), (1683, 1426), (1682, 1425), (1679, 1432), (1670, 1452), (1672, 1453), (1664, 1470), (1667, 1471), (1665, 1476), (1673, 1479), (1675, 1475), (1683, 1479), (1713, 1414)],
    '26': [(1552, 1745), (1554, 1750), (1568, 1779), (1582, 1772), (1577, 1760), (1625, 1738), (1626, 1742), (1650, 1731), (1632, 1693), (1613, 1702), (1616, 1709), (1611, 1711), (1615, 1718), (1572, 1738), (1573, 1740), (1564, 1744), (1562, 1740)],
    '27': [(1491, 380), (1493, 424), (1495, 495), (1499, 581), (1500, 617), (1534, 616), (1533, 587), (1517, 587), (1514, 498), (1526, 498), (1526, 492), (1526, 487), (1513, 487), (1510, 399), (1522, 399), (1521, 379)],
    '28': [(1315, 710), (1319, 741), (1325, 757), (1330, 813), (1380, 809), (1378, 770), (1385, 770), (1382, 734), (1375, 734), (1373, 705), (1360, 705), (1360, 702)],
    '29': [(1499, 876), (1514, 957), (1555, 950), (1548, 910), (1544, 892), (1538, 893), (1533, 894), (1529, 871), (1513, 874), (1505, 875)],
    '30': [(351, 811), (351, 823), (345, 824), (348, 871), (391, 869), (388, 817), (379, 817), (378, 809)],
    '31': [(1774, 1055), (1781, 1059), (1789, 1060), (1797, 1058), (1804, 1054), (1810, 1048), (1813, 1040), (1814, 1032), (1812, 1024), (1807, 1017), (1800, 1012), (1792, 1010), (1783, 1010), (1776, 1013), (1769, 1018), (1765, 1026), (1763, 1034), (1764, 1042), (1768, 1050), (1772, 1053)],
    '32': [(932, 1397), (959, 1404), (961, 1400), (978, 1404), (982, 1400), (998, 1404), (991, 1428), (998, 1430), (1008, 1432), (1014, 1411), (1029, 1415), (1028, 1420), (1043, 1424), (1044, 1428), (1077, 1437), (1094, 1372), (1061, 1363), (1065, 1348), (1050, 1344), (1044, 1366), (1017, 1358), (986, 1350), (992, 1328), (977, 1324), (972, 1339), (949, 1333)],
    '33': [(1092, 1477), (1059, 1471), (1058, 1477), (1042, 1474), (1020, 1470), (1023, 1454), (1025, 1445), (1032, 1447), (1035, 1435), (1051, 1438), (1067, 1441), (1065, 1450), (1097, 1456)],
    '34': [(1444, 208), (1443, 191), (1461, 191), (1466, 192), (1530, 228), (1532, 230), (1548, 252), (1534, 260), (1531, 256), (1529, 257), (1523, 248), (1506, 239), (1505, 239), (1496, 235), (1495, 237), (1487, 233), (1477, 227), (1474, 218), (1460, 211), (1448, 211), (1449, 208)],
    '35': [(1411, 266), (1411, 250), (1437, 248), (1503, 286), (1511, 293), (1525, 316), (1513, 324), (1510, 318), (1507, 319), (1495, 303), (1470, 290), (1469, 293), (1460, 288), (1453, 284), (1454, 281), (1448, 278), (1449, 276), (1433, 268), (1417, 268), (1417, 266)],
    '36': [(1374, 367), (1415, 388), (1439, 399), (1465, 347), (1399, 312), (1381, 303), (1371, 305), (1363, 318), (1359, 329), (1361, 344), (1365, 359)],
    '37': [(1430, 446), (1433, 500), (1427, 500), (1427, 510), (1434, 510), (1437, 568), (1462, 566), (1456, 445)],
    '38': [(335, 1261), (407, 1298), (386, 1337), (413, 1351), (434, 1311), (425, 1306), (437, 1282), (389, 1257), (349, 1236)],
    '39': [(468, 1436), (481, 1442), (479, 1446), (528, 1473), (525, 1478), (552, 1495), (614, 1532), (631, 1504), (700, 1541), (717, 1513), (721, 1514), (724, 1513), (726, 1512), (735, 1497), (734, 1494), (737, 1491), (737, 1488), (736, 1485), (734, 1481), (736, 1478), (687, 1450), (690, 1444), (656, 1427), (652, 1432), (610, 1410), (615, 1403), (608, 1399), (507, 1347), (506, 1350), (461, 1328), (457, 1335), (450, 1331), (436, 1356), (438, 1360), (441, 1362), (446, 1362), (448, 1361), (441, 1371), (487, 1394), (489, 1391), (533, 1415), (541, 1401), (578, 1419), (559, 1452), (538, 1440), (536, 1444), (480, 1413)],
    '40': [(575, 467), (610, 485), (638, 434), (642, 425), (650, 412), (646, 410), (645, 398), (621, 384)],
    '41': [(647, 505), (674, 520), (709, 454), (706, 452), (709, 446), (753, 470), (770, 437), (710, 405), (703, 418), (707, 420), (698, 436), (695, 434), (690, 443), (682, 439), (675, 453)],
    '42': [(1767, 1403), (1846, 1396), (1848, 1417), (1880, 1415), (1880, 1412), (1876, 1373), (1867, 1373), (1848, 1375), (1846, 1358), (1823, 1360), (1803, 1362), (1803, 1368), (1761, 1372), (1755, 1382), (1756, 1394), (1766, 1393)],
    '43': [(1914, 1396), (1927, 1395), (1920, 1350), (1894, 1352), (1873, 1231), (1864, 1233), (1863, 1228), (1853, 1230), (1854, 1235), (1846, 1236), (1850, 1260), (1848, 1261), (1867, 1373), (1876, 1373), (1880, 1412), (1915, 1410)],
    '44': [(1158, 428), (1136, 466), (1116, 454), (1138, 417)],
    '45': [(1113, 457), (1110, 463), (1121, 469), (1125, 463)],
    '46': [(1109, 465), (1107, 468), (1112, 471), (1114, 468)],
    '47': [(1166, 388), (1148, 421), (1159, 427), (1177, 394)],
    '48': [(1172, 410), (1227, 442), (1237, 425), (1213, 411), (1216, 405), (1209, 401), (1205, 407), (1182, 393)],
    '49': [(1242, 424), (1229, 446), (1238, 451), (1251, 430)],
    '50': [(1256, 429), (1253, 436), (1260, 440), (1264, 433)],
    '51': [(1256, 414), (1253, 420), (1263, 425), (1266, 419)],
    '52': [(1058, 481), (1034, 494), (1042, 508), (1065, 495)],
    '53': [(1293, 1969), (1296, 1956), (1319, 1961), (1317, 1973)],
    '54': [(638, 434), (675, 453), (682, 439), (691, 422), (672, 412), (660, 435), (642, 425)],
    '55': [(1270, 554), (1281, 548), (1293, 569), (1281, 576), (1287, 586), (1276, 592), (1272, 584), (1269, 585), (1255, 558), (1268, 551)],
    '56': [(1570, 1652), (1574, 1653), (1572, 1669), (1568, 1668)],
    '57': [(581, 950), (580, 974), (580, 988), (587, 988), (588, 957), (588, 951)],
    '58': [(407, 1008), (467, 1006), (466, 981), (454, 982), (453, 961), (393, 963), (394, 1004), (407, 1004)],
    '59': [(421, 1033), (431, 1050), (446, 1050), (447, 1058), (490, 1056), (489, 1039), (480, 1040), (479, 1032), (483, 1032), (478, 1024), (470, 1025), (470, 1023), (451, 1024), (451, 1027), (432, 1027)],
    '60': [(418, 1063), (448, 1062), (448, 1076), (419, 1077)],
    '61': [(457, 1077), (486, 1075), (487, 1089), (458, 1091)],
    '62': [(395, 1015), (411, 1014), (411, 1031), (426, 1057), (413, 1065), (395, 1034)],
    '63': [(358, 1110), (378, 1102), (383, 1115), (369, 1121), (375, 1135), (356, 1143), (349, 1128), (363, 1123)],
    '64': [(295, 1156), (308, 1150), (315, 1164), (301, 1170)],
    '65': [(406, 1126), (423, 1127), (427, 1124), (435, 1125), (437, 1129), (440, 1129), (442, 1134), (438, 1138), (423, 1138), (422, 1143), (417, 1145), (405, 1138)],
}
