BUILDING_POLY = {
    '00': [(987, 1558), (987, 1626), (1022, 1626), (1022, 1590), (1074, 1590), (1074, 1559)],
    '01': [(946, 1505), (946, 1538), (973, 1538), (973, 1493), (979, 1493), (979, 1500), (1064, 1500), (1064, 1494), (1069, 1494), (1069, 1508), (1079, 1508), (1079, 1497), (1092, 1497), (1092, 1481), (1063, 1481), (1063, 1472), (980, 1472), (980, 1478), (970, 1478), (970, 1462), (950, 1462), (950, 1480), (941, 1480), (940, 1505)],
    '02': [(900, 1529), (913, 1541), (911, 1564), (821, 1564), (808, 1561), (809, 1530)],
    '03': [(737, 1468), (737, 1494), (796, 1495), (796, 1497), (813, 1498), (813, 1494), (876, 1495), (877, 1471), (866, 1466), (815, 1466), (815, 1456), (795, 1456), (795, 1465), (745, 1465)],
    '04': [(902, 1368), (899, 1386), (803, 1373), (813, 1308), (830, 1310), (823, 1356)],
    '05': [(915, 1352), (986, 1363), (991, 1332), (984, 1331), (985, 1321), (979, 1320), (980, 1310), (937, 1304), (934, 1327), (925, 1325), (926, 1318), (921, 1317)],
    '06': [(1061, 1380), (1203, 1371), (1200, 1331), (1173, 1333), (1174, 1350), (1059, 1357), (1060, 1372), (1061, 1378)],
    '07': [(1084, 1930), (1118, 1952), (1104, 1973), (1076, 1954), (1070, 1963), (1058, 1954), (1063, 1946), (1049, 1936), (1056, 1926), (1023, 1904), (1015, 1917), (1001, 1908), (1007, 1898), (972, 1875), (989, 1849), (1092, 1918)],
    '08': [(1020, 1773), (1079, 1811), (1059, 1842), (1000, 1804)],
    '09': [(1131, 1841), (1210, 1889), (1195, 1912), (1117, 1864), (1123, 1854), (1115, 1849), (1121, 1840), (1129, 1844)],
    '10': [(1149, 1554), (1235, 1619), (1257, 1590), (1172, 1525)],
    '11': [(1321, 1568), (1329, 1574), (1332, 1570), (1350, 1584), (1334, 1605), (1329, 1601), (1297, 1645), (1292, 1641), (1288, 1647), (1289, 1650), (1285, 1656), (1282, 1654), (1279, 1657), (1263, 1644), (1270, 1636), (1273, 1636), (1318, 1578), (1315, 1576)],
    '12': [(1220, 902), (1329, 981), (1324, 987), (1287, 1038), (1284, 1040), (1256, 1019), (1176, 961)],
    '13': [(879, 676), (851, 656), (803, 721), (830, 742)],
    '14': [(851, 656), (879, 676), (944, 724), (965, 696), (890, 640), (860, 644)],
    '15': [(508, 734), (490, 758), (576, 822), (592, 834), (596, 829), (605, 835), (617, 819), (621, 822), (654, 778), (634, 763), (603, 804)],
    '16': [(701, 713), (683, 737), (579, 659), (525, 732), (498, 712), (571, 615), (587, 627), (589, 624), (700, 707), (697, 710)],
    '17': [(377, 548), (456, 606), (431, 639), (352, 580)],
    '18': [(461, 601), (473, 584), (398, 529), (385, 546)],
    '19': [(382, 615), (424, 645), (414, 658), (372, 628)],
    '20': [(429, 671), (459, 692), (442, 715), (412, 694)],
    '21': [(427, 812), (438, 798), (433, 794), (440, 786), (369, 731), (357, 746), (364, 750), (358, 758)],
    '22': [(382, 802), (415, 826), (402, 844), (369, 820)],
    '23': [(439, 829), (450, 839), (445, 844), (434, 835)],
    '24': [(408, 862), (400, 873), (386, 862), (394, 851)],
    '25': [(596, 860), (639, 893), (624, 912), (581, 879)],
    '26': [(578, 963), (589, 948), (579, 941), (586, 931), (526, 887), (554, 850), (558, 851), (563, 843), (560, 841), (543, 828), (537, 836), (542, 840), (520, 868), (480, 839), (468, 856), (464, 853), (458, 861), (509, 899), (503, 907)],
    '27': [(450, 876), (464, 885), (425, 944), (413, 936), (426, 916), (416, 910), (425, 897), (433, 903)],
    '28': [(383, 928), (396, 936), (371, 976), (358, 968)],
    '29': [(504, 1108), (508, 1128), (529, 1125), (525, 1104)],
    '30': [(457, 1147), (461, 1150), (463, 1147), (524, 1192), (518, 1199), (509, 1211), (449, 1166), (451, 1163), (448, 1160)],
    '31': [(543, 1234), (614, 1135), (595, 1122), (533, 1209), (524, 1221)],
    '32': [(518, 1199), (533, 1209), (524, 1221), (509, 1211)],
    '33': [(527, 1012), (577, 1048), (564, 1066), (532, 1044), (510, 1075), (509, 1076), (491, 1062), (496, 1055)],
    '34': [(510, 1075), (535, 1093), (547, 1076), (562, 1087), (543, 1114), (504, 1086), (498, 1094), (468, 1073), (487, 1048), (496, 1055), (491, 1062), (509, 1076)],
    '35': [(1134, 617), (1136, 619), (1143, 623), (1144, 624), (1136, 636), (1183, 670), (1193, 655), (1189, 653), (1208, 629), (1229, 645), (1211, 667), (1204, 662), (1194, 674), (1232, 702), (1209, 732), (1152, 690), (1159, 681), (1127, 658), (1132, 654), (1121, 645), (1110, 646), (1109, 639), (1120, 637)],
    '36': [(1231, 521), (1219, 593), (1246, 597), (1258, 526)],
    '37': [(1085, 538), (1092, 544), (1084, 554), (1116, 578), (1121, 571), (1164, 515), (1171, 520), (1200, 481), (1176, 463), (1156, 490), (1134, 474)],
    '38': [(1308, 692), (1340, 715), (1290, 776), (1348, 823), (1333, 843), (1270, 793), (1278, 784), (1260, 770), (1274, 754), (1263, 745)],
    '39': [(1348, 823), (1356, 811), (1397, 841), (1370, 877), (1329, 847), (1333, 843)],
    '40': [(1343, 654), (1365, 671), (1381, 651), (1465, 717), (1428, 764), (1442, 775), (1448, 804), (1472, 800), (1466, 768), (1505, 719), (1389, 629), (1381, 640), (1365, 627)],
    '41': [(1350, 558), (1450, 577), (1456, 546), (1418, 539), (1416, 548), (1402, 545), (1401, 549), (1370, 544), (1371, 535), (1355, 531)],
    '42': [(1350, 464), (1386, 491), (1376, 505), (1343, 480), (1346, 476), (1335, 468), (1339, 463), (1347, 468)],
    '43': [(1282, 484), (1298, 474), (1324, 512), (1321, 515), (1337, 538), (1321, 549), (1299, 516), (1302, 514)],
    '44': [(1432, 1081), (1448, 1093), (1471, 1111), (1487, 1123), (1510, 1140), (1467, 1197), (1389, 1137)],
    '45': [(913, 1066), (937, 1062), (943, 1108), (978, 1103), (981, 1119), (922, 1128)],
    '46': [(760, 1050), (821, 1039), (827, 1067), (765, 1079)],
    '47': [(1173, 1237), (1188, 1236), (1203, 1235), (1206, 1265), (1176, 1266)],
    '48': [(1517, 962), (1539, 978), (1560, 949), (1594, 973), (1581, 991), (1595, 1002), (1584, 1017), (1573, 1032), (1596, 1048), (1592, 1054), (1597, 1057), (1566, 1100), (1551, 1089), (1548, 1093), (1490, 1053), (1496, 1044), (1475, 1030), (1479, 1013)],
    '49': [(1275, 1302), (1298, 1318), (1329, 1275), (1405, 1336), (1424, 1313), (1332, 1247), (1320, 1241), (1307, 1254)],
    '50': [(1448, 1332), (1498, 1367), (1418, 1475), (1314, 1395), (1329, 1372), (1412, 1433), (1460, 1372), (1433, 1352)],
    '51': [(1284, 1706), (1367, 1769), (1352, 1794), (1265, 1730)],
    '52': [(1376, 1738), (1348, 1717), (1383, 1670), (1356, 1648), (1374, 1625), (1429, 1667)],
    '53': [(1625, 726), (1644, 730), (1676, 739), (1692, 743), (1698, 718), (1631, 701)],
    '54': [(1264, 1454), (1250, 1469), (1257, 1475), (1249, 1483), (1344, 1556), (1356, 1541), (1364, 1547), (1405, 1493), (1379, 1474), (1345, 1517)],
    '55': [(1050, 1052), (1055, 1050), (1063, 1055), (1068, 1050), (1079, 1050), (1107, 1068), (1110, 1063), (1131, 1075), (1171, 1098), (1174, 1094), (1216, 1120), (1225, 1131), (1226, 1141), (1218, 1156), (1204, 1148), (1201, 1148), (1197, 1146), (1197, 1143), (1170, 1125), (1163, 1129), (1108, 1096), (1104, 1105), (1091, 1099), (1094, 1094), (1062, 1078), (1062, 1068), (1051, 1060)],
    '56': [(1126, 1196), (1171, 1193), (1199, 1191), (1201, 1207), (1204, 1223), (1187, 1223), (1182, 1223), (1183, 1232), (1165, 1234), (1163, 1226), (1129, 1229), (1128, 1216)],
    '57': [(1140, 1276), (1157, 1274), (1158, 1282), (1208, 1278), (1211, 1297), (1103, 1307), (1101, 1287), (1141, 1284)],
    '58': [(901, 763), (941, 795), (938, 799), (953, 810), (955, 808), (985, 830), (964, 859), (929, 835), (934, 828), (880, 789)],
    '59': [(1606, 1169), (1639, 1126), (1680, 1158), (1670, 1171), (1689, 1185), (1698, 1173), (1717, 1147), (1780, 1192), (1731, 1261)],
    '60': [(1450, 1491), (1507, 1533), (1483, 1561), (1431, 1520)],
    '61': [(1435, 1551), (1490, 1592), (1456, 1637), (1400, 1596)],
    '62': [(1604, 1467), (1600, 1463), (1591, 1476), (1683, 1538), (1697, 1518), (1681, 1507), (1685, 1501), (1635, 1467), (1631, 1472), (1610, 1458)],
    '63': [(1810, 1633), (1793, 1657), (1773, 1643), (1777, 1637), (1752, 1619), (1755, 1614), (1722, 1591), (1694, 1630), (1665, 1609), (1688, 1577), (1702, 1587), (1707, 1579), (1694, 1570), (1708, 1550), (1714, 1554), (1717, 1550), (1793, 1605), (1785, 1615)],
    '64': [(1684, 1630), (1747, 1675), (1731, 1697), (1668, 1652)],
    '65': [(1686, 608), (1681, 607), (1677, 623), (1683, 624), (1681, 631), (1762, 650), (1761, 654), (1794, 662), (1800, 636), (1781, 632), (1779, 638), (1761, 634), (1764, 621), (1687, 604)],
    '66': [(1409, 341), (1395, 336), (1384, 369), (1404, 376), (1405, 380), (1409, 385), (1414, 387), (1422, 385), (1426, 381), (1447, 388), (1457, 358), (1439, 352), (1441, 346), (1411, 336)],
    '67': [(1350, 426), (1355, 409), (1410, 426), (1409, 430), (1432, 435), (1427, 452), (1398, 443), (1397, 445), (1395, 446), (1392, 444), (1392, 441), (1393, 438)],
    '68': [(1254, 414), (1244, 421), (1275, 468), (1287, 458), (1282, 452), (1291, 442), (1298, 447), (1317, 420), (1322, 403), (1275, 388), (1270, 400), (1274, 403), (1265, 418)],
    '69': [(982, 300), (1016, 287), (1022, 303), (1051, 291), (1060, 313), (1053, 316), (1055, 322), (1043, 326), (1047, 336), (1003, 354)],
    '70': [(984, 281), (1004, 274), (982, 218), (975, 221), (969, 205), (960, 206), (962, 215), (956, 218)],
    '71': [(943, 272), (956, 266), (933, 212), (920, 216), (921, 220), (914, 222), (928, 255), (935, 252)],
    '72': [(193, 1188), (193, 1202), (187, 1202), (179, 1201), (180, 1233), (194, 1235), (194, 1218), (218, 1220), (229, 1231), (217, 1244), (227, 1255), (255, 1233), (234, 1211), (234, 1191)],
    '73': [(296, 1247), (316, 1247), (317, 1214), (320, 1213), (322, 1175), (303, 1175), (301, 1200), (297, 1199)],
    '74': [(190, 1168), (230, 1172), (230, 1167), (275, 1169), (274, 1149), (226, 1146), (225, 1150), (191, 1148)],
    '75': [(1849, 1207), (1863, 1216), (1865, 1212), (1880, 1221), (1879, 1224), (1890, 1232), (1879, 1250), (1839, 1225)],
    '76': [(1958, 1254), (1954, 1239), (1994, 1229), (2013, 1299), (1974, 1310), (1970, 1295), (1963, 1296), (1952, 1256)],
    '77': [(669, 1315), (675, 1319), (699, 1326), (715, 1332), (720, 1318), (675, 1301)],
    '78': [(1533, 1140), (1480, 1212), (1515, 1240), (1567, 1169)],
    '79': [(206, 933), (235, 944), (232, 951), (204, 940)],
    '80': [(206, 944), (232, 953), (229, 960), (204, 951)],
    '81': [(213, 879), (237, 884), (239, 876), (215, 870)],
    '82': [(265, 869), (284, 871), (288, 827), (269, 825)],
    '83': [(835, 1682), (847, 1682), (845, 1722), (833, 1722)],
    '84': [(917, 1669), (956, 1668), (956, 1659), (917, 1660)],
    '85': [(883, 1670), (911, 1670), (911, 1661), (883, 1662)],
    '86': [(948, 1658), (958, 1658), (957, 1609), (948, 1609)],
    '87': [(935, 1658), (946, 1658), (946, 1609), (935, 1609)],
    '88': [(922, 1658), (932, 1658), (932, 1610), (922, 1610)],
    '89': [(910, 1659), (920, 1659), (920, 1611), (910, 1611)],
    '90': [(898, 1660), (908, 1660), (907, 1612), (897, 1612)],
    '91': [(884, 1659), (896, 1659), (896, 1611), (884, 1611)],
    '92': [(872, 1612), (883, 1612), (882, 1660), (871, 1660)],
    '93': [(859, 1612), (871, 1612), (871, 1660), (859, 1660)],
    '94': [(836, 1613), (848, 1613), (848, 1669), (837, 1669)],
    '95': [(813, 1670), (825, 1669), (825, 1616), (819, 1616), (813, 1616)],
    '96': [(1153, 1830), (1174, 1842), (1188, 1820), (1167, 1808)],
    '97': [(1167, 1808), (1172, 1798), (1181, 1803), (1191, 1785), (1204, 1793), (1188, 1820)],
    '98': [(1236, 1753), (1253, 1743), (1273, 1776), (1265, 1781), (1255, 1786)],
    '99': [(1230, 1751), (1250, 1740), (1244, 1729), (1224, 1741)],
    '100': [(1223, 1761), (1230, 1770), (1208, 1785), (1201, 1776)],
    '101': [(1209, 1833), (1202, 1845), (1193, 1840), (1200, 1828)],
    '102': [(1681, 597), (1677, 621), (1626, 611), (1625, 618), (1604, 614), (1606, 605), (1545, 594), (1549, 572), (1565, 575), (1565, 578), (1603, 585), (1606, 572), (1632, 577), (1631, 587)],
    '103': [(1657, 544), (1653, 563), (1647, 562), (1648, 557), (1632, 554), (1635, 540)],
    '104': [(1786, 611), (1783, 625), (1767, 622), (1770, 607)],
    '105': [(1652, 576), (1682, 584), (1684, 575), (1672, 572), (1676, 556), (1658, 551)],
    '106': [(432, 462), (479, 496), (460, 522), (413, 488)],
    '107': [(1509, 1640), (1520, 1649), (1523, 1645), (1539, 1656), (1493, 1715), (1467, 1695)],
    '108': [(989, 1056), (987, 1065), (956, 1056), (959, 1047)],
    '109': [(878, 1011), (917, 1006), (914, 980), (875, 985)],
    '110': [(459, 711), (465, 717), (459, 725), (452, 719)],
    '111': [(473, 677), (479, 681), (466, 699), (459, 695)],
    '112': [(480, 682), (485, 685), (478, 694), (473, 690)],
    '113': [(463, 669), (469, 673), (458, 689), (452, 684)],
    '114': [(455, 662), (460, 666), (448, 681), (444, 678)],
    '115': [(446, 658), (453, 662), (442, 677), (436, 672)],
    '116': [(440, 639), (447, 644), (468, 614), (461, 609)],
    '117': [(485, 641), (493, 646), (481, 663), (473, 658), (485, 642)],
    '118': [(476, 636), (485, 642), (473, 658), (465, 652)],
    '119': [(468, 630), (477, 635), (465, 652), (457, 646)],
    '120': [(500, 618), (508, 624), (499, 639), (490, 633)],
    '121': [(489, 600), (495, 604), (480, 627), (473, 622)],
    '122': [(500, 604), (506, 609), (488, 635), (481, 630)],
    '123': [(366, 544), (373, 550), (361, 565), (354, 559)],
    '124': [(358, 530), (367, 537), (355, 551), (347, 544)],
    '125': [(488, 585), (505, 598), (513, 588), (496, 574)],
    '126': [(510, 549), (529, 562), (536, 550), (517, 538)],
    '127': [(689, 752), (716, 771), (727, 755), (701, 736)],
    '128': [(993, 224), (1054, 198), (1052, 194), (1106, 170), (1104, 165), (1110, 163), (1101, 143), (1094, 147), (1095, 151), (1057, 168), (1055, 164), (1034, 173), (1036, 177), (984, 200), (981, 195), (974, 199), (980, 214), (987, 211)],
    '129': [(1111, 162), (1161, 140), (1150, 115), (1100, 137)],
    '130': [(1192, 130), (1245, 111), (1234, 82), (1181, 101)],
    '131': [(1621, 500), (1617, 528), (1644, 534), (1648, 523)],
    '132': [(728, 1553), (726, 1583), (673, 1580), (675, 1551)],
    '133': [(208, 958), (194, 957), (189, 1010), (203, 1011)],
    '134': [(182, 1082), (204, 1084), (202, 1097), (181, 1094)],
    '135': [(176, 1108), (190, 1108), (189, 1135), (176, 1134)],
    '136': [(1899, 1226), (1916, 1236), (1902, 1260), (1885, 1249)],
    '137': [(1880, 1214), (1890, 1221), (1895, 1215), (1885, 1207)],
    '138': [(1601, 1807), (1629, 1803), (1636, 1851), (1608, 1856)],
    '139': [(1047, 1377), (1051, 1377), (1053, 1373), (1052, 1368), (1049, 1366), (1044, 1365), (1041, 1368), (1041, 1373), (1044, 1377)],
    '140': [(611, 1287), (625, 1285), (628, 1302), (612, 1304)],
    '141': [(1324, 987), (1329, 990), (1341, 975), (1369, 996), (1351, 1019), (1324, 1055), (1308, 1077), (1281, 1055), (1292, 1041), (1287, 1038)],
    '142': [(1265, 1359), (1272, 1365), (1276, 1360), (1294, 1372), (1296, 1369), (1301, 1373), (1316, 1352), (1282, 1326), (1279, 1329), (1278, 1332), (1274, 1329), (1263, 1345), (1257, 1353)],
    '143': [(1921, 1036), (1928, 1061), (1918, 1063), (1927, 1094), (1963, 1085), (1951, 1038), (1946, 1039), (1943, 1030)],
    '144': [(2029, 1600), (2045, 1602), (2046, 1588), (2031, 1586)],
    '145': [(1910, 1334), (1968, 1376), (1986, 1352), (1927, 1309)],
    '146': [(1802, 943), (1788, 933), (1692, 861), (1675, 883), (1668, 879), (1654, 868), (1683, 830), (1707, 847), (1710, 842), (1802, 909), (1799, 913), (1815, 926)],
    '147': [(1779, 967), (1750, 1005), (1743, 1000), (1727, 1021), (1611, 933), (1639, 897), (1649, 904), (1660, 913), (1648, 928), (1667, 944), (1703, 970), (1698, 977), (1722, 996), (1726, 990), (1722, 986), (1752, 948), (1769, 959)],
    '148': [(770, 378), (825, 419), (849, 419), (855, 423), (868, 408), (881, 389), (871, 378), (857, 368), (870, 355), (851, 337), (837, 348), (824, 334), (816, 323), (810, 309), (803, 284), (788, 286), (785, 278), (781, 275), (693, 276), (690, 278), (691, 281), (709, 300), (709, 318), (751, 318), (754, 334), (762, 348), (771, 365), (776, 374)],
    '149': [(1512, 548), (1524, 550), (1525, 547), (1559, 553), (1560, 545), (1600, 552), (1609, 500), (1602, 497), (1566, 491), (1562, 518), (1479, 504), (1477, 516), (1513, 522), (1511, 537), (1514, 538)],
    '150': [(1109, 617), (1049, 571), (1032, 594), (1093, 639)],
    '151': [(978, 597), (1006, 619), (1037, 578), (1009, 557)],
    '152': [(1433, 1760), (1453, 1737), (1529, 1800), (1510, 1823)],
    '153': [(1553, 1772), (1528, 1750), (1592, 1676), (1617, 1697)],
    '154': [(1143, 623), (1160, 601), (1121, 571), (1116, 578), (1148, 603), (1136, 619)],
    '155': [(483, 508), (466, 524), (497, 544), (507, 531), (494, 528)],
    '156': [(831, 1033), (834, 1046), (845, 1041), (843, 1029)],
}
