BUILDING_POLY = {
    '00': [(991, 1368), (992, 1370), (991, 1377), (989, 1378), (982, 1377), (980, 1376), (981, 1373), (977, 1373), (976, 1379), (918, 1370), (919, 1363), (916, 1363), (915, 1365), (913, 1367), (906, 1366), (904, 1363), (905, 1357), (907, 1355), (910, 1355), (911, 1353), (903, 1352), (916, 1269), (923, 1270), (923, 1267), (921, 1267), (918, 1264), (919, 1257), (922, 1255), (929, 1256), (931, 1258), (931, 1261), (934, 1262), (935, 1255), (992, 1263), (992, 1269), (995, 1270), (995, 1267), (998, 1265), (1004, 1266), (1006, 1269), (1005, 1276), (1003, 1277), (1000, 1277), (1000, 1280), (1006, 1280), (1000, 1323), (995, 1365), (988, 1364), (988, 1368)],
    '01': [(1173, 1671), (1174, 1669), (1181, 1670), (1180, 1676), (1185, 1676), (1183, 1691), (1191, 1692), (1183, 1751), (1164, 1764), (1046, 1749), (1032, 1731), (1040, 1664), (1059, 1654), (1116, 1663)],
    '02': [(1087, 1363), (1089, 1363), (1091, 1347), (1087, 1347), (1091, 1321), (1094, 1322), (1097, 1305), (1079, 1302), (1083, 1281), (1134, 1289), (1134, 1292), (1151, 1295), (1147, 1323), (1135, 1321), (1137, 1308), (1117, 1305), (1107, 1366), (1126, 1369), (1127, 1367), (1164, 1373), (1164, 1374), (1174, 1376), (1195, 1379), (1192, 1398), (1176, 1395), (1162, 1393), (1161, 1394), (1151, 1393), (1151, 1391), (1100, 1383), (1099, 1388), (1083, 1385)],
    '03': [(870, 1423), (935, 1431), (982, 1437), (975, 1490), (945, 1486), (948, 1461), (945, 1461), (867, 1451), (869, 1433), (869, 1428)],
    '04': [(1038, 989), (1053, 1025), (1081, 1028), (1080, 1038), (1092, 1040), (1105, 1041), (1106, 1033), (1106, 1032), (1135, 1035), (1158, 1005), (1139, 990), (1113, 987), (1101, 977), (1091, 981), (1088, 975), (1081, 978), (1080, 975), (1075, 977), (1074, 974)],
    '05': [(1043, 859), (1022, 878), (1029, 885), (1011, 901), (1017, 909), (999, 925), (1008, 935), (1026, 919), (1029, 923), (1070, 888)],
    '06': [(666, 1190), (657, 1256), (725, 1265), (735, 1275), (751, 1269), (758, 1258), (751, 1243), (735, 1240), (726, 1245), (690, 1240), (695, 1210), (781, 1222), (783, 1206)],
    '07': [(777, 1262), (775, 1275), (771, 1302), (819, 1309), (820, 1307), (844, 1310), (847, 1290), (847, 1287), (854, 1288), (858, 1264), (825, 1259), (823, 1269), (816, 1268), (816, 1266), (799, 1263), (799, 1265)],
    '08': [(747, 1316), (748, 1310), (735, 1308), (731, 1330), (793, 1339), (795, 1323)],
    '09': [(710, 1566), (702, 1568), (704, 1574), (701, 1579), (696, 1577), (694, 1583), (694, 1590), (696, 1596), (700, 1601), (704, 1598), (709, 1601), (711, 1609), (718, 1607)],
    '10': [(1098, 1559), (1094, 1578), (1126, 1584), (1120, 1624), (1090, 1619), (1087, 1640), (1149, 1651), (1153, 1629), (1125, 1624), (1132, 1584), (1160, 1589), (1163, 1570)],
    '11': [(1053, 1485), (1071, 1488), (1079, 1490), (1078, 1494), (1087, 1496), (1078, 1547), (1066, 1545), (1065, 1550), (1056, 1549), (1057, 1542), (1044, 1540)],
    '12': [(1063, 1428), (1060, 1449), (1078, 1452), (1081, 1430)],
    '13': [(535, 1540), (557, 1543), (568, 1462), (456, 1448), (453, 1468), (542, 1480)],
    '14': [(518, 1343), (512, 1389), (466, 1383), (463, 1404), (510, 1409), (504, 1453), (517, 1455), (522, 1411), (564, 1416), (567, 1396), (524, 1390), (530, 1345)],
    '15': [(518, 1260), (581, 1268), (578, 1291), (515, 1284)],
    '16': [(578, 1291), (581, 1294), (582, 1295), (591, 1296), (600, 1295), (607, 1290), (609, 1280), (607, 1275), (604, 1270), (616, 1264), (611, 1256), (602, 1250), (592, 1248), (589, 1268), (585, 1268), (581, 1268)],
    '17': [(705, 1409), (701, 1430), (736, 1436), (740, 1413), (708, 1408), (708, 1410)],
    '18': [(770, 1452), (769, 1459), (772, 1459), (771, 1466), (768, 1465), (767, 1471), (713, 1463), (684, 1481), (680, 1476), (678, 1477), (672, 1467), (700, 1450), (698, 1447), (705, 1442)],
    '19': [(911, 1506), (931, 1508), (921, 1581), (901, 1578)],
    '20': [(781, 283), (778, 282), (775, 294), (834, 312), (858, 238), (846, 234), (847, 231), (810, 219), (808, 228), (805, 227), (802, 238), (835, 249), (823, 287), (784, 275)],
    '21': [(874, 318), (876, 319), (874, 328), (923, 341), (925, 335), (930, 337), (935, 321), (934, 321), (936, 314), (923, 310), (922, 314), (898, 306), (899, 302), (892, 300), (895, 290), (904, 293), (914, 262), (915, 263), (918, 256), (914, 254), (915, 254), (911, 253), (911, 255), (906, 254), (906, 255), (897, 252), (887, 282), (885, 281), (879, 306), (878, 312), (877, 312)],
    '22': [(1056, 1911), (1082, 1915), (1076, 1957), (1077, 1964), (1075, 1968), (1069, 1972), (1064, 1973), (1058, 1971), (1041, 1944), (1052, 1937)],
    '23': [(1218, 399), (1216, 411), (1257, 418), (1258, 411), (1269, 413), (1274, 385), (1261, 382), (1257, 406)],
    '24': [(1218, 352), (1216, 367), (1251, 372), (1253, 357)],
    '25': [(1175, 449), (1173, 460), (1225, 468), (1224, 473), (1259, 478), (1260, 468), (1257, 467), (1257, 463), (1231, 459), (1232, 453), (1179, 445), (1178, 450)],
    '26': [(1165, 474), (1165, 478), (1160, 478), (1159, 492), (1207, 499), (1206, 505), (1246, 510), (1248, 497), (1246, 496), (1246, 491), (1213, 487), (1214, 480)],
    '27': [(1209, 564), (1207, 578), (1242, 583), (1244, 569)],
    '28': [(1140, 513), (1138, 524), (1152, 526), (1151, 532), (1185, 537), (1186, 526), (1167, 522), (1168, 518)],
    '29': [(1127, 589), (1124, 604), (1182, 612), (1184, 597)],
    '30': [(1209, 609), (1207, 617), (1205, 616), (1204, 621), (1207, 622), (1206, 630), (1204, 630), (1199, 657), (1204, 658), (1209, 664), (1215, 665), (1219, 660), (1220, 655), (1216, 647), (1219, 629), (1223, 625), (1253, 630), (1248, 659), (1257, 661), (1258, 658), (1265, 659), (1272, 619)],
    '31': [(1177, 766), (1196, 791), (1210, 781), (1203, 771), (1228, 753), (1235, 762), (1249, 752), (1231, 727)],
    '32': [(1171, 1128), (1158, 1214), (1184, 1218), (1197, 1132)],
    '33': [(1027, 1791), (1051, 1794), (1046, 1827), (1022, 1824)],
    '34': [(1005, 180), (1008, 181), (1002, 201), (959, 187), (953, 204), (1005, 222), (993, 260), (1012, 266), (1031, 208), (1035, 209), (1045, 176), (1010, 165)],
    '35': [(1250, 669), (1245, 693), (1266, 697), (1271, 673)],
    '36': [(1194, 677), (1190, 707), (1224, 712), (1227, 691), (1215, 689), (1215, 692), (1204, 690), (1206, 679)],
    '37': [(1161, 681), (1160, 688), (1163, 689), (1162, 697), (1117, 691), (1119, 682), (1115, 682), (1116, 673), (1120, 674), (1126, 629), (1179, 637), (1178, 646), (1175, 645), (1174, 652), (1142, 647), (1140, 664), (1138, 678)],
    '38': [(1159, 717), (1156, 740), (1175, 743), (1178, 720)],
    '39': [(943, 863), (964, 885), (967, 882), (972, 887), (1000, 860), (998, 859), (996, 856), (1003, 849), (1005, 851), (1008, 848), (1007, 846), (1020, 834), (1007, 820), (993, 833), (995, 835), (987, 842), (985, 840), (984, 841), (975, 832)],
    '40': [(1318, 821), (1318, 825), (1320, 862), (1324, 866), (1397, 855), (1397, 828), (1368, 826)],
    '41': [(1258, 907), (1257, 917), (1263, 918), (1262, 928), (1268, 928), (1265, 950), (1284, 952), (1283, 956), (1238, 950), (1237, 952), (1236, 951), (1233, 969), (1282, 976), (1292, 911)],
    '42': [(878, 882), (883, 883), (881, 895), (931, 904), (908, 920), (878, 914), (876, 925), (866, 912), (868, 899), (823, 891), (828, 886), (829, 880), (832, 881), (833, 874), (832, 873), (833, 865), (849, 855), (846, 870), (868, 874), (868, 876), (879, 878)],
    '43': [(841, 795), (834, 832), (832, 831), (831, 836), (834, 836), (845, 851), (848, 849), (849, 843), (852, 844), (860, 799)],
    '44': [(645, 797), (703, 813), (697, 833), (736, 844), (729, 869), (702, 862), (703, 859), (690, 855), (686, 870), (629, 853)],
    '45': [(883, 681), (880, 684), (878, 687), (878, 692), (879, 695), (883, 698), (889, 700), (896, 699), (902, 697), (905, 695), (915, 698), (919, 682), (918, 682), (919, 678), (914, 677), (917, 666), (922, 667), (935, 618), (924, 615), (920, 608), (908, 606), (903, 609), (903, 612), (900, 613), (899, 618), (902, 624), (905, 626), (906, 631), (909, 632), (907, 640), (911, 641), (905, 660), (904, 661), (906, 665), (908, 664), (911, 665), (910, 668), (913, 669), (910, 677), (896, 671), (895, 676), (886, 672)],
    '46': [(918, 594), (927, 597), (932, 582), (933, 582), (946, 541), (928, 536), (916, 577), (930, 581), (929, 583), (922, 581)],
    '47': [(1670, 1122), (1669, 1125), (1679, 1132), (1680, 1130), (1706, 1148), (1707, 1147), (1716, 1153), (1730, 1134), (1727, 1132), (1743, 1110), (1745, 1111), (1766, 1081), (1765, 1080), (1769, 1074), (1755, 1064), (1752, 1069), (1750, 1068), (1713, 1120), (1718, 1124), (1714, 1129), (1679, 1104), (1681, 1102), (1691, 1109), (1704, 1091), (1693, 1083), (1691, 1086), (1679, 1078), (1674, 1085), (1671, 1083), (1658, 1102), (1667, 1108), (1666, 1110), (1660, 1106), (1656, 1112)],
    '48': [(1490, 1218), (1489, 1219), (1498, 1226), (1495, 1231), (1494, 1234), (1494, 1238), (1496, 1241), (1498, 1243), (1501, 1245), (1504, 1245), (1508, 1244), (1512, 1241), (1516, 1236), (1543, 1198), (1533, 1191), (1543, 1177), (1528, 1165), (1510, 1190), (1509, 1189), (1501, 1200), (1498, 1197), (1486, 1215)],
    '49': [(889, 1090), (893, 1064), (907, 1066), (899, 1117), (831, 1107), (829, 1125), (816, 1123), (821, 1087), (835, 1089), (836, 1082)],
    '50': [(845, 1005), (909, 1014), (905, 1038), (847, 1030), (845, 1044), (849, 1044), (847, 1059), (835, 1057), (833, 1066), (797, 1061), (800, 1037), (833, 1042), (836, 1020), (843, 1021)],
    '51': [(841, 1132), (835, 1131), (833, 1141), (827, 1140), (826, 1141), (819, 1140), (819, 1139), (795, 1135), (794, 1145), (791, 1145), (790, 1153), (793, 1153), (792, 1158), (873, 1169), (873, 1167), (885, 1168), (887, 1152), (880, 1151), (881, 1149), (850, 1145), (850, 1143), (840, 1142)],
    '52': [(1267, 364), (1281, 367), (1278, 384), (1264, 382)],
    '53': [(1153, 1226), (1147, 1269), (1206, 1277), (1208, 1261), (1212, 1235)],
    '54': [(1427, 1159), (1400, 1199), (1407, 1204), (1398, 1217), (1424, 1234), (1435, 1216), (1416, 1204), (1421, 1196), (1423, 1197), (1440, 1172), (1433, 1167), (1435, 1164)],
    '55': [(1701, 965), (1689, 982), (1756, 1029), (1768, 1013)],
    '56': [(1181, 1541), (1187, 1567), (1205, 1563), (1199, 1537)],
    '57': [(1233, 1541), (1230, 1559), (1265, 1565), (1268, 1547)],
    '58': [(1107, 1492), (1099, 1548), (1118, 1551), (1127, 1495)],
    '59': [(600, 857), (595, 876), (633, 887), (637, 873), (618, 868), (620, 862)],
    '60': [(613, 810), (601, 852), (619, 857), (631, 815)],
    '61': [(1377, 779), (1363, 785), (1365, 790), (1370, 801), (1384, 795)],
    '62': [(920, 203), (914, 220), (882, 210), (885, 201), (846, 189), (848, 184), (844, 183), (845, 179), (846, 175), (850, 164), (853, 165), (850, 175), (883, 185), (884, 183), (895, 186), (892, 195)],
    '63': [(837, 176), (830, 174), (831, 169), (836, 171), (837, 167), (823, 162), (822, 165), (816, 168), (813, 167), (808, 184), (791, 179), (798, 158), (797, 157), (799, 151), (797, 151), (800, 141), (844, 155), (838, 173)],
    '64': [(819, 133), (806, 129), (813, 106), (826, 110)],
    '65': [(1037, 706), (1031, 714), (1055, 730), (1058, 726), (1060, 727), (1062, 723), (1069, 728), (1072, 724), (1074, 725), (1078, 720), (1055, 703), (1048, 713)],
    '66': [(998, 759), (1047, 794), (1060, 776), (1054, 771), (1053, 773), (1049, 770), (1042, 780), (1015, 760), (1026, 744), (1015, 736)],
    '67': [(1222, 542), (1221, 548), (1244, 552), (1245, 545)],
    '68': [(1209, 526), (1208, 533), (1222, 535), (1223, 528)],
    '69': [(1259, 702), (1250, 708), (1262, 726), (1271, 720)],
    '70': [(870, 1349), (868, 1364), (879, 1365), (881, 1351)],
    '71': [(1134, 1588), (1129, 1614), (1156, 1619), (1161, 1592)],
    '72': [(591, 1159), (587, 1187), (633, 1192), (636, 1165)],
    '73': [(522, 1200), (516, 1241), (579, 1250), (564, 1232), (568, 1207)],
    '74': [(525, 1179), (522, 1200), (568, 1207), (572, 1186)],
    '75': [(703, 642), (713, 609), (692, 603), (682, 636)],
    '76': [(632, 778), (624, 806), (628, 808), (635, 786), (641, 788), (643, 781)],
    '77': [(685, 737), (683, 742), (706, 749), (708, 743), (698, 740), (700, 733), (683, 728), (681, 736)],
    '78': [(840, 548), (838, 556), (855, 561), (857, 553)],
    '79': [(822, 82), (819, 92), (830, 95), (833, 85)],
    '80': [(836, 89), (833, 98), (842, 101), (845, 92)],
    '81': [(838, 173), (846, 175), (845, 179), (837, 176)],
    '82': [(1077, 1805), (1073, 1835), (1100, 1838), (1106, 1840), (1108, 1827), (1101, 1824), (1096, 1816), (1097, 1807)],
    '83': [(1100, 1838), (1073, 1835), (1065, 1893), (1072, 1894), (1077, 1855), (1097, 1857)],
    '84': [(1072, 1894), (1110, 1899), (1114, 1859), (1097, 1857), (1077, 1855)],
    '85': [(1114, 1859), (1110, 1899), (1109, 1904), (1135, 1906), (1140, 1862)],
    '86': [(1098, 1805), (1097, 1815), (1102, 1822), (1114, 1824), (1116, 1807)],
    '87': [(1169, 1822), (1161, 1883), (1183, 1886), (1192, 1826)],
    '88': [(1246, 1581), (1239, 1630), (1239, 1634), (1257, 1638), (1265, 1577), (1256, 1575), (1255, 1582)],
    '89': [(1239, 1630), (1213, 1625), (1212, 1632), (1200, 1630), (1199, 1634), (1206, 1635), (1206, 1643), (1244, 1649), (1244, 1645), (1250, 1646), (1250, 1640), (1239, 1638)],
    '90': [(1197, 1636), (1194, 1635), (1189, 1635), (1188, 1645), (1203, 1647), (1204, 1643), (1197, 1642)],
    '91': [(1185, 1631), (1185, 1635), (1194, 1635), (1195, 1632)],
    '92': [(1198, 1622), (1197, 1626), (1210, 1628), (1210, 1624)],
    '93': [(1038, 1599), (1034, 1626), (1061, 1630), (1065, 1603), (1056, 1601), (1046, 1600)],
    '94': [(1046, 1569), (1043, 1588), (1047, 1589), (1057, 1591), (1065, 1592), (1068, 1572)],
    '95': [(1047, 1589), (1046, 1600), (1056, 1601), (1057, 1591)],
    '96': [(942, 1509), (938, 1536), (973, 1541), (973, 1537), (977, 1514)],
    '97': [(961, 1551), (958, 1573), (957, 1579), (962, 1580), (974, 1582), (980, 1538), (973, 1537), (971, 1553)],
    '98': [(958, 1573), (929, 1569), (926, 1587), (960, 1592), (962, 1580), (957, 1579)],
    '99': [(710, 634), (707, 645), (714, 647), (717, 636), (714, 635)],
    '100': [(994, 1902), (990, 1901), (988, 1921), (998, 1923), (1002, 1893), (1003, 1888), (1007, 1884), (1000, 1882), (997, 1886), (995, 1892), (994, 1898)],
    '101': [(1511, 1286), (1525, 1296), (1544, 1269), (1536, 1263), (1540, 1257), (1528, 1249), (1523, 1256), (1527, 1259), (1524, 1268), (1530, 1273), (1521, 1284), (1515, 1280)],
    '102': [(1146, 1044), (1162, 1022), (1164, 1020), (1165, 1020), (1191, 1024), (1193, 1025), (1194, 1026), (1194, 1027), (1194, 1029), (1187, 1054), (1186, 1055), (1185, 1056), (1183, 1056), (1181, 1056), (1167, 1055), (1152, 1054), (1151, 1053), (1150, 1052), (1150, 1051), (1150, 1049)],
}
