BUILDING_POLY = {
    '00': [(1852, 974), (1977, 975), (1978, 864), (1853, 863), (1853, 916)],
    '01': [(533, 765), (628, 674), (552, 586), (496, 634), (483, 705)],
    '02': [(258, 373), (219, 328), (327, 237), (365, 282), (336, 307)],
    '03': [(1652, 1028), (1652, 1050), (1657, 1050), (1656, 1060), (1728, 1062), (1728, 1055), (1733, 1056), (1734, 1030), (1729, 1030), (1729, 1025), (1715, 1025), (1659, 1023), (1659, 1028)],
    '04': [(521, 267), (556, 293), (565, 282), (576, 291), (569, 300), (518, 367), (489, 345), (519, 305), (502, 293)],
    '05': [(1093, 871), (995, 959), (1106, 1080), (1139, 1051), (1203, 992), (1149, 932)],
    '06': [(1032, 679), (1104, 608), (1162, 552), (1206, 597), (1255, 646), (1191, 709), (1125, 773), (1074, 722)],
    '07': [(685, 385), (707, 410), (660, 452), (580, 522), (558, 497), (637, 427)],
    '08': [(586, 533), (621, 502), (665, 550), (653, 561), (655, 563), (720, 503), (762, 465), (786, 491), (743, 531), (653, 612), (634, 592), (657, 570), (643, 556), (623, 574)],
    '09': [(702, 588), (662, 624), (701, 668), (727, 645), (734, 654), (709, 676), (729, 698), (823, 615), (866, 577), (845, 552), (802, 590), (738, 647), (734, 643), (743, 634)],
    '10': [(780, 670), (743, 705), (782, 747), (804, 726), (813, 736), (793, 755), (816, 780), (901, 703), (946, 661), (921, 634), (878, 674), (817, 730), (812, 725), (822, 715)],
    '11': [(850, 416), (813, 379), (819, 373), (841, 351), (876, 316), (913, 353), (943, 323), (900, 281), (880, 262), (843, 299), (793, 349), (759, 383), (779, 403), (822, 445)],
    '12': [(977, 452), (975, 454), (964, 464), (953, 475), (950, 478), (927, 455), (880, 500), (918, 539), (953, 505), (958, 511), (963, 516), (926, 551), (963, 588), (1008, 545), (982, 519), (985, 514), (996, 503), (1005, 495), (1010, 490), (1032, 513), (1074, 472), (1040, 437), (1010, 467), (1004, 461), (996, 453), (1029, 421), (995, 386), (953, 427)],
    '13': [(892, 175), (962, 254), (980, 238), (934, 186), (949, 173), (1004, 125), (1017, 139), (1071, 201), (1100, 176), (1022, 88), (1012, 98), (998, 82)],
    '14': [(1052, 194), (1078, 219), (1001, 295), (975, 269), (1010, 235)],
    '15': [(832, 1862), (831, 1913), (830, 1941), (907, 1943), (916, 1943), (915, 1973), (907, 1973), (793, 1970), (796, 1861)],
    '16': [(863, 1392), (802, 1453), (849, 1501), (815, 1535), (839, 1559), (898, 1501), (856, 1459), (850, 1454), (888, 1417)],
    '17': [(1343, 947), (1408, 1013), (1462, 958), (1398, 895), (1372, 920)],
    '18': [(1376, 987), (1356, 1007), (1359, 1010), (1352, 1017), (1361, 1027), (1331, 1057), (1300, 1027), (1303, 1024), (1305, 1025), (1347, 983), (1346, 981), (1351, 976), (1339, 965), (1336, 968), (1325, 957), (1297, 986), (1265, 1018), (1277, 1030), (1274, 1034), (1326, 1085), (1328, 1083), (1340, 1095), (1352, 1083), (1356, 1086), (1387, 1055), (1384, 1052), (1392, 1044), (1401, 1053), (1422, 1033)],
    '19': [(1118, 1201), (1138, 1200), (1145, 1191), (1152, 1196), (1154, 1193), (1158, 1188), (1169, 1195), (1187, 1194), (1157, 1232)],
    '20': [(597, 1244), (605, 1213), (631, 1219), (623, 1251)],
    '21': [(570, 1169), (578, 1146), (595, 1152), (587, 1175)],
    '22': [(1835, 547), (1874, 584), (2003, 466), (1961, 424)],
    '23': [(1392, 871), (1457, 937), (1511, 882), (1447, 820), (1421, 844)],
    '24': [(1563, 814), (1551, 824), (1550, 847), (1548, 914), (1585, 916), (1586, 863), (1665, 866), (1664, 891), (1694, 893), (1696, 822)],
    '25': [(945, 1708), (921, 1707), (922, 1673), (923, 1643), (947, 1644)],
    '26': [(1199, 487), (1269, 563), (1292, 589), (1309, 573), (1382, 507), (1393, 497), (1341, 442), (1304, 476), (1281, 497), (1261, 476), (1239, 451)],
    '27': [(884, 902), (919, 913), (906, 954), (909, 956), (925, 975), (927, 977), (972, 938), (999, 968), (933, 1026), (888, 975), (864, 968)],
    '28': [(1218, 105), (1217, 140), (1233, 141), (1295, 143), (1310, 143), (1309, 158), (1309, 179), (1348, 180), (1349, 139), (1369, 140), (1370, 110)],
    '29': [(1291, 184), (1291, 193), (1290, 221), (1214, 219), (1213, 269), (1225, 269), (1281, 271), (1280, 306), (1286, 306), (1363, 309), (1364, 273), (1344, 272), (1346, 231), (1364, 232), (1366, 187)],
    '30': [(1304, 310), (1304, 329), (1303, 354), (1285, 354), (1215, 352), (1215, 370), (1214, 395), (1349, 398), (1351, 311)],
    '31': [(272, 368), (348, 448), (396, 403), (338, 341), (320, 323)],
    '32': [(644, 696), (577, 759), (650, 837), (717, 774), (687, 742)],
    '33': [(694, 812), (659, 848), (719, 842)],
    '34': [(519, 802), (543, 781), (588, 829), (563, 851)],
    '35': [(837, 1604), (815, 1627), (834, 1645), (833, 1788), (797, 1788), (797, 1823), (870, 1824), (870, 1716), (871, 1637)],
    '36': [(451, 568), (481, 568), (516, 529), (511, 497), (477, 501), (446, 520)],
    '37': [(1559, 723), (1492, 694), (1495, 673), (1488, 659), (1494, 638), (1608, 617), (1628, 636), (1623, 658), (1627, 676), (1604, 682), (1607, 694), (1568, 704)],
}
