BUILDING_POLY = {
    '00': [(393, 923), (455, 912), (479, 1007), (612, 987), (596, 887), (650, 878), (700, 1093), (432, 1133)],
    '01': [(702, 873), (771, 865), (804, 1003), (900, 987), (895, 957), (990, 941), (997, 975), (1085, 959), (1078, 929), (1140, 918), (1162, 1021), (998, 1046), (923, 1058), (744, 1086)],
    '02': [(363, 820), (416, 862), (465, 803), (527, 804), (515, 738), (548, 673), (499, 640)],
    '03': [(596, 746), (661, 747), (662, 703), (948, 709), (947, 577), (736, 574), (737, 544), (641, 544), (640, 629), (598, 629)],
    '04': [(963, 362), (962, 467), (1125, 469), (1127, 449), (1343, 458), (1343, 574), (1341, 665), (1457, 667), (1462, 391), (1404, 391), (1404, 331), (1128, 323), (1126, 361)],
    '05': [(1889, 1057), (2103, 1060), (2104, 951), (1974, 946), (1975, 882), (2133, 856), (2134, 830), (2092, 754), (2063, 740), (1862, 778), (1895, 895)],
    '06': [(1505, 306), (1504, 427), (1808, 424), (1845, 417), (1870, 403), (1886, 370), (1887, 311)],
    '07': [(1568, 482), (1834, 439), (1859, 561), (1811, 572), (1818, 595), (1712, 604), (1714, 630), (1702, 665), (1680, 683), (1653, 688), (1617, 688), (1586, 662), (1569, 629), (1550, 561), (1584, 556)],
    '08': [(1246, 1039), (1367, 1033), (1357, 908), (1325, 911), (1322, 871), (1261, 877), (1239, 894), (1229, 918), (1233, 952)],
    '09': [(88, 1499), (105, 1570), (165, 1825), (275, 1800), (259, 1729), (398, 1697), (328, 1397), (126, 1443), (137, 1488)],
    '10': [(1325, 576), (1322, 694), (1081, 690), (1083, 571)],
    '11': [(1876, 602), (1939, 620), (1980, 499), (1957, 416), (1956, 363), (2025, 254), (1979, 230), (1908, 339), (1903, 405), (1931, 496), (1913, 549), (1899, 545)],
    '12': [(1166, 1312), (1221, 1411), (1338, 1378), (1325, 1305), (1299, 1158), (1348, 1149), (1330, 1074), (1282, 1082), (1280, 1052), (1204, 1065), (1210, 1098), (1188, 1100), (1200, 1172), (1144, 1183)],
    '13': [(435, 1392), (432, 1418), (452, 1423), (457, 1434), (477, 1437), (487, 1428), (493, 1395), (484, 1385), (464, 1383), (453, 1394)],
    '14': [(391, 1354), (422, 1397), (483, 1363), (455, 1322)],
}
