BUILDING_POLY = {
    '00': [(404, 529), (424, 721), (456, 705), (481, 684), (501, 656), (508, 629), (507, 593), (501, 558), (497, 537), (487, 522), (466, 525), (459, 473), (441, 475), (447, 525)],
    '01': [(719, 228), (691, 307), (768, 334), (847, 361), (924, 386), (1004, 413), (1031, 331), (970, 310), (961, 337), (865, 306), (778, 275), (787, 249)],
    '02': [(1102, 1544), (1171, 1569), (1235, 1391), (1262, 1317), (1338, 1338), (1366, 1262), (1224, 1219), (1253, 1139), (1177, 1113), (1090, 1349), (1149, 1370), (1161, 1373)],
    '03': [(1007, 1530), (962, 1514), (976, 1478), (880, 1442), (878, 1452), (863, 1446), (845, 1440), (849, 1431), (758, 1395), (741, 1434), (705, 1419), (746, 1319), (783, 1335), (779, 1348), (867, 1382), (872, 1370), (886, 1375), (903, 1382), (898, 1393), (993, 1430), (998, 1416), (1042, 1432)],
    '04': [(552, 1179), (538, 1208), (515, 1262), (511, 1289), (511, 1323), (513, 1347), (520, 1385), (536, 1418), (561, 1427), (552, 1451), (616, 1477), (693, 1241)],
    '05': [(88, 1116), (127, 1169), (211, 1107), (264, 1124), (214, 1271), (269, 1289), (351, 1064), (257, 1028), (245, 1037), (212, 1028)],
    '06': [(272, 1288), (365, 1331), (440, 1278), (482, 1164), (469, 1159), (483, 1123), (486, 1114), (421, 1090), (354, 1066), (331, 1125), (399, 1152), (370, 1233), (323, 1216), (314, 1239), (292, 1231)],
    '07': [(1316, 1563), (1331, 1486), (1231, 1467), (1216, 1545), (1261, 1553)],
    '08': [(1674, 1605), (1835, 1657), (1831, 1672), (1809, 1748), (1742, 1770), (1750, 1843), (1851, 1814), (1928, 1580), (1773, 1529), (1832, 1354), (1763, 1333)],
    '09': [(1446, 1366), (1428, 1430), (1422, 1453), (1454, 1461), (1424, 1560), (1449, 1566), (1439, 1605), (1461, 1612), (1473, 1573), (1505, 1582), (1549, 1443), (1611, 1257), (1540, 1239), (1501, 1379)],
    '10': [(1331, 1616), (1386, 1634), (1401, 1586), (1388, 1583), (1424, 1474), (1378, 1460)],
    '11': [(1636, 1211), (1677, 1243), (1730, 1176), (1688, 1146)],
    '12': [(708, 1616), (679, 1717), (692, 1713), (701, 1739), (722, 1760), (751, 1772), (779, 1769), (795, 1761), (812, 1749), (827, 1730), (838, 1711), (843, 1688), (840, 1665), (853, 1659), (844, 1649), (835, 1654), (826, 1638), (812, 1626), (793, 1618), (770, 1614), (754, 1616), (731, 1626)],
    '13': [(714, 1598), (750, 1610), (760, 1579), (964, 1644), (983, 1576), (745, 1502)],
    '14': [(917, 588), (1049, 622), (1094, 455), (963, 420)],
    '15': [(418, 465), (316, 410), (359, 319), (455, 364), (468, 359), (484, 368), (485, 391), (467, 407), (450, 400), (443, 416)],
    '16': [(711, 939), (659, 1089), (637, 1086), (622, 1125), (635, 1129), (630, 1137), (768, 1191), (782, 1153), (837, 1010), (852, 971), (825, 960), (813, 968), (793, 960), (760, 948), (749, 943), (723, 934)],
    '17': [(950, 923), (947, 934), (937, 932), (925, 966), (931, 968), (938, 971), (935, 980), (1122, 1051), (1134, 1054), (1144, 1023), (1110, 995), (1011, 963), (1017, 947)],
    '18': [(294, 472), (360, 470), (374, 457), (398, 471), (398, 502), (380, 513), (391, 616), (353, 619), (345, 501), (295, 501)],
    '19': [(324, 645), (331, 738), (338, 739), (335, 753), (347, 773), (342, 799), (444, 879), (546, 956), (572, 973), (562, 1002), (522, 989), (500, 1057), (559, 1082), (575, 1087), (622, 944), (589, 933), (606, 906), (589, 892), (596, 885), (613, 863), (590, 844), (577, 860), (563, 849), (572, 840), (518, 798), (428, 733), (411, 748), (406, 744), (402, 739), (391, 639)],
    '20': [(454, 1023), (487, 1033), (509, 960), (479, 948)],
    '21': [(1813, 1527), (1931, 1185), (1961, 1195), (1957, 1175), (1965, 1155), (1979, 1147), (1998, 1144), (2020, 1154), (2028, 1173), (2021, 1195), (2012, 1212), (2030, 1217), (1973, 1374), (1985, 1377), (1922, 1566)],
    '22': [(2039, 1414), (2047, 1204), (2080, 1206), (2078, 1129), (2094, 1137), (2105, 1148), (2115, 1162), (2127, 1188), (2132, 1207), (2133, 1228), (2134, 1254), (2130, 1283), (2122, 1313), (2110, 1338), (2095, 1328), (2096, 1414)],
    '23': [(753, 876), (761, 902), (797, 889), (787, 864)],
    '24': [(617, 230), (581, 244), (573, 265), (585, 270), (615, 281), (633, 236)],
    '25': [(683, 380), (691, 357), (598, 326), (591, 352), (569, 348), (555, 391), (545, 388), (533, 412), (535, 423), (567, 432), (575, 425), (586, 395), (608, 397), (621, 360)],
    '26': [(632, 257), (685, 276), (702, 227), (658, 212), (641, 227)],
    '27': [(1096, 1571), (1088, 1597), (1116, 1605), (1124, 1578)],
    '28': [(771, 920), (760, 948), (793, 960), (804, 933)],
    '29': [(1087, 411), (1112, 331), (1168, 348), (1157, 388), (1195, 400), (1175, 478), (1118, 461), (1129, 424)],
    '30': [(684, 1168), (675, 1190), (707, 1200), (713, 1180), (704, 1175), (696, 1173), (689, 1171)],
}
