BUILDING_POLY = {
    '00': [(1356, 423), (1372, 425), (1369, 444), (1315, 436), (1291, 586), (1181, 569), (1166, 572), (1165, 571), (1196, 474), (1230, 479), (1232, 470), (1277, 477), (1290, 399), (1337, 406), (1342, 376), (1258, 362), (1263, 330), (1291, 335), (1292, 327), (1342, 335), (1341, 344), (1368, 349)],
    '01': [(1317, 1447), (1284, 1468), (1277, 1458), (1257, 1471), (1098, 1225), (1130, 1205), (1136, 1215), (1159, 1201)],
    '02': [(760, 1668), (884, 1924), (782, 1973), (699, 1801), (673, 1813), (632, 1728), (638, 1725), (632, 1713), (736, 1663), (743, 1676)],
    '03': [(1238, 771), (1301, 852), (1253, 890), (1190, 810), (1001, 957), (962, 907), (1183, 736), (1203, 627), (1263, 638)],
    '04': [(1741, 481), (1706, 523), (1647, 476), (1623, 506), (1683, 554), (1653, 592), (1586, 538), (1578, 549), (1565, 538), (1590, 507), (1596, 512), (1633, 467), (1521, 376), (1557, 332), (1630, 392), (1646, 407)],
    '05': [(1638, 259), (1716, 328), (1646, 407), (1630, 392), (1669, 347), (1608, 293)],
    '06': [(1509, 146), (1611, 234), (1578, 272), (1517, 220), (1475, 268), (1550, 332), (1518, 369), (1423, 286), (1468, 235), (1479, 244), (1510, 208), (1479, 180)],
    '07': [(1460, 82), (1501, 119), (1386, 245), (1345, 208)],
    '08': [(1675, 784), (1701, 844), (1686, 851), (1713, 913), (1665, 933), (1650, 897), (1636, 903), (1595, 809), (1585, 813), (1560, 755), (1574, 749), (1562, 722), (1550, 728), (1530, 682), (1600, 652), (1659, 791)],
    '09': [(1785, 1076), (1805, 1121), (1643, 1195), (1622, 1150)],
    '10': [(1301, 1098), (1389, 1234), (1309, 1285), (1272, 1291), (1204, 1186), (1281, 1137), (1269, 1119)],
    '11': [(1329, 1470), (1408, 1593), (1244, 1699), (1284, 1759), (1238, 1788), (1170, 1683), (1320, 1586), (1270, 1509)],
    '12': [(1189, 1784), (1221, 1795), (1172, 1936), (1109, 1914), (1146, 1808), (1128, 1803), (1151, 1737), (1177, 1746), (1193, 1770)],
    '13': [(1066, 939), (1165, 1064), (991, 1201), (949, 1148), (954, 1144), (897, 1072)],
    '14': [(855, 1162), (881, 1196), (798, 1258), (809, 1272), (716, 1342), (680, 1294)],
    '15': [(913, 1106), (898, 1118), (904, 1125), (860, 1161), (873, 1177), (932, 1129)],
    '16': [(642, 1310), (691, 1347), (672, 1373), (616, 1447), (598, 1434), (579, 1460), (571, 1454), (575, 1448), (568, 1443), (585, 1422), (567, 1409)],
    '17': [(579, 1460), (613, 1491), (694, 1387), (672, 1373), (616, 1447), (598, 1434)],
    '18': [(542, 1552), (563, 1566), (556, 1574), (587, 1599), (478, 1739), (453, 1717), (436, 1741), (417, 1722)],
    '19': [(1174, 1458), (1080, 1309), (978, 1374), (1072, 1522)],
    '20': [(1364, 1313), (1407, 1310), (1428, 1549), (1385, 1553)],
}
