BUILDING_POLY = {
    '00': [(677, 817), (521, 813), (525, 648), (554, 649), (556, 598), (543, 598), (517, 565), (773, 571), (767, 825), (756, 824), (731, 790), (678, 789)],
    '01': [(1184, 804), (1231, 854), (1060, 1011), (1102, 1056), (1117, 1042), (1147, 1075), (1119, 1101), (1115, 1186), (1178, 1189), (1180, 1147), (1222, 1149), (1326, 1049), (1304, 1025), (1320, 1010), (1264, 951), (1272, 943), (1395, 1070), (1251, 1208), (1207, 1207), (1207, 1240), (1114, 1238), (1114, 1226), (1063, 1225), (1066, 1090), (1018, 1041), (1032, 1016), (996, 977)],
    '02': [(813, 1201), (985, 1201), (985, 1229), (1020, 1229), (1020, 1263), (839, 1264), (813, 1239)],
    '03': [(965, 1290), (1044, 1288), (1048, 1377), (976, 1375), (949, 1366), (947, 1345), (958, 1343), (956, 1302), (966, 1300)],
    '04': [(811, 1375), (975, 1379), (973, 1436), (810, 1432)],
    '05': [(1558, 1286), (1635, 1365), (1496, 1499), (1307, 1306), (1339, 1274), (1481, 1419), (1558, 1345), (1528, 1315)],
    '06': [(1660, 1600), (1766, 1493), (1928, 1652), (1859, 1722), (1823, 1759)],
    '07': [(430, 153), (428, 294), (464, 295), (460, 562), (294, 559), (294, 505), (396, 506), (398, 354), (300, 352), (301, 299), (355, 300), (356, 187), (366, 165), (381, 152)],
    '08': [(512, 84), (644, 82), (655, 145), (655, 195), (646, 238), (591, 237), (587, 200), (561, 197), (543, 236), (510, 237), (490, 180), (492, 140)],
    '09': [(711, 213), (804, 218), (793, 452), (838, 454), (839, 428), (929, 432), (919, 654), (838, 650), (846, 487), (698, 480)],
    '10': [(825, 727), (874, 728), (878, 703), (990, 703), (983, 846), (884, 847), (881, 911), (984, 915), (979, 980), (996, 977), (1032, 1016), (954, 1017), (953, 1056), (863, 1046), (865, 999), (821, 934)],
    '11': [(841, 1829), (881, 1830), (880, 1948), (874, 1961), (863, 1969), (846, 1973), (751, 1973), (752, 1917), (841, 1918)],
}
