BUILDING_POLY = {
    '00': [(1131, 1713), (1035, 1717), (1038, 1779), (1131, 1773), (1134, 1770), (1149, 1770), (1155, 1764), (1155, 1760), (1175, 1738), (1171, 1734), (1169, 1731), (1167, 1701), (1139, 1702)],
    '01': [(1360, 946), (1358, 1023), (1357, 1044), (1355, 1044), (1332, 1045), (1309, 1049), (1286, 1056), (1263, 1065), (1236, 1083), (1213, 1104), (1195, 1125), (1193, 1129), (1179, 1152), (1120, 1125), (1121, 1123), (1128, 1109), (1108, 1098), (1119, 1080), (1129, 1065), (1142, 1050), (1156, 1035), (1150, 1028), (1170, 1010), (1201, 988), (1225, 975), (1248, 964), (1274, 956), (1300, 950), (1330, 946), (1359, 946)],
    '02': [(136, 1267), (215, 1269), (218, 1269), (224, 1269), (268, 1270), (267, 1310), (234, 1310), (234, 1343), (265, 1344), (264, 1373), (264, 1383), (184, 1382), (134, 1381), (135, 1344), (135, 1341), (171, 1342), (172, 1308), (135, 1307)],
    '03': [(384, 1247), (496, 1250), (499, 1251), (497, 1314), (497, 1317), (516, 1318), (515, 1337), (495, 1336), (494, 1351), (381, 1348), (382, 1337), (383, 1286)],
    '04': [(767, 1347), (825, 1348), (827, 1348), (830, 1348), (854, 1349), (863, 1349), (919, 1350), (917, 1462), (900, 1461), (891, 1471), (890, 1488), (737, 1485), (738, 1442), (756, 1443), (765, 1433), (765, 1416), (813, 1417), (813, 1403), (813, 1391), (766, 1390)],
    '05': [(373, 1612), (437, 1614), (436, 1639), (435, 1662), (468, 1663), (466, 1735), (337, 1731), (338, 1700), (339, 1649), (372, 1650), (372, 1640)],
    '06': [(132, 1522), (180, 1523), (178, 1597), (186, 1597), (186, 1593), (205, 1588), (214, 1620), (213, 1642), (187, 1641), (187, 1638), (176, 1638), (175, 1649), (175, 1653), (174, 1695), (174, 1700), (172, 1804), (146, 1804), (145, 1810), (128, 1813), (126, 1806), (127, 1770), (123, 1769), (123, 1775), (119, 1775), (117, 1757), (123, 1756), (123, 1765), (128, 1766), (128, 1716), (128, 1709), (128, 1701), (127, 1697), (130, 1644), (126, 1643), (125, 1648), (122, 1648), (120, 1640), (119, 1630), (126, 1629), (125, 1639), (130, 1639), (130, 1623), (131, 1567), (127, 1567), (127, 1571), (123, 1571), (121, 1553), (127, 1553), (127, 1562), (131, 1562)],
    '07': [(1452, 1035), (1423, 1068), (1442, 1087), (1457, 1109), (1465, 1131), (1468, 1148), (1471, 1167), (1515, 1158), (1513, 1146), (1511, 1130), (1505, 1106), (1494, 1083), (1479, 1062), (1474, 1056), (1463, 1045)],
    '08': [(1616, 895), (1643, 928), (1626, 942), (1599, 909)],
    '09': [(1593, 717), (1561, 740), (1568, 750), (1561, 755), (1577, 777), (1585, 771), (1592, 781), (1623, 758)],
    '10': [(1632, 777), (1651, 809), (1677, 794), (1657, 762)],
    '11': [(1663, 1214), (1737, 1216), (1735, 1289), (1704, 1288), (1692, 1288), (1662, 1287)],
    '12': [(1805, 1150), (1834, 1150), (1835, 1163), (1888, 1164), (1888, 1160), (1889, 1133), (1889, 1118), (1889, 1112), (1833, 1111), (1833, 1092), (1833, 1089), (1834, 1041), (1944, 1042), (1946, 1043), (1974, 1043), (1975, 1049), (1994, 1060), (1994, 1083), (1970, 1096), (1970, 1099), (1969, 1113), (1969, 1115), (1985, 1126), (1981, 1207), (1971, 1213), (1970, 1217), (1948, 1229), (1947, 1241), (1936, 1247), (1936, 1251), (1916, 1251), (1817, 1249), (1817, 1232), (1817, 1221), (1803, 1221)],
    '13': [(1951, 989), (2006, 990), (2016, 981), (2019, 979), (2032, 990), (2050, 972), (2070, 952), (2058, 939), (2072, 927), (2063, 918), (2048, 918), (2048, 894), (2043, 888), (2016, 887), (2017, 869), (1999, 849), (1981, 850), (1981, 825), (1976, 818), (1950, 817), (1950, 798), (1934, 781), (1914, 779), (1914, 754), (1908, 748), (1883, 747), (1883, 731), (1876, 723), (1862, 735), (1849, 722), (1830, 740), (1810, 759), (1823, 773), (1809, 785), (1819, 795), (1819, 799), (1810, 799), (1811, 841), (1813, 844), (1818, 848), (1860, 850), (1865, 844), (1872, 851), (1883, 862), (1915, 864), (1915, 881), (1934, 882), (1933, 914), (1940, 923), (1946, 929), (1945, 982)],
    '14': [(1978, 1746), (1993, 1787), (1959, 1800), (1957, 1796), (1953, 1798), (1948, 1799), (1950, 1803), (1934, 1809), (1919, 1767), (1934, 1762), (1935, 1765), (1940, 1764), (1945, 1762), (1944, 1758)],
    '15': [(855, 1784), (866, 1802), (844, 1814), (834, 1795)],
    '16': [(823, 1809), (813, 1792), (803, 1798), (801, 1795), (775, 1809), (786, 1829)],
    '17': [(1644, 1157), (1645, 1139), (1663, 1140), (1663, 1146), (1669, 1146), (1669, 1158)],
    '18': [(1324, 348), (1376, 276), (1151, 114), (1144, 125), (1105, 178), (1099, 186)],
    '19': [(1428, 373), (1422, 384), (1441, 396), (1426, 420), (1461, 441), (1474, 422), (1490, 432), (1499, 418)],
    '20': [(999, 407), (989, 418), (1022, 449), (1012, 459), (1014, 462), (1012, 464), (1018, 469), (1026, 471), (1025, 476), (1034, 476), (1042, 475), (1043, 479), (1052, 476), (1057, 472), (1061, 468), (1070, 476), (1079, 466), (1093, 478), (1116, 455), (1091, 429), (1113, 407), (1088, 383), (1110, 361), (1088, 338), (1021, 406), (1011, 396), (1007, 400), (1010, 404), (1003, 410)],
    '21': [(1020, 289), (984, 326), (936, 279), (1007, 207), (1020, 217), (1026, 212), (1065, 241), (1061, 247), (1069, 253), (1038, 283), (1036, 282), (1024, 294)],
    '22': [(518, 1235), (571, 1236), (572, 1223), (614, 1224), (615, 1171), (610, 1171), (603, 1171), (603, 1200), (564, 1199), (567, 1069), (579, 1070), (579, 1060), (597, 1060), (596, 1066), (603, 1066), (603, 1135), (654, 1136), (656, 1051), (669, 1051), (669, 1042), (689, 1043), (689, 1051), (697, 1051), (694, 1182), (654, 1181), (654, 1171), (646, 1171), (645, 1197), (687, 1198), (687, 1213), (744, 1214), (742, 1304), (646, 1302), (646, 1319), (676, 1319), (677, 1309), (696, 1309), (695, 1344), (645, 1343), (645, 1349), (637, 1349), (613, 1349), (613, 1345), (554, 1343), (554, 1338), (538, 1337), (515, 1337), (516, 1318)],
    '23': [(1804, 1024), (1823, 1025), (1822, 1089), (1833, 1089), (1833, 1092), (1822, 1092), (1822, 1113), (1803, 1113)],
    '24': [(1789, 1896), (1774, 1896), (1774, 1973), (1789, 1973)],
    '25': [(862, 988), (912, 989), (912, 1011), (862, 1010)],
    '26': [(2035, 1126), (2073, 1127), (2111, 1128), (2109, 1232), (2091, 1232), (2081, 1232), (2074, 1231), (2067, 1231), (2063, 1231), (2058, 1231), (2054, 1231), (2050, 1231), (2045, 1231), (2041, 1231), (2033, 1231)],
    '27': [(1113, 1846), (1134, 1845), (1200, 1842), (1202, 1896), (1202, 1902), (1116, 1905)],
    '28': [(1200, 1842), (1198, 1815), (1204, 1814), (1218, 1813), (1224, 1811), (1234, 1809), (1244, 1810), (1252, 1813), (1260, 1817), (1268, 1824), (1272, 1830), (1275, 1837), (1277, 1845), (1278, 1853), (1278, 1860), (1277, 1867), (1274, 1875), (1268, 1883), (1261, 1889), (1257, 1892), (1258, 1894), (1248, 1897), (1248, 1900), (1213, 1901), (1213, 1895), (1202, 1896)],
    '29': [(1456, 1141), (1453, 1130), (1443, 1108), (1429, 1089), (1411, 1073), (1390, 1062), (1368, 1057), (1355, 1055), (1334, 1057), (1318, 1058), (1310, 1060), (1311, 1063), (1289, 1070), (1273, 1077), (1271, 1074), (1263, 1078), (1233, 1100), (1213, 1120), (1196, 1145), (1183, 1173), (1179, 1171), (1176, 1170), (1184, 1153), (1188, 1143), (1196, 1131), (1193, 1129), (1195, 1125), (1213, 1104), (1236, 1083), (1263, 1065), (1286, 1056), (1309, 1049), (1332, 1045), (1355, 1044), (1355, 1049), (1373, 1050), (1400, 1059), (1414, 1067), (1426, 1076), (1438, 1088), (1449, 1103), (1458, 1124), (1463, 1141), (1475, 1204), (1471, 1205), (1468, 1205)],
    '30': [(1401, 536), (1402, 540), (1404, 544), (1383, 549), (1307, 556), (1307, 554), (1306, 548), (1382, 541)],
    '31': [(504, 1757), (523, 1750), (532, 1771), (513, 1778)],
    '32': [(513, 1739), (520, 1736), (523, 1744), (517, 1747)],
    '33': [(540, 1744), (559, 1736), (568, 1757), (548, 1765)],
    '34': [(1422, 300), (1385, 356), (1414, 376), (1448, 320)],
    '35': [(1648, 1340), (1647, 1418), (1721, 1419), (1723, 1342)],
    '36': [(1066, 175), (1075, 164), (1080, 168), (1072, 179)],
    '37': [(1056, 168), (1064, 157), (1070, 161), (1061, 172)],
    '38': [(1045, 160), (1053, 149), (1059, 153), (1051, 164)],
    '39': [(1034, 153), (1042, 141), (1048, 146), (1040, 157)],
    '40': [(1024, 145), (1032, 134), (1038, 138), (1029, 149)],
    '41': [(1013, 137), (1021, 125), (1027, 130), (1018, 141)],
    '42': [(1002, 129), (1010, 118), (1016, 122), (1007, 133)],
    '43': [(992, 122), (1000, 110), (1006, 115), (997, 126)],
    '44': [(1105, 95), (1116, 82), (1126, 90), (1115, 103)],
    '45': [(816, 1061), (816, 1089), (829, 1090), (829, 1062), (826, 1062), (820, 1061)],
    '46': [(833, 1062), (832, 1090), (845, 1090), (846, 1062), (842, 1062), (836, 1062)],
    '47': [(850, 1062), (849, 1090), (862, 1090), (863, 1062), (860, 1062), (853, 1062)],
    '48': [(866, 1062), (865, 1090), (878, 1091), (879, 1063), (876, 1062), (870, 1062)],
    '49': [(883, 1063), (882, 1091), (895, 1091), (896, 1063), (893, 1063), (886, 1063)],
    '50': [(803, 1036), (802, 1043), (802, 1055), (804, 1055), (810, 1056), (820, 1056), (826, 1056), (837, 1056), (842, 1056), (853, 1057), (860, 1057), (870, 1057), (876, 1057), (886, 1057), (893, 1057), (909, 1058), (910, 1038)],
    '51': [(899, 1063), (898, 1101), (909, 1102), (918, 1102), (919, 1063), (909, 1063)],
    '52': [(826, 1056), (826, 1062), (820, 1061), (820, 1056)],
    '53': [(842, 1056), (842, 1062), (836, 1062), (837, 1056)],
    '54': [(853, 1057), (853, 1062), (860, 1062), (860, 1057)],
    '55': [(870, 1062), (870, 1057), (876, 1057), (876, 1062)],
    '56': [(886, 1057), (886, 1063), (893, 1063), (893, 1057)],
    '57': [(810, 1056), (809, 1061), (804, 1061), (804, 1055)],
    '58': [(800, 1061), (799, 1089), (812, 1089), (813, 1061), (809, 1061), (804, 1061)],
    '59': [(310, 1732), (322, 1732), (321, 1759), (310, 1759)],
    '60': [(1761, 1272), (1761, 1277), (1783, 1278), (1783, 1273)],
    '61': [(1633, 725), (1623, 713), (1631, 707), (1641, 719)],
    '62': [(1692, 1288), (1692, 1298), (1704, 1298), (1704, 1288)],
    '63': [(991, 1568), (986, 1553), (1013, 1543), (1017, 1552), (1018, 1555), (1016, 1556), (1019, 1564), (1001, 1571), (999, 1565)],
    '64': [(926, 1526), (918, 1500), (934, 1495), (936, 1499), (946, 1496), (953, 1518)],
    '65': [(787, 1628), (782, 1618), (800, 1609), (805, 1619)],
    '66': [(809, 1671), (800, 1651), (824, 1640), (834, 1660)],
    '67': [(1970, 1099), (1979, 1099), (1979, 1105), (1979, 1113), (1969, 1113)],
    '68': [(1874, 1117), (1889, 1118), (1888, 1160), (1873, 1160)],
    '69': [(112, 1505), (121, 1505), (120, 1518), (111, 1517)],
    '70': [(821, 1694), (834, 1691), (835, 1695), (823, 1699), (823, 1697)],
    '71': [(1950, 1803), (1959, 1800), (1957, 1796), (1948, 1799)],
    '72': [(1934, 1762), (1944, 1758), (1945, 1762), (1935, 1765)],
    '73': [(1121, 1123), (1064, 1091), (1085, 1040), (1118, 991), (1173, 942), (1244, 909), (1356, 896), (1359, 946), (1330, 946), (1300, 950), (1274, 956), (1248, 964), (1225, 975), (1201, 988), (1150, 1028), (1156, 1035), (1142, 1050), (1129, 1065), (1119, 1080), (1108, 1098), (1128, 1109)],
    '74': [(812, 1274), (867, 1274), (869, 1157), (813, 1156)],
    '75': [(187, 1938), (198, 1933), (200, 1937), (189, 1942), (189, 1940)],
    '76': [(1582, 1499), (1570, 1502), (1571, 1504), (1571, 1507), (1583, 1504)],
    '77': [(1678, 1531), (1691, 1528), (1690, 1530), (1692, 1532), (1679, 1535)],
    '78': [(1100, 1833), (1187, 1830), (1186, 1804), (1098, 1808)],
    '79': [(924, 1713), (937, 1709), (936, 1712), (938, 1713), (925, 1717)],
}
