BUILDING_POLY = {
    '00': [(971, 684), (978, 687), (901, 839), (882, 877), (893, 882), (906, 889), (911, 880), (936, 892), (951, 899), (965, 906), (938, 960), (924, 953), (912, 947), (874, 1025), (870, 1023), (794, 985), (795, 983), (781, 977), (771, 972), (745, 1023), (771, 1036), (744, 1089), (691, 1063), (695, 1053), (672, 1041), (641, 1104), (615, 1154), (610, 1152), (605, 1150), (535, 1115), (562, 1061), (599, 986), (573, 973), (620, 880), (645, 829), (680, 760), (645, 743), (654, 726), (688, 743), (691, 737), (820, 801), (897, 647)],
    '01': [(1338, 1187), (1341, 1181), (1359, 1144), (1374, 1113), (1390, 1082), (1401, 1070), (1404, 1064), (1467, 1094), (1460, 1110), (1488, 1124), (1446, 1208), (1430, 1240), (1438, 1244), (1446, 1248), (1452, 1251), (1459, 1255), (1476, 1263), (1462, 1289), (1439, 1335), (1394, 1313), (1413, 1272), (1395, 1263), (1401, 1252), (1380, 1217), (1348, 1220), (1332, 1198)],
    '02': [(1332, 1198), (1348, 1220), (1380, 1217), (1401, 1252), (1395, 1263), (1413, 1272), (1394, 1313), (1377, 1348), (1367, 1366), (1352, 1359), (1349, 1364), (1346, 1370), (1303, 1373), (1297, 1363), (1253, 1365), (1235, 1338), (1231, 1331), (1207, 1294), (1183, 1257), (1179, 1251), (1195, 1216), (1209, 1189), (1259, 1186), (1259, 1186), (1263, 1186), (1292, 1184), (1310, 1183), (1315, 1182), (1341, 1181), (1338, 1187)],
    '03': [(881, 1279), (883, 1274), (886, 1268), (846, 1249), (892, 1158), (896, 1150), (977, 1190), (1072, 1238), (1023, 1337), (983, 1317), (981, 1322), (978, 1328), (954, 1315), (903, 1289)],
    '04': [(1670, 1135), (1672, 1137), (1682, 1141), (1692, 1146), (1687, 1156), (1755, 1189), (1748, 1204), (1753, 1206), (1749, 1214), (1735, 1207), (1724, 1231), (1702, 1275), (1697, 1273), (1689, 1269), (1681, 1265), (1679, 1264), (1684, 1255), (1616, 1222), (1623, 1207), (1618, 1204), (1622, 1197), (1642, 1206), (1646, 1199), (1639, 1195), (1665, 1145), (1668, 1138)],
    '05': [(628, 1341), (633, 1321), (575, 1306), (584, 1270), (677, 1295), (667, 1330), (665, 1330), (660, 1350)],
    '06': [(1020, 949), (1075, 976), (1078, 977), (1080, 978), (1070, 1000), (1041, 1057), (1039, 1062), (1032, 1077), (1029, 1076), (1011, 1067), (993, 1058), (972, 1047)],
    '07': [(638, 758), (460, 670), (478, 635), (461, 626), (470, 608), (592, 365), (664, 401), (646, 435), (712, 468), (766, 360), (823, 388), (654, 726), (645, 743)],
    '08': [(1108, 925), (1050, 896), (1129, 736), (1124, 734), (1149, 684), (1179, 699), (1174, 709), (1205, 724), (1199, 736), (1195, 744), (1187, 760), (1127, 880), (1130, 882), (1128, 886), (1125, 892), (1122, 897)],
    '09': [(1204, 943), (1182, 980), (1198, 989), (1150, 1087), (1147, 1085), (1127, 1125), (1115, 1119), (1098, 1110), (1080, 1102), (1101, 1061), (1097, 1060), (1125, 1001), (1145, 960), (1159, 967), (1168, 948), (1174, 941), (1179, 931)],
    '10': [(1495, 979), (1519, 991), (1527, 995), (1547, 1005), (1553, 1008), (1556, 1009), (1562, 1013), (1573, 1018), (1568, 1028), (1564, 1035), (1562, 1040), (1560, 1044), (1534, 1096), (1524, 1091), (1517, 1088), (1514, 1086), (1508, 1084), (1505, 1082), (1456, 1058), (1462, 1045), (1466, 1037), (1469, 1030)],
    '11': [(1614, 824), (1706, 638), (1728, 649), (1726, 653), (1729, 655), (1744, 662), (1755, 668), (1727, 725), (1704, 771), (1672, 834), (1675, 835), (1669, 848), (1649, 838), (1648, 841), (1639, 837)],
    '12': [(1168, 353), (1157, 374), (1143, 402), (1117, 453), (933, 361), (938, 351), (983, 261)],
    '13': [(1394, 1313), (1439, 1335), (1462, 1289), (1575, 1346), (1565, 1366), (1568, 1367), (1560, 1382), (1555, 1380), (1550, 1391), (1604, 1418), (1606, 1413), (1608, 1414), (1616, 1418), (1624, 1422), (1625, 1422), (1605, 1463), (1586, 1454), (1590, 1447), (1522, 1413), (1503, 1403), (1494, 1399), (1488, 1396), (1424, 1364), (1421, 1370), (1386, 1352), (1377, 1348)],
    '14': [(1807, 109), (2057, 232), (2052, 241), (2063, 247), (2057, 258), (2047, 253), (2038, 269), (2020, 260), (1949, 225), (1932, 217), (1879, 190), (1789, 146), (1791, 142), (1802, 120)],
    '15': [(1742, 208), (1759, 175), (1840, 215), (1799, 299), (1718, 259), (1722, 252), (1736, 224), (1725, 219), (1733, 204)],
    '16': [(1974, 396), (1965, 414), (1868, 366), (1857, 361), (1866, 344), (1849, 335), (1874, 285), (1892, 294), (1885, 307), (1992, 360)],
    '17': [(1236, 188), (1241, 179), (1236, 177), (1249, 151), (1317, 184), (1304, 210), (1263, 191), (1259, 199)],
    '18': [(1543, 529), (1551, 513), (1575, 525), (1573, 529), (1575, 530), (1578, 531), (1585, 518), (1609, 529), (1602, 543), (1607, 546), (1609, 542), (1633, 553), (1591, 638), (1592, 639), (1588, 647), (1584, 656), (1579, 653), (1568, 647), (1514, 755), (1517, 757), (1511, 769), (1490, 759), (1488, 762), (1479, 758), (1453, 745), (1504, 643), (1515, 621), (1499, 613), (1507, 596), (1509, 597)],
    '19': [(1761, 1350), (1739, 1386), (1735, 1392), (1648, 1538), (1635, 1564), (1624, 1585), (1624, 1626), (1718, 1672), (1721, 1674), (1724, 1676), (1811, 1678), (1817, 1667), (1747, 1631), (1753, 1619), (1764, 1596), (1801, 1521), (1810, 1503), (1863, 1397), (1853, 1393)],
    '20': [(1384, 491), (1394, 496), (1401, 483), (1434, 499), (1445, 504), (1438, 519), (1436, 518), (1359, 673), (1360, 674), (1351, 693), (1319, 678), (1314, 675), (1289, 663), (1291, 660), (1292, 658), (1294, 653), (1297, 648), (1299, 644), (1306, 647), (1376, 507), (1380, 498)],
    '21': [(1723, 881), (1731, 863), (1753, 818), (1758, 809), (1762, 799), (1806, 710), (1809, 705), (1811, 699), (1862, 724), (1860, 729), (1886, 741), (1802, 914), (1775, 901), (1773, 905)],
    '22': [(1735, 942), (1722, 966), (1768, 989), (1780, 966), (1764, 957)],
    '23': [(1239, 635), (1291, 660), (1289, 663), (1277, 688), (1275, 692), (1223, 667), (1228, 656), (1220, 652), (1215, 663), (1189, 650), (1257, 513), (1265, 517), (1267, 514), (1279, 520), (1278, 523), (1281, 524), (1299, 487), (1276, 476), (1306, 416), (1331, 429), (1323, 445), (1321, 449), (1329, 453), (1322, 469), (1317, 478), (1245, 622), (1243, 627), (1240, 632)],
    '24': [(487, 1342), (586, 1391), (587, 1393), (588, 1398), (590, 1402), (590, 1408), (590, 1413), (588, 1418), (585, 1422), (581, 1425), (577, 1427), (573, 1428), (567, 1429), (561, 1428), (553, 1427), (545, 1425), (536, 1422), (527, 1418), (519, 1412), (514, 1410), (508, 1409), (503, 1409), (498, 1409), (489, 1413), (476, 1421), (470, 1422), (463, 1422), (457, 1420), (453, 1417), (449, 1413), (446, 1409), (445, 1404), (445, 1397), (447, 1388), (452, 1376), (456, 1369), (459, 1364), (464, 1358), (469, 1353), (475, 1349), (481, 1345)],
    '25': [(635, 1473), (577, 1589), (493, 1548), (491, 1540), (492, 1531), (496, 1522), (502, 1516), (506, 1514), (512, 1512), (521, 1512), (534, 1514), (544, 1517), (548, 1518), (554, 1517), (559, 1514), (563, 1510), (566, 1502), (569, 1487), (573, 1477), (578, 1468), (583, 1461), (589, 1455), (595, 1453), (602, 1450), (608, 1450), (616, 1451), (622, 1453), (626, 1456), (630, 1460), (633, 1465), (634, 1470)],
    '26': [(429, 1516), (441, 1514), (452, 1511), (464, 1506), (469, 1503), (473, 1499), (475, 1493), (477, 1486), (477, 1479), (474, 1474), (471, 1469), (468, 1467), (463, 1464), (455, 1462), (437, 1462), (423, 1460), (414, 1458), (405, 1454), (398, 1447), (395, 1442), (393, 1432), (395, 1424), (408, 1399), (414, 1386), (416, 1377), (416, 1369), (415, 1367), (413, 1361), (412, 1356), (407, 1351), (404, 1348), (398, 1345), (394, 1344), (390, 1344), (383, 1345), (379, 1346), (322, 1462)],
    '27': [(1314, 1957), (1224, 1912), (1250, 1859), (1256, 1862), (1260, 1865), (1298, 1883), (1321, 1894), (1341, 1904)],
    '28': [(262, 1389), (270, 1393), (278, 1397), (281, 1398), (307, 1411), (290, 1446), (261, 1432), (251, 1428), (244, 1424), (117, 1360), (132, 1331), (260, 1394)],
    '29': [(664, 401), (698, 328), (625, 292), (592, 365)],
    '30': [(573, 353), (500, 317), (371, 574), (351, 615), (425, 651), (442, 617), (461, 626), (470, 608), (451, 598)],
    '31': [(1257, 758), (1257, 756), (1256, 755), (1254, 755), (1253, 755), (1252, 756), (1251, 758), (1252, 759), (1253, 760), (1254, 761), (1256, 760), (1257, 759)],
    '32': [(1257, 766), (1256, 764), (1255, 762), (1252, 762), (1250, 762), (1248, 764), (1248, 766), (1248, 769), (1250, 770), (1252, 771), (1255, 770), (1256, 769)],
    '33': [(781, 1536), (790, 1519), (795, 1516), (799, 1516), (802, 1519), (803, 1524), (793, 1543), (789, 1545), (785, 1545), (782, 1543), (781, 1540)],
    '34': [(800, 1547), (800, 1551), (803, 1555), (808, 1556), (813, 1553), (822, 1535), (822, 1530), (819, 1526), (815, 1525), (811, 1526)],
    '35': [(820, 1556), (820, 1561), (824, 1565), (829, 1565), (833, 1562), (842, 1544), (841, 1539), (838, 1535), (833, 1535), (829, 1538)],
    '36': [(135, 1212), (126, 1229), (128, 1230), (121, 1244), (195, 1280), (301, 1333), (307, 1336), (311, 1338), (337, 1350), (354, 1315), (337, 1306), (336, 1307), (324, 1301), (318, 1297), (310, 1294), (308, 1298)],
    '37': [(1683, 903), (1740, 931), (1737, 937), (1735, 942), (1764, 957), (1767, 952), (1770, 946), (1779, 927), (1692, 884)],
    '38': [(1494, 1475), (1506, 1481), (1561, 1508), (1571, 1487), (1504, 1455)],
    '39': [(1170, 1334), (1183, 1342), (1188, 1341), (1190, 1337), (1189, 1330), (1176, 1323), (1171, 1324), (1168, 1328)],
    '40': [(1156, 1357), (1172, 1364), (1177, 1362), (1179, 1358), (1178, 1353), (1163, 1345), (1157, 1347), (1155, 1351)],
    '41': [(1147, 1379), (1160, 1386), (1165, 1385), (1168, 1382), (1166, 1376), (1152, 1368), (1147, 1369), (1144, 1373)],
    '42': [(553, 258), (526, 312), (580, 338), (607, 285)],
    '43': [(1159, 921), (1161, 916), (1164, 911), (1167, 905), (1169, 901), (1175, 905), (1236, 784), (1244, 768), (1257, 774), (1263, 777), (1269, 780), (1271, 781), (1277, 784), (1301, 796), (1291, 816), (1287, 814), (1228, 931), (1229, 932), (1228, 934), (1224, 942), (1221, 949), (1220, 951), (1204, 943), (1179, 931)],
    '44': [(1448, 469), (1459, 475), (1445, 504), (1434, 499)],
    '45': [(1446, 1248), (1462, 1216), (1476, 1188), (1511, 1117), (1514, 1111), (1518, 1104), (1524, 1091), (1517, 1088), (1514, 1086), (1508, 1084), (1488, 1124), (1446, 1208), (1430, 1240), (1438, 1244)],
    '46': [(1329, 453), (1388, 482), (1384, 491), (1380, 498), (1376, 507), (1317, 478), (1322, 469)],
    '47': [(1672, 1137), (1682, 1141), (1692, 1146), (1712, 1102), (1568, 1028), (1564, 1035), (1562, 1040), (1560, 1044), (1686, 1108)],
    '48': [(1862, 724), (1872, 705), (1903, 720), (1893, 740)],
    '49': [(2020, 365), (2033, 338), (2105, 374), (2079, 427), (2006, 391)],
    '50': [(2006, 391), (1998, 408), (1974, 396), (1992, 360), (1996, 353), (2020, 365)],
    '51': [(1828, 312), (1836, 316), (1832, 327), (1823, 323)],
    '52': [(2036, 280), (2048, 286), (2043, 296), (2031, 290)],
    '53': [(2119, 390), (2134, 397), (2122, 421), (2107, 413)],
    '54': [(1276, 244), (1284, 248), (1278, 261), (1271, 257)],
    '55': [(1216, 154), (1230, 160), (1249, 121), (1235, 114)],
    '56': [(1789, 146), (1786, 152), (1875, 196), (1879, 190)],
    '57': [(1932, 217), (1949, 225), (1946, 230), (1928, 222)],
    '58': [(2020, 260), (2038, 269), (2034, 277), (2016, 267)],
    '59': [(1716, 98), (1769, 124), (1761, 140), (1708, 114)],
    '60': [(1769, 124), (1777, 108), (1802, 120), (1791, 142), (1789, 146), (1786, 152), (1761, 140)],
    '61': [(281, 1398), (311, 1338), (337, 1350), (307, 1411)],
    '62': [(1327, 321), (1344, 286), (1445, 336), (1428, 371)],
    '63': [(444, 955), (522, 993), (629, 778), (551, 740), (457, 930)],
    '64': [(793, 1697), (819, 1646), (941, 1706), (915, 1759)],
    '65': [(1074, 1839), (915, 1759), (941, 1706), (1101, 1786)],
    '66': [(1224, 1912), (1074, 1839), (1101, 1786), (1250, 1859)],
    '67': [(587, 1393), (651, 1427), (634, 1470), (633, 1465), (630, 1460), (626, 1456), (622, 1453), (616, 1451), (608, 1450), (602, 1450), (595, 1453), (589, 1455), (583, 1461), (580, 1458), (581, 1456), (581, 1454), (580, 1450), (579, 1447), (575, 1440), (569, 1434), (563, 1431), (561, 1428), (567, 1429), (573, 1428), (577, 1427), (581, 1425), (585, 1422), (588, 1418), (590, 1413), (590, 1408), (590, 1402), (588, 1398)],
    '68': [(423, 1258), (420, 1256), (418, 1255), (426, 1238), (432, 1241)],
    '69': [(1278, 1004), (1273, 1013), (1279, 1022), (1289, 1021), (1293, 1012), (1287, 1004)],
    '70': [(1681, 1265), (1674, 1281), (1671, 1288), (1667, 1296), (1665, 1300), (1608, 1414), (1616, 1418), (1624, 1422), (1632, 1403), (1634, 1400), (1636, 1395), (1683, 1302), (1686, 1295), (1690, 1289), (1697, 1273), (1689, 1269)],
    '71': [(1562, 1013), (1556, 1009), (1553, 1008), (1547, 1005), (1565, 965), (1583, 930), (1594, 906), (1624, 849), (1525, 799), (1480, 777), (1467, 770), (1377, 726), (1365, 720), (1321, 697), (1277, 784), (1271, 781), (1269, 780), (1263, 777), (1295, 712), (1302, 699), (1314, 675), (1319, 678), (1351, 693), (1373, 705), (1385, 710), (1453, 745), (1479, 758), (1488, 762), (1518, 777), (1523, 780), (1531, 784), (1546, 792), (1548, 792), (1551, 794), (1614, 824), (1639, 837), (1648, 841), (1646, 843), (1723, 881), (1773, 905), (1770, 910), (1768, 914), (1687, 873), (1684, 879), (1640, 857), (1619, 900)],
    '72': [(1726, 653), (1729, 655), (1744, 662), (1749, 653), (1734, 645), (1731, 644), (1728, 649)],
    '73': [(1221, 949), (1311, 994), (1315, 996), (1321, 999), (1323, 1000), (1326, 995), (1333, 981), (1416, 1024), (1430, 1029), (1462, 1045), (1466, 1037), (1469, 1030), (1437, 1014), (1338, 965), (1332, 961), (1326, 959), (1319, 974), (1289, 959), (1287, 963), (1228, 934), (1224, 942)],
    '74': [(1161, 916), (1164, 911), (1167, 905), (1128, 886), (1125, 892), (1122, 897), (1151, 911)],
    '75': [(1271, 1142), (1275, 1141), (1289, 1141), (1290, 1149), (1290, 1157), (1290, 1159), (1272, 1160)],
    '76': [(1291, 1158), (1309, 1157), (1310, 1183), (1292, 1184), (1291, 1160)],
    '77': [(1240, 632), (1243, 627), (1245, 622), (1297, 648), (1294, 653), (1292, 658)],
    '78': [(1323, 445), (1331, 450), (1339, 433), (1331, 429)],
    '79': [(1187, 760), (1236, 784), (1244, 768), (1195, 744)],
    '80': [(1584, 656), (1612, 669), (1616, 660), (1620, 653), (1602, 644), (1592, 639), (1588, 647)],
    '81': [(1442, 584), (1487, 607), (1499, 613), (1507, 596), (1509, 597), (1543, 529), (1523, 519), (1500, 508), (1485, 500)],
    '82': [(336, 1214), (333, 1212), (331, 1211), (339, 1195), (344, 1197)],
    '83': [(521, 1003), (574, 1029), (573, 1036), (574, 1036), (562, 1060), (561, 1060), (556, 1065), (503, 1039)],
    '84': [(433, 740), (465, 756), (435, 815), (404, 799)],
    '85': [(1289, 959), (1319, 974), (1326, 959), (1299, 945), (1296, 944)],
    '86': [(994, 446), (1103, 500), (1021, 663), (912, 609)],
    '87': [(1500, 508), (1511, 488), (1533, 499), (1523, 519)],
    '88': [(1259, 199), (1261, 200), (1253, 218), (1223, 203), (1232, 186), (1236, 188)],
    '89': [(310, 1294), (326, 1262), (280, 1240), (190, 1196), (109, 1155), (91, 1191), (109, 1200), (109, 1199), (115, 1202), (133, 1211), (135, 1212), (308, 1298)],
    '90': [(132, 1331), (129, 1329), (88, 1309), (106, 1274), (181, 1311), (277, 1359), (263, 1387), (262, 1389), (260, 1394)],
    '91': [(660, 1350), (661, 1351), (653, 1380), (619, 1371), (620, 1368), (626, 1346), (627, 1341), (628, 1341)],
    '92': [(978, 1328), (963, 1355), (952, 1377), (869, 1335), (858, 1330), (744, 1558), (683, 1528), (808, 1278), (822, 1250), (855, 1266), (881, 1279), (903, 1289), (954, 1315)],
    '93': [(978, 1328), (1006, 1342), (1037, 1357), (1049, 1363), (1131, 1404), (1117, 1432), (1107, 1453), (1024, 1413), (1012, 1407), (898, 1635), (838, 1605), (850, 1581), (952, 1377), (963, 1355)],
    '94': [(1131, 1404), (1135, 1406), (1192, 1434), (1202, 1439), (1286, 1480), (1272, 1509), (1261, 1531), (1177, 1489), (1167, 1484), (1053, 1712), (992, 1682), (1005, 1658), (1107, 1453), (1117, 1432)],
    '95': [(1441, 1557), (1462, 1568), (1473, 1573), (1501, 1587), (1475, 1639), (1426, 1738), (1376, 1838), (1361, 1866), (1301, 1837), (1314, 1811), (1416, 1607)],
    '96': [(1416, 1607), (1332, 1566), (1321, 1561), (1280, 1644), (1207, 1789), (1147, 1759), (1159, 1735), (1261, 1531), (1272, 1509), (1286, 1480), (1314, 1494), (1316, 1495), (1347, 1511), (1356, 1515), (1441, 1557)],
    '97': [(1639, 149), (1622, 184), (1615, 181), (1590, 231), (1654, 263), (1652, 267), (1666, 274), (1692, 221), (1697, 223), (1716, 184), (1699, 175), (1697, 178)],
    '98': [(672, 1594), (661, 1615), (697, 1632), (707, 1611)],
    '99': [(465, 1107), (483, 1097), (483, 1118)],
    '100': [(1702, 991), (1696, 1003), (1701, 1006), (1698, 1014), (1742, 1036), (1758, 1004), (1714, 981), (1707, 994)],
    '101': [(1646, 964), (1634, 988), (1689, 1016), (1701, 992)],
}
