BUILDING_POLY = {
    '00': [(1104, 1240), (1066, 1224), (1080, 1189), (1221, 1244), (1207, 1280), (1109, 1241), (1102, 1260), (1100, 1284), (1152, 1286), (1150, 1320), (1067, 1316), (1071, 1248), (1100, 1249)],
    '01': [(1477, 1203), (1523, 1243), (1484, 1288), (1437, 1248)],
    '02': [(983, 1637), (977, 1626), (935, 1649), (940, 1656), (917, 1669), (893, 1626), (913, 1615), (917, 1621), (963, 1595), (956, 1583), (975, 1573), (1004, 1626)],
    '03': [(606, 1967), (609, 1931), (683, 1937), (680, 1973)],
    '04': [(636, 1687), (602, 1652), (612, 1643), (601, 1632), (612, 1622), (605, 1614), (759, 1468), (811, 1522)],
    '05': [(1147, 1936), (1138, 1902), (1143, 1901), (1137, 1881), (1169, 1872), (1171, 1876), (1191, 1870), (1201, 1907), (1197, 1910), (1202, 1927), (1165, 1938), (1163, 1932)],
    '06': [(1496, 1499), (1621, 1548), (1574, 1669), (1448, 1620)],
    '07': [(908, 1811), (897, 1790), (941, 1766), (952, 1787)],
    '08': [(943, 1457), (943, 1436), (972, 1437), (972, 1458)],
    '09': [(781, 1782), (733, 1674), (821, 1636), (868, 1743), (832, 1759)],
    '10': [(892, 1486), (892, 1465), (959, 1465), (959, 1487)],
    '11': [(539, 1961), (537, 1901), (585, 1899), (587, 1960)],
    '12': [(1276, 1712), (1246, 1696), (1273, 1646), (1302, 1662)],
    '13': [(1205, 1805), (1170, 1777), (1234, 1697), (1269, 1724)],
    '14': [(284, 1667), (289, 1671), (308, 1692), (328, 1713), (339, 1703), (310, 1671), (328, 1654), (356, 1687), (374, 1670), (343, 1640), (362, 1622), (393, 1653), (427, 1622), (380, 1575)],
    '15': [(896, 1867), (895, 1923), (900, 1936), (1169, 1572), (1189, 1585), (1210, 1598), (936, 1958), (1020, 1959), (1258, 1615), (1262, 1609), (1245, 1598), (1145, 1534), (1141, 1538), (1135, 1546), (976, 1759), (979, 1786)],
    '16': [(1530, 1821), (1501, 1809), (1531, 1736), (1538, 1739), (1542, 1728), (1588, 1747), (1584, 1755), (1592, 1758), (1567, 1821), (1576, 1825), (1583, 1809), (1621, 1825), (1605, 1865), (1571, 1852), (1561, 1877), (1525, 1863), (1507, 1907), (1468, 1891), (1483, 1853), (1512, 1864)],
    '17': [(1217, 1409), (1326, 1442), (1309, 1496), (1201, 1464)],
    '18': [(1396, 1480), (1361, 1542), (1439, 1586), (1455, 1558), (1436, 1547), (1455, 1513)],
    '19': [(781, 1206), (858, 1131), (887, 1161), (877, 1171), (940, 1234), (950, 1223), (962, 1235), (952, 1245), (998, 1291), (969, 1319), (923, 1273), (930, 1266), (853, 1189), (808, 1233)],
    '20': [(888, 1372), (900, 1385), (852, 1443), (924, 1448), (925, 1434), (939, 1422), (947, 1431), (967, 1415), (908, 1355)],
    '21': [(1000, 1472), (1002, 1415), (1027, 1416), (1027, 1430), (1041, 1431), (1041, 1441), (1068, 1442), (1068, 1427), (1083, 1428), (1084, 1416), (1113, 1417), (1111, 1476), (1085, 1475), (1085, 1466), (1029, 1464), (1029, 1473)],
    '22': [(1042, 1396), (1132, 1401), (1135, 1346), (1046, 1340)],
    '23': [(1219, 1304), (1236, 1263), (1290, 1228), (1335, 1229), (1334, 1250), (1305, 1249), (1291, 1259), (1303, 1276), (1286, 1289), (1271, 1268), (1257, 1278), (1242, 1314)],
    '24': [(1388, 1374), (1407, 1367), (1404, 1360), (1412, 1357), (1414, 1363), (1422, 1360), (1430, 1382), (1396, 1395)],
    '25': [(1340, 1324), (1357, 1303), (1393, 1331), (1377, 1352)],
    '26': [(869, 1132), (979, 993), (1005, 1013), (896, 1153)],
    '27': [(1030, 970), (1080, 908), (1160, 971), (1182, 943), (1068, 853), (978, 966), (1057, 1027), (1074, 1005)],
    '28': [(1459, 1725), (1451, 1747), (1477, 1756), (1486, 1734)],
    '29': [(1383, 1839), (1377, 1854), (1369, 1851), (1367, 1859), (1339, 1849), (1335, 1859), (1339, 1860), (1314, 1927), (1388, 1955), (1400, 1925), (1389, 1921), (1411, 1863), (1395, 1856), (1399, 1845)],
    '30': [(1412, 1755), (1341, 1728), (1305, 1822), (1361, 1843), (1376, 1805), (1354, 1797), (1356, 1793), (1363, 1795), (1369, 1780), (1398, 1792)],
    '31': [(1335, 1845), (1298, 1830), (1265, 1909), (1296, 1922), (1300, 1914), (1308, 1917)],
    '32': [(1202, 1876), (1215, 1919), (1228, 1916), (1233, 1933), (1251, 1927), (1242, 1896), (1250, 1899), (1260, 1873), (1228, 1862), (1225, 1869)],
    '33': [(1170, 1783), (1165, 1788), (1162, 1785), (1122, 1817), (1141, 1836), (1148, 1837), (1163, 1835), (1177, 1827), (1192, 1816), (1187, 1810), (1193, 1804)],
    '34': [(717, 1897), (716, 1910), (695, 1927), (709, 1944), (708, 1964), (808, 1970), (812, 1902)],
    '35': [(532, 1780), (535, 1822), (578, 1820), (576, 1779), (589, 1788), (593, 1849), (526, 1854), (521, 1791)],
    '36': [(537, 1676), (515, 1700), (520, 1769), (585, 1764), (582, 1716), (575, 1709), (570, 1712), (572, 1737), (531, 1740), (529, 1702), (546, 1684)],
    '37': [(496, 1631), (502, 1638), (505, 1664), (594, 1579), (573, 1557)],
    '38': [(433, 1556), (444, 1555), (445, 1551), (462, 1569), (449, 1581), (474, 1607), (559, 1529), (531, 1498), (522, 1507), (494, 1497), (481, 1497), (468, 1500), (458, 1504), (449, 1511), (439, 1522), (434, 1534), (432, 1545)],
    '39': [(709, 1714), (707, 1770), (638, 1767), (639, 1729), (656, 1729), (656, 1721), (680, 1722), (680, 1713)],
    '40': [(627, 1703), (632, 1783), (606, 1785), (601, 1705)],
    '41': [(634, 1787), (635, 1805), (629, 1806), (632, 1845), (607, 1846), (605, 1805), (602, 1805), (601, 1789)],
    '42': [(1341, 1154), (1352, 1182), (1341, 1186), (1350, 1208), (1421, 1180), (1416, 1167), (1436, 1160), (1421, 1122), (1363, 1145), (1360, 1137), (1349, 1142), (1352, 1149)],
    '43': [(1261, 1086), (1275, 1123), (1157, 1168), (1143, 1131)],
    '44': [(1283, 1116), (1289, 1131), (1223, 1158), (1237, 1194), (1334, 1155), (1328, 1139), (1368, 1123), (1362, 1109), (1395, 1096), (1387, 1075), (1396, 1071), (1380, 1031), (1350, 1043), (1366, 1084), (1311, 1105), (1292, 1113)],
    '45': [(1329, 997), (1294, 1063), (1311, 1105), (1292, 1113), (1274, 1069), (1190, 1101), (1177, 1067), (1258, 1036), (1289, 976)],
    '46': [(1603, 1452), (1594, 1480), (1520, 1457), (1538, 1397), (1529, 1394), (1535, 1376), (1525, 1373), (1532, 1351), (1535, 1352), (1536, 1347), (1546, 1350), (1549, 1340), (1534, 1336), (1550, 1284), (1603, 1300), (1592, 1334), (1597, 1336), (1595, 1341), (1604, 1344), (1596, 1367), (1604, 1370), (1594, 1402), (1588, 1400), (1575, 1443)],
    '47': [(1618, 906), (1652, 963), (1712, 1025), (1724, 1032), (1750, 1049), (1796, 1077), (1805, 1045), (1731, 1001), (1677, 949), (1645, 890)],
    '48': [(1862, 1125), (1832, 1108), (1795, 1092), (1762, 1076), (1740, 1069), (1712, 1061), (1683, 1059), (1639, 1056), (1641, 1087), (1680, 1089), (1714, 1096), (1752, 1107), (1785, 1122), (1815, 1137), (1847, 1155)],
    '49': [(1724, 1032), (1712, 1061), (1740, 1069), (1750, 1049)],
    '50': [(1724, 937), (1764, 918), (1777, 943), (1796, 966), (1826, 991), (1848, 999), (1840, 1039), (1805, 1028), (1767, 1001), (1741, 966)],
    '51': [(1673, 145), (1749, 179), (1795, 156), (1823, 169), (1814, 188), (1850, 204), (1841, 225), (1932, 266), (1962, 199), (1699, 82)],
    '52': [(1728, 234), (1705, 365), (1587, 344), (1594, 302), (1607, 304), (1613, 272), (1654, 279), (1664, 223)],
    '53': [(1475, 587), (1466, 598), (1474, 604), (1452, 636), (1445, 627), (1427, 656), (1436, 662), (1419, 687), (1411, 682), (1407, 689), (1325, 642), (1345, 608), (1371, 623), (1380, 610), (1358, 597), (1368, 580), (1388, 593), (1401, 575), (1377, 559), (1397, 530), (1454, 572), (1459, 575)],
    '54': [(1428, 495), (1437, 502), (1426, 518), (1460, 544), (1454, 572), (1459, 575), (1473, 555), (1485, 564), (1476, 576), (1489, 586), (1503, 568), (1518, 578), (1553, 530), (1468, 466), (1461, 475), (1455, 471), (1451, 476), (1446, 472)],
    '55': [(1682, 792), (1670, 836), (1673, 875), (1637, 878), (1633, 831), (1646, 783)],
    '56': [(1739, 804), (1732, 852), (1743, 903), (1787, 894), (1778, 856), (1785, 811)],
    '57': [(1826, 715), (1789, 697), (1762, 750), (1755, 790), (1799, 798), (1807, 752)],
    '58': [(1864, 603), (1852, 655), (1837, 691), (1801, 673), (1818, 644), (1822, 596)],
    '59': [(1701, 672), (1668, 720), (1656, 763), (1699, 775), (1713, 727), (1735, 695)],
    '60': [(1821, 574), (1828, 535), (1859, 484), (1896, 507), (1876, 540), (1869, 581)],
    '61': [(1808, 525), (1803, 483), (1761, 488), (1767, 529), (1757, 568), (1795, 577)],
    '62': [(1743, 585), (1731, 630), (1711, 656), (1744, 681), (1774, 643), (1785, 596)],
    '63': [(472, 1618), (461, 1630), (484, 1654), (497, 1642)],
    '64': [(260, 1701), (277, 1722), (308, 1692), (289, 1671)],
}
