BUILDING_POLY = {
    '00': [(203, 1753), (204, 1741), (205, 1690), (236, 1691), (266, 1692), (266, 1696), (265, 1743), (248, 1742), (245, 1894), (187, 1893)],
    '01': [(416, 1950), (413, 1951), (409, 1951), (406, 1949), (404, 1947), (402, 1944), (402, 1940), (403, 1937), (404, 1934), (407, 1932), (410, 1931), (416, 1926), (413, 1924), (414, 1907), (415, 1890), (491, 1892), (571, 1895), (570, 1915), (605, 1916), (604, 1931), (604, 1948), (570, 1947), (570, 1954), (552, 1954), (431, 1950), (426, 1956), (418, 1948)],
    '02': [(392, 1871), (390, 1870), (389, 1869), (388, 1867), (387, 1865), (388, 1863), (389, 1862), (390, 1860), (392, 1860), (394, 1860), (395, 1860), (397, 1861), (398, 1863), (399, 1864), (399, 1856), (387, 1855), (387, 1850), (387, 1836), (387, 1834), (389, 1775), (390, 1723), (390, 1716), (390, 1706), (390, 1702), (434, 1703), (434, 1721), (433, 1741), (432, 1792), (431, 1856), (414, 1856), (414, 1871), (408, 1871), (394, 1871)],
    '03': [(586, 1761), (579, 1758), (578, 1761), (573, 1774), (480, 1739), (477, 1748), (474, 1755), (438, 1741), (433, 1741), (434, 1721), (445, 1722), (455, 1696), (454, 1695), (452, 1693), (451, 1691), (451, 1688), (451, 1686), (453, 1684), (455, 1682), (457, 1682), (460, 1682), (462, 1683), (464, 1684), (465, 1686), (466, 1688), (465, 1691), (465, 1693), (477, 1698), (475, 1704), (483, 1707), (487, 1697), (595, 1738)],
    '04': [(1814, 98), (1821, 115), (1812, 118), (1818, 133), (1737, 165), (1750, 197), (1821, 182), (1825, 202), (1757, 217), (1640, 261), (1608, 175)],
    '05': [(187, 1893), (186, 1949), (228, 1950), (227, 1971), (340, 1973), (341, 1955), (346, 1955), (347, 1916), (341, 1916), (342, 1906), (342, 1896), (336, 1896), (328, 1896), (308, 1895), (289, 1895), (245, 1894)],
    '06': [(759, 1544), (729, 1626), (698, 1708), (748, 1726), (774, 1736), (835, 1572), (825, 1568), (819, 1566), (801, 1559)],
    '07': [(425, 1608), (534, 1649), (541, 1630), (536, 1628), (560, 1565), (592, 1572), (594, 1567), (601, 1555), (604, 1556), (625, 1503), (545, 1473), (525, 1528), (508, 1522), (506, 1526), (497, 1551), (447, 1543)],
    '08': [(333, 1392), (333, 1404), (333, 1427), (332, 1554), (332, 1576), (371, 1471), (399, 1482), (508, 1522), (525, 1528), (545, 1473), (434, 1431), (419, 1425)],
    '09': [(190, 1559), (274, 1559), (274, 1370), (226, 1370), (206, 1370), (206, 1403), (190, 1403)],
    '10': [(349, 1301), (341, 1304), (332, 1311), (327, 1319), (325, 1328), (325, 1338), (329, 1345), (337, 1351), (350, 1357), (354, 1358), (373, 1363), (380, 1362), (396, 1361), (424, 1351), (437, 1339), (447, 1337), (454, 1336), (462, 1334), (476, 1331), (489, 1396), (522, 1389), (543, 1384), (519, 1270), (464, 1282), (463, 1276)],
    '11': [(654, 1296), (648, 1314), (645, 1313), (643, 1320), (646, 1320), (640, 1339), (705, 1357), (713, 1335), (784, 1356), (788, 1340), (854, 1358), (855, 1354), (863, 1356), (868, 1337), (860, 1335), (865, 1317), (797, 1298), (802, 1281), (712, 1256), (698, 1308)],
    '12': [(541, 1108), (534, 1109), (559, 1222), (572, 1219), (575, 1232), (695, 1203), (689, 1175), (594, 1197), (575, 1115), (682, 1092), (680, 1082), (726, 1072), (748, 1082), (762, 1079), (768, 1081), (772, 1077), (779, 1079), (783, 1075), (789, 1077), (794, 1072), (800, 1074), (804, 1069), (813, 1067), (816, 1064), (815, 1060), (818, 1060), (822, 1080), (880, 1068), (869, 1014), (812, 1026), (798, 1028), (791, 1027), (786, 1032), (779, 1030), (775, 1034), (769, 1032), (765, 1036), (758, 1034), (753, 1039), (662, 1058), (663, 1064), (656, 1059), (653, 1060), (652, 1062), (651, 1064), (651, 1067), (653, 1070), (657, 1072), (539, 1096)],
    '13': [(822, 1080), (880, 1068), (869, 1014), (812, 1026), (818, 1060)],
    '14': [(189, 1168), (187, 1291), (256, 1292), (256, 1274), (256, 1260), (262, 1260), (262, 1249), (256, 1249), (256, 1243), (256, 1228), (268, 1229), (268, 1196), (275, 1196), (275, 1169)],
    '15': [(1137, 1249), (1139, 1254), (1144, 1265), (1143, 1268), (1112, 1347), (1130, 1354), (1115, 1361), (1112, 1368), (1119, 1371), (1131, 1367), (1156, 1377), (1195, 1283), (1290, 1240), (1282, 1222), (1289, 1219), (1291, 1212), (1285, 1209), (1277, 1213), (1268, 1193), (1180, 1231)],
    '16': [(1423, 1118), (1424, 1112), (1446, 1101), (1445, 1097), (1448, 1092), (1450, 1090), (1454, 1089), (1458, 1091), (1464, 1104), (1482, 1097), (1486, 1076), (1505, 1068), (1556, 1184), (1516, 1201), (1522, 1215), (1469, 1238), (1466, 1231), (1423, 1249), (1410, 1218), (1393, 1225), (1361, 1151), (1425, 1123)],
    '17': [(1797, 971), (1701, 1067), (1682, 1049), (1760, 973), (1753, 965), (1746, 971), (1703, 922), (1628, 992), (1623, 985), (1619, 976), (1617, 967), (1618, 958), (1619, 949), (1623, 942), (1628, 936), (1630, 934), (1641, 945), (1719, 878)],
    '18': [(1831, 95), (1834, 134), (1973, 124), (1977, 185), (2015, 182), (2008, 82)],
    '19': [(1537, 398), (1540, 443), (1769, 426), (1765, 374), (1761, 315), (1595, 376)],
    '20': [(1465, 355), (1506, 340), (1478, 265), (1568, 232), (1595, 303), (1635, 288), (1594, 178), (1423, 242)],
    '21': [(2031, 398), (2036, 462), (2008, 464), (2003, 400)],
}
