BUILDING_POLY = {
    '00': [(1526, 1019), (1539, 999), (1560, 1012), (1547, 1032)],
    '01': [(1224, 1263), (1225, 1322), (1206, 1323), (1204, 1323), (1204, 1322), (1201, 1322), (1197, 1322), (1197, 1323), (1135, 1324), (1135, 1313), (1134, 1264), (1152, 1264), (1178, 1263), (1198, 1263), (1200, 1263)],
    '02': [(1275, 827), (1274, 828), (1275, 829), (1272, 837), (1291, 862), (1295, 862), (1296, 876), (1284, 876), (1282, 872), (1277, 876), (1276, 877), (1247, 837), (1255, 817), (1255, 817), (1267, 821), (1274, 801), (1256, 794), (1258, 789), (1272, 749), (1291, 755), (1282, 779), (1295, 784), (1287, 807), (1279, 828)],
    '03': [(1265, 1215), (1265, 1215), (1268, 1215), (1268, 1213), (1267, 1213), (1267, 1205), (1267, 1202), (1271, 1202), (1278, 1202), (1278, 1203), (1280, 1203), (1280, 1199), (1291, 1199), (1291, 1202), (1293, 1202), (1293, 1202), (1304, 1202), (1304, 1213), (1303, 1213), (1303, 1214), (1307, 1214), (1307, 1225), (1304, 1225), (1304, 1227), (1304, 1227), (1304, 1234), (1304, 1238), (1293, 1238), (1293, 1238), (1292, 1238), (1292, 1241), (1281, 1241), (1281, 1238), (1279, 1238), (1279, 1239), (1268, 1239), (1268, 1235), (1268, 1228), (1268, 1228), (1268, 1226), (1265, 1226)],
    '04': [(946, 1262), (947, 1262), (949, 1262), (949, 1261), (990, 1260), (1002, 1260), (1002, 1293), (1001, 1293), (982, 1293), (941, 1294), (941, 1283), (902, 1284), (901, 1250), (900, 1196), (926, 1196), (945, 1195), (945, 1209), (946, 1251)],
    '05': [(1195, 1218), (1186, 1218), (1187, 1220), (1173, 1220), (1170, 1220), (1155, 1220), (1155, 1223), (1147, 1224), (1139, 1224), (1139, 1204), (1135, 1205), (1137, 1194), (1139, 1194), (1138, 1173), (1134, 1173), (1135, 1167), (1138, 1167), (1138, 1147), (1134, 1147), (1135, 1140), (1138, 1139), (1138, 1124), (1142, 1124), (1141, 1123), (1145, 1122), (1148, 1122), (1148, 1124), (1150, 1124), (1150, 1112), (1170, 1112), (1170, 1111), (1185, 1111), (1186, 1191), (1195, 1191)],
    '06': [(959, 828), (958, 828), (958, 829), (958, 832), (962, 832), (962, 834), (961, 834), (961, 835), (962, 835), (962, 836), (958, 837), (958, 837), (959, 837), (959, 851), (958, 851), (958, 852), (962, 852), (962, 854), (961, 854), (961, 855), (962, 855), (962, 857), (958, 857), (958, 859), (958, 861), (959, 861), (959, 862), (959, 871), (935, 871), (935, 865), (931, 866), (928, 866), (928, 871), (903, 871), (903, 861), (905, 861), (905, 859), (901, 859), (897, 859), (897, 858), (896, 858), (896, 859), (895, 859), (895, 850), (895, 850), (895, 849), (895, 849), (896, 849), (896, 840), (895, 840), (895, 840), (895, 839), (894, 839), (894, 833), (894, 830), (896, 830), (896, 831), (897, 831), (897, 830), (903, 830), (905, 830), (905, 829), (905, 828), (903, 828), (903, 826), (903, 821), (959, 821)],
    '07': [(1155, 1406), (1162, 1406), (1161, 1386), (1194, 1386), (1195, 1425), (1155, 1426), (1155, 1423)],
    '08': [(1155, 1406), (1129, 1407), (1129, 1398), (1128, 1397), (1129, 1396), (1128, 1394), (1129, 1393), (1128, 1390), (1128, 1390), (1127, 1387), (1128, 1387), (1127, 1384), (1128, 1383), (1127, 1381), (1128, 1380), (1127, 1377), (1128, 1377), (1127, 1374), (1128, 1374), (1127, 1371), (1128, 1370), (1128, 1368), (1127, 1368), (1128, 1367), (1128, 1366), (1127, 1364), (1128, 1364), (1128, 1363), (1127, 1361), (1128, 1361), (1128, 1360), (1127, 1358), (1128, 1357), (1128, 1356), (1127, 1355), (1128, 1354), (1128, 1353), (1127, 1351), (1128, 1351), (1128, 1348), (1132, 1348), (1160, 1347), (1160, 1350), (1161, 1351), (1160, 1352), (1160, 1353), (1161, 1354), (1160, 1356), (1160, 1357), (1161, 1357), (1161, 1359), (1161, 1366), (1161, 1386), (1162, 1406)],
    '09': [(1195, 1218), (1195, 1191), (1195, 1185), (1254, 1185), (1254, 1205), (1257, 1205), (1267, 1205), (1267, 1213), (1268, 1213), (1268, 1215), (1265, 1215), (1265, 1215), (1257, 1215), (1254, 1216), (1254, 1219), (1253, 1219), (1249, 1219), (1246, 1219), (1244, 1219), (1204, 1220), (1199, 1220), (1197, 1220), (1196, 1218)],
    '10': [(1626, 1077), (1635, 1077), (1635, 1076), (1636, 1076), (1636, 1076), (1638, 1076), (1639, 1076), (1639, 1077), (1648, 1077), (1648, 1070), (1657, 1070), (1657, 1086), (1654, 1086), (1654, 1088), (1650, 1088), (1650, 1088), (1650, 1088), (1650, 1086), (1648, 1086), (1647, 1086), (1647, 1088), (1646, 1088), (1646, 1087), (1638, 1087), (1638, 1086), (1636, 1086), (1636, 1087), (1628, 1087), (1628, 1088), (1627, 1088), (1627, 1086), (1625, 1086), (1624, 1086), (1624, 1088), (1624, 1088), (1624, 1088), (1620, 1088), (1620, 1087), (1617, 1087), (1617, 1070), (1626, 1070)],
    '11': [(1672, 1177), (1661, 1177), (1661, 1178), (1657, 1182), (1653, 1178), (1653, 1177), (1619, 1179), (1619, 1175), (1614, 1175), (1614, 1170), (1618, 1170), (1618, 1171), (1619, 1171), (1619, 1166), (1664, 1164), (1665, 1163), (1671, 1163), (1672, 1164), (1672, 1164)],
    '12': [(1672, 1177), (1672, 1164), (1713, 1164), (1714, 1176), (1684, 1177), (1684, 1182), (1680, 1186), (1676, 1182), (1676, 1177)],
    '13': [(1875, 992), (1822, 993), (1821, 953), (1842, 952), (1853, 952), (1853, 933), (1853, 927), (1821, 928), (1820, 906), (1883, 906), (1884, 907), (1894, 907), (1895, 962), (1875, 962)],
    '14': [(1801, 1000), (1784, 1001), (1784, 999), (1789, 999), (1788, 995), (1787, 988), (1779, 988), (1779, 979), (1776, 979), (1776, 970), (1776, 970), (1776, 961), (1776, 957), (1775, 946), (1775, 927), (1775, 925), (1775, 923), (1776, 918), (1776, 917), (1775, 913), (1775, 913), (1774, 912), (1768, 912), (1769, 912), (1759, 907), (1813, 907), (1813, 927), (1810, 927), (1810, 949), (1821, 949), (1821, 953), (1822, 993), (1822, 1000)],
    '15': [(1801, 1000), (1822, 1000), (1822, 993), (1872, 992), (1872, 999), (1875, 999), (1875, 1002), (1875, 1010), (1875, 1015), (1875, 1082), (1875, 1083), (1875, 1083), (1868, 1083), (1868, 1084), (1852, 1084), (1816, 1085), (1814, 1085), (1809, 1085), (1809, 1084), (1809, 1083), (1802, 1083), (1801, 1080), (1801, 1071), (1801, 1071), (1801, 1040), (1801, 1030), (1801, 1029), (1801, 1027), (1801, 1010), (1801, 1008), (1801, 1003)],
    '16': [(1656, 1600), (1656, 1597), (1654, 1597), (1654, 1593), (1653, 1593), (1653, 1586), (1654, 1586), (1653, 1583), (1656, 1583), (1656, 1581), (1669, 1581), (1669, 1583), (1674, 1583), (1674, 1581), (1684, 1581), (1684, 1583), (1689, 1583), (1688, 1581), (1698, 1580), (1698, 1583), (1701, 1582), (1701, 1586), (1703, 1586), (1704, 1586), (1704, 1585), (1707, 1585), (1706, 1583), (1716, 1583), (1721, 1583), (1721, 1585), (1723, 1585), (1723, 1609), (1721, 1609), (1721, 1613), (1723, 1613), (1723, 1623), (1721, 1623), (1721, 1628), (1722, 1628), (1722, 1642), (1723, 1642), (1723, 1653), (1722, 1653), (1722, 1657), (1724, 1657), (1724, 1667), (1722, 1667), (1722, 1672), (1724, 1672), (1725, 1687), (1707, 1688), (1707, 1685), (1705, 1685), (1705, 1676), (1707, 1676), (1706, 1667), (1705, 1667), (1705, 1658), (1706, 1658), (1707, 1653), (1702, 1653), (1700, 1653), (1701, 1656), (1697, 1656), (1698, 1659), (1685, 1658), (1685, 1656), (1682, 1656), (1682, 1642), (1685, 1642), (1685, 1640), (1693, 1640), (1700, 1640), (1700, 1643), (1707, 1643), (1707, 1638), (1704, 1638), (1704, 1633), (1704, 1629), (1707, 1629), (1707, 1623), (1704, 1623), (1704, 1615), (1706, 1614), (1706, 1609), (1704, 1609), (1703, 1599)],
    '17': [(1656, 1600), (1644, 1598), (1644, 1596), (1644, 1594), (1643, 1579), (1643, 1574), (1661, 1573), (1661, 1572), (1670, 1572), (1670, 1573), (1676, 1573), (1676, 1571), (1685, 1571), (1685, 1573), (1690, 1573), (1690, 1571), (1700, 1571), (1700, 1573), (1703, 1573), (1703, 1580), (1716, 1579), (1716, 1583), (1706, 1583), (1707, 1585), (1704, 1585), (1704, 1586), (1703, 1586), (1703, 1599)],
    '18': [(1276, 1123), (1275, 1123), (1274, 1128), (1262, 1129), (1262, 1106), (1263, 1106), (1263, 1101), (1262, 1102), (1262, 1096), (1263, 1093), (1264, 1091), (1266, 1090), (1276, 1090), (1275, 1088), (1275, 1088), (1275, 1086), (1275, 1084), (1277, 1082), (1280, 1081), (1289, 1081), (1288, 1079), (1288, 1079), (1288, 1076), (1289, 1074), (1292, 1072), (1308, 1072), (1308, 1070), (1307, 1070), (1307, 1068), (1308, 1065), (1310, 1063), (1312, 1063), (1317, 1063), (1317, 1058), (1329, 1058), (1331, 1059), (1333, 1061), (1334, 1063), (1334, 1070), (1337, 1070), (1336, 1078), (1335, 1078), (1334, 1078), (1334, 1108), (1331, 1108), (1331, 1112), (1309, 1112), (1309, 1117), (1305, 1117), (1305, 1126), (1309, 1125), (1309, 1140), (1284, 1141), (1283, 1139), (1278, 1138), (1277, 1126), (1276, 1126)],
    '19': [(1278, 1138), (1283, 1139), (1284, 1141), (1309, 1140), (1309, 1125), (1305, 1126), (1305, 1117), (1309, 1117), (1309, 1112), (1331, 1112), (1333, 1112), (1333, 1125), (1317, 1125), (1317, 1140), (1333, 1140), (1333, 1154), (1310, 1154), (1310, 1183), (1271, 1184), (1271, 1172), (1269, 1139)],
    '20': [(1108, 767), (1109, 796), (1098, 796), (1070, 796), (1036, 796), (1036, 787), (1035, 774), (1036, 767), (1079, 767)],
    '21': [(1209, 851), (1211, 858), (1213, 863), (1214, 868), (1215, 872), (1215, 876), (1216, 881), (1216, 884), (1216, 887), (1216, 890), (1216, 892), (1216, 894), (1216, 896), (1217, 899), (1216, 902), (1216, 904), (1216, 907), (1216, 912), (1215, 918), (1213, 925), (1212, 929), (1211, 934), (1209, 940), (1208, 944), (1206, 949), (1203, 955), (1201, 954), (1191, 950), (1189, 953), (1185, 952), (1188, 947), (1186, 946), (1184, 945), (1184, 946), (1168, 938), (1171, 930), (1169, 930), (1171, 925), (1172, 922), (1173, 918), (1169, 918), (1169, 909), (1169, 900), (1189, 901), (1195, 901), (1195, 895), (1195, 889), (1176, 890), (1175, 887), (1175, 885), (1175, 884), (1169, 884), (1162, 884), (1160, 884), (1155, 884), (1154, 884), (1153, 884), (1149, 884), (1149, 885), (1149, 888), (1149, 890), (1147, 890), (1144, 890), (1139, 891), (1139, 888), (1139, 887), (1137, 887), (1130, 887), (1130, 881), (1130, 875), (1132, 875), (1134, 875), (1134, 867), (1129, 860), (1131, 859), (1129, 855), (1130, 854), (1130, 854), (1134, 852), (1133, 851), (1155, 837), (1172, 826), (1170, 823), (1166, 818), (1163, 815), (1161, 812), (1158, 810), (1156, 808), (1153, 805), (1150, 803), (1151, 802), (1148, 799), (1149, 797), (1151, 795), (1152, 794), (1151, 793), (1152, 792), (1158, 783), (1161, 785), (1164, 787), (1167, 789), (1171, 793), (1174, 796), (1177, 799), (1180, 802), (1184, 806), (1187, 810), (1192, 816), (1196, 822), (1197, 824), (1198, 826), (1200, 829), (1201, 832), (1202, 833), (1203, 835), (1204, 838), (1206, 843), (1208, 847)],
    '22': [(1047, 872), (1048, 871), (1048, 868), (1048, 863), (1047, 857), (1033, 857), (1033, 825), (1032, 824), (1031, 823), (1031, 823), (1031, 822), (1031, 821), (1031, 821), (1030, 820), (1031, 820), (1031, 819), (1031, 819), (1031, 818), (1031, 818), (1031, 817), (1031, 817), (1032, 816), (1033, 816), (1033, 812), (1048, 812), (1071, 812), (1078, 812), (1102, 812), (1102, 824), (1095, 824), (1095, 824), (1095, 837), (1095, 844), (1082, 844), (1082, 878), (1081, 879), (1057, 879), (1056, 879), (1051, 883), (1050, 883), (1049, 882), (1046, 880), (1044, 877), (1044, 876)],
    '23': [(1092, 903), (1093, 915), (1093, 935), (1091, 935), (1091, 941), (1087, 942), (1088, 976), (1063, 976), (1062, 977), (1059, 978), (1033, 978), (1033, 971), (1030, 972), (1029, 927), (1032, 927), (1032, 920), (1053, 920), (1053, 916), (1053, 912), (1044, 912), (1044, 896), (1060, 896), (1061, 896), (1061, 903), (1090, 903)],
    '24': [(1120, 941), (1120, 943), (1120, 945), (1118, 945), (1118, 947), (1107, 947), (1104, 947), (1104, 941), (1104, 916), (1104, 906), (1118, 906), (1118, 941)],
    '25': [(1088, 976), (1088, 983), (1059, 984), (1059, 978), (1062, 977), (1063, 976)],
    '26': [(1116, 1042), (1084, 1043), (1083, 1043), (1067, 1043), (1067, 1050), (1067, 1058), (1070, 1059), (1073, 1062), (1074, 1065), (1075, 1069), (1075, 1073), (1074, 1077), (1072, 1079), (1070, 1081), (1069, 1082), (1067, 1083), (1064, 1084), (1060, 1084), (1057, 1083), (1056, 1082), (1055, 1082), (1053, 1080), (1052, 1080), (1050, 1077), (1049, 1075), (1049, 1072), (1049, 1069), (1049, 1066), (1051, 1063), (1053, 1061), (1054, 1060), (1057, 1058), (1057, 1051), (1057, 1043), (1054, 1043), (1052, 984), (1059, 984), (1088, 983), (1115, 982)],
    '27': [(940, 991), (940, 1001), (936, 1001), (936, 1008), (919, 1008), (901, 1008), (901, 1001), (897, 1001), (897, 980), (918, 980), (940, 981)],
    '28': [(1367, 913), (1369, 913), (1372, 913), (1372, 914), (1376, 914), (1376, 918), (1379, 918), (1379, 927), (1375, 927), (1375, 936), (1375, 936), (1375, 939), (1372, 939), (1372, 939), (1367, 939), (1367, 937), (1367, 936), (1365, 936), (1365, 929), (1362, 929), (1360, 929), (1360, 927), (1349, 927), (1349, 924), (1347, 925), (1347, 918), (1350, 918), (1350, 914), (1353, 914), (1353, 913), (1356, 913), (1358, 913), (1358, 910), (1367, 910)],
    '29': [(1411, 929), (1411, 936), (1411, 936), (1411, 939), (1399, 939), (1399, 938), (1399, 936), (1398, 936), (1398, 930), (1397, 929), (1397, 920), (1386, 920), (1386, 909), (1410, 909), (1410, 912), (1411, 912), (1411, 919), (1411, 919), (1411, 924), (1411, 929)],
    '30': [(1397, 960), (1400, 973), (1380, 979), (1378, 979), (1380, 984), (1373, 986), (1368, 969), (1374, 968), (1373, 966), (1379, 965), (1380, 967), (1391, 964), (1391, 962)],
    '31': [(1349, 1040), (1352, 1047), (1354, 1046), (1362, 1070), (1360, 1071), (1362, 1078), (1346, 1083), (1344, 1076), (1342, 1077), (1341, 1074), (1343, 1074), (1343, 1073), (1346, 1072), (1344, 1066), (1345, 1066), (1343, 1059), (1342, 1060), (1340, 1053), (1341, 1052), (1338, 1044)],
    '32': [(1451, 1023), (1477, 1101), (1459, 1107), (1462, 1118), (1473, 1150), (1486, 1195), (1489, 1207), (1492, 1218), (1456, 1231), (1452, 1217), (1448, 1204), (1445, 1205), (1441, 1192), (1443, 1191), (1434, 1162), (1425, 1133), (1424, 1131), (1403, 1067), (1402, 1063), (1402, 1061), (1395, 1041), (1418, 1033), (1432, 1029)],
    '33': [(1366, 1133), (1362, 1122), (1354, 1124), (1347, 1101), (1370, 1094), (1373, 1105), (1377, 1104), (1381, 1116), (1377, 1118), (1380, 1130)],
    '34': [(1384, 1147), (1386, 1155), (1389, 1154), (1393, 1170), (1390, 1171), (1391, 1175), (1390, 1175), (1391, 1178), (1369, 1184), (1366, 1174), (1377, 1172), (1375, 1165), (1374, 1165), (1373, 1162), (1374, 1161), (1374, 1159), (1368, 1161), (1366, 1152)],
    '35': [(1390, 1184), (1390, 1184), (1392, 1184), (1393, 1188), (1394, 1187), (1400, 1208), (1390, 1210), (1389, 1206), (1386, 1207), (1386, 1210), (1378, 1212), (1377, 1205), (1375, 1206), (1373, 1200), (1381, 1198), (1381, 1199), (1383, 1199), (1381, 1191), (1386, 1189), (1385, 1185)],
    '36': [(1329, 1193), (1329, 1211), (1359, 1211), (1359, 1220), (1356, 1220), (1356, 1224), (1355, 1225), (1354, 1232), (1346, 1233), (1345, 1237), (1326, 1237), (1326, 1233), (1317, 1233), (1317, 1193)],
    '37': [(1394, 1212), (1412, 1212), (1411, 1222), (1411, 1237), (1388, 1236), (1375, 1236), (1375, 1219), (1379, 1219), (1379, 1216), (1383, 1214), (1394, 1214)],
    '38': [(1367, 1263), (1367, 1273), (1358, 1273), (1352, 1273), (1340, 1273), (1340, 1262), (1367, 1262)],
    '39': [(1315, 1314), (1353, 1314), (1353, 1314), (1376, 1313), (1376, 1347), (1354, 1348), (1353, 1332), (1315, 1332)],
    '40': [(1335, 1354), (1335, 1357), (1351, 1357), (1351, 1353), (1358, 1353), (1358, 1357), (1375, 1357), (1375, 1381), (1352, 1381), (1324, 1381), (1324, 1366), (1323, 1357), (1325, 1357), (1325, 1354)],
    '41': [(1384, 1343), (1396, 1343), (1399, 1343), (1398, 1365), (1403, 1365), (1403, 1379), (1398, 1379), (1398, 1380), (1384, 1380), (1384, 1380), (1379, 1380), (1379, 1365), (1384, 1365)],
    '42': [(1374, 1398), (1374, 1405), (1374, 1413), (1368, 1413), (1368, 1416), (1367, 1416), (1362, 1416), (1358, 1416), (1358, 1414), (1345, 1415), (1345, 1411), (1345, 1402), (1341, 1402), (1341, 1400), (1341, 1400), (1342, 1400), (1344, 1400), (1344, 1398)],
    '43': [(1341, 1400), (1341, 1402), (1345, 1402), (1345, 1411), (1345, 1415), (1358, 1414), (1358, 1416), (1359, 1425), (1360, 1425), (1362, 1427), (1362, 1430), (1360, 1432), (1356, 1432), (1356, 1439), (1347, 1440), (1347, 1440), (1341, 1441), (1341, 1442), (1337, 1442), (1335, 1442), (1334, 1442), (1334, 1441), (1328, 1441), (1328, 1440), (1327, 1440), (1326, 1441), (1321, 1441), (1321, 1440), (1319, 1440), (1319, 1434), (1319, 1428), (1321, 1428), (1320, 1413), (1329, 1413), (1329, 1402), (1332, 1402), (1332, 1400), (1334, 1398), (1339, 1398), (1341, 1400)],
    '44': [(1384, 1405), (1384, 1413), (1389, 1413), (1390, 1418), (1391, 1418), (1391, 1432), (1383, 1432), (1383, 1432), (1383, 1432), (1383, 1433), (1379, 1433), (1375, 1433), (1375, 1432), (1374, 1432), (1374, 1432), (1367, 1432), (1367, 1418), (1368, 1418), (1368, 1416), (1368, 1413), (1374, 1413), (1374, 1405), (1376, 1405)],
    '45': [(1419, 1390), (1420, 1400), (1421, 1400), (1422, 1440), (1420, 1440), (1420, 1445), (1422, 1445), (1422, 1458), (1421, 1458), (1421, 1460), (1403, 1461), (1403, 1433), (1404, 1433), (1405, 1431), (1400, 1431), (1400, 1420), (1404, 1420), (1404, 1418), (1402, 1418), (1402, 1391)],
    '46': [(1482, 1485), (1461, 1485), (1461, 1485), (1445, 1485), (1446, 1492), (1426, 1492), (1421, 1347), (1425, 1347), (1443, 1348), (1443, 1350), (1479, 1349)],
    '47': [(1514, 1503), (1534, 1502), (1534, 1501), (1556, 1501), (1563, 1501), (1572, 1518), (1569, 1519), (1557, 1524), (1550, 1526), (1542, 1528), (1534, 1529), (1527, 1530), (1526, 1530), (1521, 1530), (1514, 1530), (1507, 1529), (1500, 1527), (1492, 1525), (1485, 1523), (1477, 1520), (1485, 1502), (1514, 1501)],
    '48': [(1434, 1621), (1435, 1628), (1401, 1629), (1400, 1611), (1399, 1572), (1419, 1571), (1433, 1571), (1433, 1578), (1433, 1587)],
    '49': [(1466, 1615), (1448, 1616), (1448, 1610), (1447, 1591), (1444, 1591), (1444, 1590), (1444, 1587), (1444, 1583), (1444, 1581), (1444, 1575), (1451, 1575), (1450, 1571), (1455, 1571), (1461, 1571), (1461, 1575), (1468, 1575), (1468, 1588), (1468, 1591), (1465, 1591), (1465, 1596)],
    '50': [(1630, 1486), (1630, 1499), (1631, 1498), (1632, 1523), (1632, 1523), (1632, 1530), (1632, 1530), (1632, 1533), (1630, 1533), (1630, 1534), (1628, 1534), (1627, 1534), (1624, 1534), (1623, 1534), (1621, 1534), (1621, 1534), (1619, 1534), (1619, 1530), (1619, 1530), (1619, 1523), (1619, 1523), (1619, 1516), (1619, 1516), (1619, 1515), (1619, 1513), (1619, 1513), (1619, 1506), (1618, 1506), (1618, 1499), (1618, 1499), (1618, 1497), (1618, 1496), (1619, 1496), (1619, 1496), (1620, 1496), (1620, 1487)],
    '51': [(1657, 1485), (1658, 1502), (1669, 1502), (1680, 1501), (1679, 1498), (1683, 1498), (1683, 1494), (1687, 1494), (1687, 1490), (1690, 1490), (1690, 1484), (1694, 1484), (1698, 1484), (1698, 1486), (1723, 1486), (1723, 1490), (1723, 1493), (1721, 1493), (1721, 1499), (1705, 1499), (1705, 1504), (1705, 1509), (1707, 1509), (1708, 1511), (1707, 1517), (1705, 1517), (1705, 1521), (1706, 1532), (1696, 1532), (1696, 1517), (1693, 1517), (1691, 1517), (1691, 1514), (1658, 1515), (1658, 1518), (1650, 1518), (1650, 1515), (1639, 1515), (1638, 1507), (1645, 1507), (1644, 1487), (1650, 1487), (1650, 1485)],
    '52': [(1638, 1448), (1638, 1448), (1659, 1447), (1659, 1453), (1661, 1453), (1661, 1449), (1664, 1449), (1665, 1455), (1661, 1455), (1661, 1455), (1658, 1455), (1658, 1460), (1632, 1461), (1632, 1465), (1633, 1465), (1633, 1471), (1634, 1471), (1637, 1470), (1638, 1473), (1639, 1476), (1636, 1477), (1635, 1473), (1632, 1473), (1632, 1477), (1626, 1477), (1626, 1477), (1624, 1477), (1624, 1477), (1622, 1477), (1622, 1477), (1620, 1477), (1620, 1477), (1619, 1477), (1619, 1475), (1618, 1474), (1618, 1471), (1618, 1470), (1618, 1467), (1618, 1467), (1618, 1465), (1618, 1465), (1618, 1465), (1618, 1465), (1618, 1459), (1626, 1459), (1626, 1456), (1625, 1457), (1625, 1452), (1627, 1452), (1627, 1448), (1631, 1448), (1631, 1448)],
    '53': [(1673, 1395), (1676, 1395), (1693, 1394), (1693, 1410), (1690, 1410), (1690, 1412), (1690, 1428), (1690, 1434), (1682, 1434), (1682, 1441), (1675, 1442), (1675, 1443), (1662, 1443), (1662, 1422), (1660, 1422), (1656, 1422), (1656, 1419), (1656, 1416), (1659, 1416), (1662, 1416), (1661, 1394), (1673, 1394)],
    '54': [(1679, 1446), (1679, 1452), (1676, 1452), (1676, 1446)],
    '55': [(1722, 1432), (1723, 1440), (1722, 1440), (1722, 1447), (1723, 1447), (1724, 1448), (1724, 1452), (1724, 1453), (1722, 1453), (1722, 1457), (1723, 1480), (1715, 1480), (1715, 1479), (1710, 1479), (1710, 1462), (1691, 1462), (1691, 1460), (1691, 1458), (1689, 1458), (1689, 1450), (1694, 1450), (1709, 1449), (1709, 1447), (1713, 1447), (1712, 1432)],
    '56': [(1633, 1358), (1633, 1363), (1638, 1363), (1638, 1378), (1660, 1377), (1660, 1390), (1625, 1391), (1625, 1383), (1626, 1383), (1626, 1367), (1626, 1363), (1631, 1363), (1631, 1361), (1627, 1361), (1627, 1358)],
    '57': [(1713, 1353), (1713, 1354), (1718, 1354), (1718, 1360), (1717, 1360), (1718, 1382), (1718, 1382), (1718, 1385), (1719, 1385), (1719, 1386), (1720, 1387), (1720, 1390), (1719, 1390), (1719, 1392), (1718, 1392), (1718, 1398), (1719, 1398), (1719, 1406), (1709, 1407), (1709, 1399), (1710, 1399), (1709, 1392), (1705, 1392), (1705, 1390), (1685, 1390), (1685, 1385), (1685, 1385), (1685, 1382), (1685, 1382), (1685, 1377), (1705, 1377), (1704, 1354), (1709, 1354), (1709, 1353)],
    '58': [(1652, 1277), (1657, 1277), (1657, 1285), (1652, 1285), (1653, 1318), (1655, 1318), (1655, 1324), (1655, 1326), (1653, 1326), (1653, 1331), (1639, 1331), (1639, 1348), (1631, 1348), (1631, 1346), (1626, 1346), (1626, 1326), (1624, 1326), (1623, 1318), (1640, 1318), (1640, 1285), (1623, 1286), (1623, 1278), (1625, 1278), (1625, 1273), (1640, 1272), (1639, 1259), (1647, 1259), (1647, 1260), (1647, 1261), (1652, 1261)],
    '59': [(1701, 1258), (1701, 1272), (1716, 1271), (1716, 1276), (1718, 1276), (1718, 1284), (1701, 1284), (1702, 1317), (1719, 1317), (1719, 1325), (1717, 1325), (1718, 1340), (1712, 1341), (1712, 1342), (1705, 1343), (1705, 1330), (1690, 1330), (1690, 1325), (1688, 1325), (1688, 1317), (1690, 1317), (1689, 1284), (1684, 1284), (1684, 1277), (1689, 1277), (1688, 1261), (1693, 1260), (1693, 1258)],
    '60': [(1641, 1231), (1629, 1232), (1628, 1188), (1640, 1188)],
    '61': [(1693, 1219), (1693, 1231), (1648, 1232), (1648, 1219)],
    '62': [(1712, 1231), (1700, 1231), (1699, 1187), (1711, 1187), (1711, 1201), (1711, 1206)],
    '63': [(1625, 1124), (1625, 1125), (1625, 1125), (1625, 1126), (1627, 1126), (1629, 1126), (1629, 1124), (1630, 1124), (1630, 1126), (1638, 1126), (1638, 1126), (1640, 1126), (1640, 1126), (1648, 1126), (1648, 1124), (1649, 1124), (1649, 1126), (1650, 1126), (1652, 1126), (1652, 1124), (1652, 1124), (1652, 1124), (1656, 1124), (1656, 1126), (1659, 1126), (1659, 1143), (1650, 1143), (1650, 1135), (1641, 1135), (1641, 1137), (1640, 1137), (1639, 1137), (1637, 1137), (1637, 1137), (1637, 1135), (1628, 1135), (1628, 1143), (1618, 1143), (1618, 1126), (1621, 1126), (1621, 1124), (1624, 1124), (1624, 1124)],
    '64': [(1647, 1029), (1647, 1041), (1641, 1042), (1641, 1044), (1647, 1044), (1647, 1045), (1648, 1058), (1620, 1058), (1620, 1052), (1622, 1052), (1622, 1051), (1620, 1051), (1620, 1044), (1625, 1044), (1625, 1042), (1620, 1042), (1620, 1037), (1621, 1037), (1621, 1035), (1620, 1035), (1620, 1030)],
    '65': [(1639, 1018), (1639, 1026), (1617, 1026), (1616, 1026), (1616, 1018), (1619, 1017), (1619, 1014), (1635, 1013), (1635, 1011), (1619, 1011), (1619, 1012), (1614, 1012), (1614, 1008), (1614, 1004), (1617, 1004), (1617, 1001), (1648, 1000), (1648, 1013), (1645, 1013), (1645, 1014), (1639, 1014)],
    '66': [(1615, 992), (1615, 984), (1610, 984), (1610, 980), (1615, 980), (1615, 971), (1632, 971), (1632, 980), (1638, 980), (1638, 984), (1632, 984), (1633, 989), (1637, 989), (1637, 992)],
    '67': [(1576, 1025), (1575, 1027), (1578, 1029), (1573, 1036), (1578, 1040), (1579, 1041), (1580, 1042), (1580, 1043), (1581, 1044), (1581, 1046), (1581, 1047), (1580, 1048), (1579, 1049), (1578, 1050), (1577, 1051), (1576, 1052), (1575, 1052), (1573, 1052), (1572, 1052), (1571, 1051), (1565, 1047), (1564, 1049), (1556, 1042), (1557, 1040), (1551, 1036), (1565, 1017)],
    '68': [(1506, 981), (1504, 988), (1507, 990), (1503, 1001), (1505, 1001), (1501, 1010), (1480, 1001), (1491, 971), (1499, 974), (1498, 978)],
    '69': [(1571, 972), (1553, 974), (1553, 978), (1556, 977), (1557, 984), (1544, 986), (1540, 955), (1569, 951)],
    '70': [(1449, 992), (1451, 986), (1445, 984), (1445, 982), (1452, 984), (1453, 980), (1475, 986), (1471, 998)],
    '71': [(1578, 1202), (1578, 1205), (1579, 1205), (1579, 1214), (1583, 1214), (1583, 1223), (1584, 1223), (1584, 1233), (1565, 1233), (1565, 1232), (1562, 1232), (1562, 1224), (1562, 1225), (1562, 1213), (1564, 1213), (1564, 1203)],
    '72': [(1581, 1192), (1568, 1193), (1563, 1193), (1563, 1187), (1554, 1187), (1551, 1187), (1551, 1187), (1551, 1180), (1551, 1177), (1567, 1177), (1567, 1172), (1581, 1172)],
    '73': [(1530, 1182), (1532, 1189), (1530, 1190), (1530, 1191), (1516, 1196), (1512, 1185), (1513, 1184), (1509, 1175), (1510, 1174), (1509, 1173), (1509, 1173), (1505, 1162), (1510, 1161), (1510, 1160), (1513, 1159), (1514, 1159), (1519, 1158), (1527, 1183)],
    '74': [(1517, 1060), (1518, 1061), (1518, 1061), (1517, 1062), (1505, 1081), (1505, 1081), (1502, 1085), (1496, 1081), (1495, 1082), (1491, 1079), (1491, 1079), (1487, 1066), (1487, 1066), (1486, 1066), (1486, 1065), (1485, 1065), (1485, 1063), (1486, 1063), (1487, 1062), (1484, 1051), (1485, 1048), (1482, 1034), (1494, 1042), (1492, 1045)],
    '75': [(1524, 1086), (1516, 1080), (1526, 1066), (1529, 1068), (1530, 1067), (1532, 1069), (1531, 1070), (1534, 1072)],
    '76': [(1539, 1083), (1542, 1087), (1543, 1086), (1545, 1089), (1545, 1088), (1553, 1096), (1551, 1097), (1559, 1105), (1559, 1106), (1562, 1109), (1553, 1118), (1529, 1093)],
    '77': [(1513, 1136), (1516, 1136), (1515, 1134), (1532, 1133), (1532, 1137), (1535, 1137), (1535, 1145), (1516, 1146), (1515, 1143), (1513, 1143), (1513, 1144), (1502, 1145), (1501, 1136), (1500, 1136), (1500, 1122), (1500, 1122), (1500, 1114), (1512, 1113)],
    '78': [(1797, 785), (1797, 795), (1798, 818), (1798, 820), (1798, 822), (1798, 834), (1802, 834), (1803, 837), (1805, 837), (1805, 839), (1805, 840), (1804, 840), (1805, 843), (1810, 843), (1810, 843), (1810, 843), (1810, 870), (1811, 872), (1811, 874), (1800, 874), (1800, 873), (1760, 874), (1760, 873), (1760, 865), (1761, 865), (1761, 865), (1761, 865), (1761, 864), (1760, 850), (1760, 844), (1760, 836), (1759, 817), (1748, 817), (1747, 787), (1750, 786), (1753, 786), (1762, 786), (1766, 786), (1770, 786), (1776, 785), (1780, 786)],
    '79': [(1847, 824), (1847, 826), (1844, 826), (1844, 824), (1838, 824), (1837, 825), (1824, 825), (1818, 825), (1818, 822), (1818, 818), (1818, 797), (1817, 785), (1846, 785)],
    '80': [(2005, 920), (2006, 924), (2008, 924), (2008, 922), (2009, 922), (2012, 961), (2043, 963), (2043, 992), (1971, 992), (1931, 992), (1931, 986), (1930, 986), (1930, 985), (1926, 985), (1926, 984), (1930, 984), (1930, 983), (1942, 983), (1942, 975), (1945, 975), (1945, 979), (1949, 977), (1952, 977), (1957, 975), (1956, 974), (1958, 972), (1959, 972), (1959, 972), (1959, 969), (1961, 969), (1963, 969), (1963, 967), (1998, 967), (1999, 935), (1966, 937), (1966, 935), (1966, 935), (1964, 914), (1965, 914), (1965, 911), (1966, 911), (1965, 906), (2006, 906), (2006, 920)],
    '81': [(1880, 1015), (1880, 1014), (1892, 1014), (1892, 1011), (1896, 1011), (1895, 1046), (1895, 1048), (1895, 1050), (1896, 1053), (1896, 1081), (1893, 1081), (1893, 1084), (1881, 1084), (1881, 1083), (1875, 1082), (1875, 1015), (1879, 1015)],
    '82': [(2119, 683), (2118, 697), (2122, 697), (2125, 697), (2127, 698), (2129, 700), (2129, 701), (2130, 702), (2134, 702), (2133, 709), (2129, 709), (2128, 710), (2128, 711), (2127, 711), (2124, 712), (2124, 712), (2123, 712), (2117, 712), (2117, 726), (2096, 724), (2096, 720), (2096, 719), (2097, 715), (2099, 715), (2100, 710), (2096, 710), (2097, 696), (2100, 696), (2100, 692), (2098, 692), (2098, 690), (2098, 682), (2103, 682), (2114, 683)],
    '83': [(1629, 936), (1646, 936), (1646, 952), (1609, 952), (1609, 941), (1605, 941), (1605, 927), (1610, 927), (1610, 918), (1629, 918)],
    '84': [(1559, 907), (1564, 907), (1564, 907), (1565, 907), (1565, 907), (1565, 908), (1569, 911), (1569, 911), (1570, 912), (1570, 913), (1570, 913), (1570, 918), (1569, 918), (1569, 918), (1567, 918), (1567, 936), (1552, 936), (1552, 930), (1551, 925), (1555, 923), (1553, 920), (1541, 920), (1541, 910), (1555, 910), (1555, 908), (1558, 908), (1558, 907), (1559, 907)],
    '85': [(1471, 908), (1472, 921), (1469, 921), (1469, 934), (1460, 935), (1460, 938), (1448, 938), (1448, 909)],
    '86': [(1484, 911), (1484, 912), (1487, 912), (1487, 929), (1483, 929), (1483, 936), (1473, 936), (1473, 924), (1474, 924), (1474, 912), (1481, 912), (1481, 911)],
    '87': [(1498, 909), (1498, 910), (1512, 910), (1512, 909), (1519, 909), (1519, 913), (1519, 913), (1519, 932), (1508, 932), (1508, 930), (1501, 930), (1501, 938), (1504, 938), (1504, 943), (1491, 943), (1490, 912), (1491, 912), (1491, 909)],
    '88': [(1534, 908), (1534, 930), (1522, 930), (1522, 908)],
    '89': [(1466, 858), (1468, 858), (1467, 857), (1470, 857), (1470, 860), (1468, 860), (1468, 860), (1466, 859), (1466, 865), (1466, 874), (1447, 874), (1447, 865), (1447, 862), (1447, 850), (1449, 850), (1466, 850), (1466, 853)],
    '90': [(1479, 844), (1497, 844), (1497, 878), (1479, 878)],
    '91': [(1507, 858), (1507, 860), (1511, 860), (1511, 862), (1512, 862), (1512, 866), (1515, 866), (1515, 871), (1512, 871), (1512, 872), (1508, 872), (1508, 873), (1505, 873), (1505, 872), (1501, 872), (1501, 867), (1501, 867), (1501, 864), (1501, 862), (1501, 862), (1501, 860), (1503, 860), (1503, 858)],
    '92': [(1568, 837), (1569, 850), (1569, 865), (1569, 867), (1569, 873), (1567, 873), (1567, 874), (1562, 874), (1562, 874), (1562, 877), (1562, 877), (1556, 877), (1556, 878), (1552, 878), (1552, 877), (1548, 877), (1548, 875), (1543, 875), (1543, 873), (1540, 873), (1540, 857), (1540, 857), (1546, 857), (1558, 856), (1560, 856), (1560, 850), (1560, 849), (1558, 850), (1558, 849), (1558, 849), (1551, 849), (1551, 849), (1548, 849), (1548, 852), (1546, 851), (1546, 849), (1543, 849), (1543, 849), (1539, 849), (1539, 839), (1539, 838)],
    '93': [(1532, 764), (1535, 764), (1560, 764), (1560, 776), (1558, 776), (1558, 778), (1558, 779), (1558, 779), (1558, 781), (1557, 782), (1557, 787), (1539, 788), (1539, 781), (1524, 781), (1524, 776), (1524, 776), (1524, 764)],
    '94': [(1568, 795), (1570, 795), (1570, 818), (1539, 818), (1539, 795)],
    '95': [(1580, 600), (1580, 606), (1585, 606), (1585, 607), (1590, 607), (1590, 606), (1603, 606), (1604, 615), (1597, 615), (1597, 612), (1580, 612), (1581, 644), (1582, 644), (1582, 644), (1583, 645), (1584, 646), (1585, 646), (1585, 647), (1583, 649), (1582, 649), (1582, 664), (1585, 667), (1585, 668), (1585, 668), (1584, 669), (1583, 670), (1583, 670), (1581, 670), (1581, 688), (1581, 688), (1581, 702), (1583, 702), (1583, 702), (1581, 702), (1582, 704), (1583, 704), (1583, 705), (1582, 705), (1582, 706), (1580, 706), (1574, 706), (1574, 710), (1574, 721), (1574, 726), (1548, 726), (1548, 730), (1541, 730), (1541, 726), (1527, 726), (1526, 706), (1527, 706), (1541, 706), (1541, 702), (1547, 702), (1547, 706), (1561, 706), (1561, 688), (1560, 688), (1560, 667), (1557, 667), (1557, 647), (1560, 647), (1560, 626), (1560, 626), (1560, 617), (1560, 600), (1572, 600)],
    '96': [(1618, 765), (1618, 777), (1612, 777), (1612, 793), (1609, 793), (1609, 797), (1600, 797), (1600, 794), (1599, 794), (1599, 781), (1596, 781), (1595, 778), (1595, 775), (1596, 771), (1599, 771), (1599, 766), (1600, 766), (1600, 759), (1612, 759), (1612, 765)],
    '97': [(1630, 820), (1602, 820), (1602, 815), (1599, 815), (1599, 808), (1600, 808), (1600, 808), (1629, 808)],
    '98': [(1464, 792), (1479, 792), (1479, 801), (1479, 804), (1480, 805), (1479, 806), (1477, 807), (1477, 807), (1480, 807), (1480, 822), (1460, 823), (1458, 823), (1451, 823), (1451, 818), (1450, 798), (1451, 797), (1450, 792)],
    '99': [(1471, 763), (1476, 763), (1492, 763), (1492, 777), (1492, 780), (1485, 780), (1470, 780), (1470, 779), (1470, 779), (1470, 784), (1451, 784), (1450, 784), (1450, 781), (1450, 778), (1447, 778), (1447, 768), (1450, 768), (1450, 763)],
    '100': [(1532, 640), (1540, 640), (1540, 643), (1538, 644), (1539, 657), (1532, 657)],
    '101': [(1640, 578), (1641, 611), (1640, 611), (1640, 620), (1604, 621), (1604, 615), (1603, 606), (1603, 578)],
    '102': [(1563, 586), (1563, 597), (1557, 597), (1557, 600), (1550, 600), (1550, 617), (1536, 617), (1530, 617), (1528, 617), (1528, 592), (1549, 592), (1549, 587)],
    '103': [(1515, 593), (1515, 594), (1519, 594), (1519, 594), (1520, 593), (1520, 595), (1519, 595), (1519, 597), (1520, 597), (1520, 598), (1520, 598), (1520, 618), (1521, 618), (1521, 619), (1520, 619), (1520, 619), (1518, 619), (1518, 619), (1515, 619), (1515, 619), (1514, 619), (1514, 619), (1511, 619), (1511, 619), (1510, 619), (1510, 619), (1505, 619), (1505, 619), (1504, 619), (1504, 618), (1504, 618), (1504, 612), (1504, 612), (1504, 611), (1504, 611), (1504, 605), (1504, 605), (1503, 597), (1504, 597), (1504, 595), (1503, 595), (1503, 594), (1504, 594), (1504, 594), (1510, 594), (1510, 594), (1511, 594), (1511, 594), (1514, 594), (1514, 593)],
    '104': [(1460, 598), (1463, 602), (1465, 601), (1463, 599), (1466, 597), (1468, 599), (1482, 602), (1480, 613), (1479, 614), (1478, 614), (1478, 613), (1477, 613), (1476, 614), (1475, 619), (1468, 618), (1463, 622), (1461, 630), (1456, 629), (1455, 629), (1455, 630), (1454, 630), (1448, 629), (1448, 629), (1446, 629), (1447, 628), (1449, 614), (1447, 610), (1449, 609), (1447, 607), (1447, 607), (1446, 606), (1450, 603), (1448, 601), (1449, 601), (1449, 601), (1449, 600), (1449, 600), (1449, 600), (1449, 600), (1454, 597), (1453, 597), (1454, 597), (1454, 597), (1454, 597), (1454, 597), (1454, 597), (1456, 599), (1456, 599), (1456, 599), (1459, 597), (1459, 597), (1460, 597), (1461, 597)],
    '105': [(1491, 622), (1476, 619), (1477, 616), (1492, 619)],
    '106': [(1483, 548), (1483, 545), (1482, 541), (1482, 533), (1481, 533), (1481, 531), (1482, 531), (1482, 522), (1480, 522), (1480, 518), (1482, 518), (1482, 515), (1496, 515), (1496, 515), (1511, 515), (1511, 510), (1519, 510), (1519, 511), (1520, 514), (1520, 514), (1520, 515), (1534, 514), (1534, 548), (1515, 548), (1512, 548), (1509, 548), (1496, 548)],
    '107': [(1524, 393), (1530, 396), (1533, 389), (1536, 391), (1536, 390), (1555, 396), (1564, 412), (1565, 433), (1563, 433), (1564, 436), (1557, 437), (1557, 448), (1555, 456), (1549, 469), (1555, 475), (1545, 484), (1541, 480), (1531, 488), (1521, 492), (1521, 511), (1519, 511), (1519, 510), (1511, 510), (1511, 515), (1496, 515), (1496, 515), (1482, 515), (1482, 498), (1463, 491), (1472, 484), (1463, 475), (1458, 466), (1455, 459), (1452, 446), (1452, 436), (1454, 426), (1446, 424), (1447, 421), (1443, 420), (1445, 413), (1454, 399), (1460, 395), (1462, 398), (1465, 395), (1470, 402), (1480, 395), (1490, 391), (1498, 390), (1511, 390), (1518, 391)],
    '108': [(1569, 483), (1569, 505), (1557, 505), (1547, 505), (1544, 503), (1541, 499), (1537, 496), (1547, 486), (1545, 484), (1548, 482), (1549, 484), (1559, 474)],
    '109': [(1295, 221), (1295, 222), (1295, 226), (1297, 226), (1300, 225), (1303, 319), (1299, 319), (1299, 322), (1293, 322), (1269, 323), (1269, 315), (1268, 315), (1268, 312), (1263, 312), (1263, 308), (1260, 236), (1260, 228), (1265, 228), (1265, 222), (1271, 222), (1275, 221)],
    '110': [(1233, 198), (1236, 198), (1245, 198), (1245, 196), (1250, 196), (1250, 200), (1253, 200), (1253, 197), (1257, 197), (1258, 199), (1262, 199), (1262, 203), (1260, 203), (1260, 206), (1261, 209), (1263, 209), (1263, 215), (1269, 215), (1269, 213), (1271, 213), (1273, 213), (1273, 217), (1274, 217), (1275, 217), (1275, 221), (1271, 222), (1265, 222), (1265, 228), (1260, 228), (1260, 236), (1257, 237), (1251, 237), (1252, 231), (1250, 231), (1250, 226), (1254, 226), (1254, 224), (1257, 224), (1257, 222), (1253, 222), (1252, 218), (1254, 218), (1254, 215), (1254, 212), (1252, 212), (1252, 210), (1250, 210), (1250, 215), (1246, 215), (1246, 213), (1234, 213), (1234, 215), (1229, 215), (1229, 211), (1227, 211), (1227, 210), (1226, 210), (1225, 210), (1217, 211), (1218, 204), (1216, 204), (1216, 200), (1220, 200), (1220, 198), (1224, 198), (1224, 199), (1227, 199), (1227, 201), (1229, 201), (1229, 197), (1233, 197)],
    '111': [(1260, 236), (1263, 308), (1260, 308), (1257, 308), (1256, 308), (1256, 303), (1254, 303), (1253, 291), (1252, 291), (1252, 286), (1256, 286), (1256, 282), (1252, 283), (1251, 278), (1253, 278), (1253, 275), (1253, 266), (1251, 266), (1251, 262), (1255, 262), (1255, 258), (1251, 258), (1251, 254), (1252, 254), (1251, 241), (1257, 241), (1257, 238), (1257, 237)],
    '112': [(1183, 258), (1184, 258), (1189, 258), (1194, 258), (1194, 261), (1195, 261), (1195, 267), (1193, 267), (1193, 273), (1193, 277), (1195, 277), (1196, 280), (1196, 289), (1193, 290), (1194, 299), (1196, 299), (1196, 308), (1196, 312), (1194, 312), (1194, 319), (1197, 319), (1202, 319), (1202, 316), (1211, 316), (1211, 318), (1221, 318), (1221, 316), (1224, 315), (1233, 316), (1234, 318), (1243, 317), (1243, 315), (1252, 315), (1256, 315), (1256, 317), (1258, 317), (1260, 317), (1260, 308), (1263, 308), (1263, 312), (1268, 312), (1268, 315), (1269, 315), (1269, 323), (1293, 322), (1299, 322), (1299, 319), (1303, 319), (1305, 319), (1305, 324), (1305, 324), (1305, 329), (1301, 329), (1301, 331), (1298, 331), (1297, 331), (1297, 332), (1294, 332), (1291, 332), (1291, 331), (1290, 331), (1288, 332), (1288, 329), (1278, 330), (1278, 332), (1266, 332), (1266, 330), (1261, 330), (1260, 328), (1256, 328), (1256, 330), (1255, 330), (1243, 331), (1243, 328), (1234, 329), (1234, 331), (1225, 332), (1221, 331), (1221, 329), (1212, 329), (1212, 332), (1202, 332), (1199, 332), (1199, 330), (1194, 330), (1194, 326), (1191, 326), (1185, 326), (1185, 323), (1182, 324), (1182, 318), (1181, 317), (1183, 317), (1183, 312), (1181, 312), (1180, 303), (1180, 299), (1183, 299), (1182, 290), (1180, 290), (1180, 281), (1180, 277), (1182, 277), (1182, 268), (1180, 268), (1179, 261), (1183, 261)],
    '113': [(1197, 199), (1196, 201), (1200, 201), (1200, 206), (1198, 205), (1197, 212), (1195, 220), (1197, 221), (1196, 225), (1192, 224), (1192, 225), (1192, 226), (1200, 228), (1201, 226), (1205, 227), (1204, 231), (1208, 232), (1208, 228), (1213, 229), (1212, 230), (1219, 231), (1228, 232), (1227, 238), (1228, 238), (1228, 243), (1224, 242), (1223, 244), (1220, 243), (1219, 246), (1217, 246), (1215, 246), (1215, 244), (1213, 244), (1210, 243), (1210, 245), (1206, 244), (1206, 240), (1203, 239), (1202, 243), (1198, 243), (1198, 241), (1195, 240), (1192, 240), (1192, 242), (1190, 242), (1188, 241), (1189, 238), (1185, 237), (1186, 235), (1182, 235), (1182, 230), (1184, 231), (1185, 225), (1184, 225), (1184, 223), (1180, 222), (1181, 218), (1182, 218), (1183, 215), (1183, 212), (1181, 212), (1182, 209), (1182, 208), (1184, 208), (1184, 206), (1185, 203), (1183, 203), (1184, 199), (1188, 199), (1189, 197)],
    '114': [(1944, 1015), (1946, 1015), (1946, 1033), (1944, 1034), (1944, 1037), (1929, 1037), (1929, 1011), (1944, 1011)],
    '115': [(1104, 257), (1107, 258), (1109, 258), (1109, 257), (1113, 257), (1113, 259), (1118, 260), (1119, 258), (1123, 259), (1122, 263), (1124, 263), (1123, 271), (1121, 271), (1120, 275), (1116, 274), (1116, 273), (1109, 272), (1101, 270), (1101, 272), (1097, 271), (1098, 267), (1096, 267), (1095, 266), (1094, 275), (1095, 275), (1094, 279), (1090, 279), (1090, 282), (1094, 283), (1093, 287), (1092, 287), (1091, 294), (1089, 302), (1090, 302), (1090, 306), (1086, 305), (1085, 307), (1077, 306), (1078, 304), (1074, 303), (1074, 299), (1076, 299), (1077, 294), (1076, 294), (1076, 291), (1076, 290), (1077, 290), (1079, 285), (1077, 284), (1078, 280), (1082, 281), (1083, 277), (1078, 276), (1079, 272), (1081, 273), (1081, 270), (1081, 267), (1080, 267), (1081, 265), (1081, 263), (1084, 263), (1084, 260), (1086, 261), (1087, 256), (1091, 257), (1091, 259), (1094, 259), (1099, 259), (1100, 255), (1104, 256)],
    '116': [(1149, 257), (1149, 267), (1146, 267), (1146, 272), (1149, 271), (1149, 274), (1152, 274), (1153, 284), (1149, 284), (1150, 288), (1153, 288), (1153, 298), (1150, 298), (1150, 302), (1153, 302), (1153, 312), (1150, 312), (1150, 316), (1154, 316), (1154, 321), (1154, 326), (1151, 326), (1149, 330), (1146, 332), (1146, 335), (1141, 335), (1135, 335), (1135, 332), (1132, 332), (1132, 335), (1121, 336), (1121, 332), (1117, 333), (1118, 336), (1107, 336), (1107, 333), (1103, 333), (1103, 336), (1093, 336), (1093, 333), (1091, 333), (1091, 330), (1086, 330), (1086, 333), (1076, 334), (1076, 330), (1074, 330), (1074, 318), (1076, 318), (1076, 315), (1086, 315), (1086, 316), (1086, 318), (1091, 318), (1091, 321), (1093, 321), (1093, 318), (1096, 318), (1103, 317), (1103, 321), (1107, 321), (1107, 317), (1117, 317), (1117, 320), (1121, 320), (1121, 317), (1131, 317), (1132, 315), (1135, 313), (1135, 302), (1138, 302), (1138, 298), (1134, 298), (1134, 288), (1137, 288), (1137, 284), (1134, 284), (1134, 274), (1137, 274), (1137, 272), (1134, 273), (1134, 267), (1130, 267), (1130, 257), (1133, 257), (1133, 255), (1145, 255), (1146, 257)],
    '117': [(1159, 255), (1159, 274), (1155, 274), (1154, 255)],
    '118': [(1106, 170), (1110, 170), (1112, 169), (1112, 168), (1116, 168), (1116, 169), (1122, 169), (1122, 168), (1126, 168), (1126, 172), (1128, 172), (1128, 173), (1128, 180), (1126, 180), (1126, 184), (1122, 184), (1122, 183), (1119, 183), (1107, 183), (1107, 185), (1103, 185), (1102, 180), (1100, 180), (1100, 189), (1102, 189), (1102, 193), (1098, 194), (1098, 197), (1102, 197), (1102, 201), (1100, 201), (1101, 208), (1100, 208), (1100, 210), (1101, 210), (1101, 217), (1102, 217), (1103, 221), (1098, 221), (1098, 223), (1107, 223), (1107, 222), (1111, 222), (1114, 219), (1115, 220), (1120, 214), (1126, 209), (1125, 208), (1127, 205), (1131, 207), (1132, 206), (1138, 211), (1136, 213), (1139, 216), (1136, 219), (1135, 218), (1132, 222), (1133, 223), (1131, 224), (1130, 226), (1129, 225), (1125, 229), (1126, 230), (1123, 233), (1120, 230), (1119, 232), (1116, 229), (1114, 230), (1114, 234), (1112, 234), (1112, 235), (1112, 238), (1108, 238), (1107, 236), (1104, 237), (1102, 237), (1102, 238), (1095, 238), (1095, 235), (1094, 235), (1094, 233), (1090, 233), (1090, 229), (1092, 229), (1090, 221), (1086, 221), (1086, 217), (1088, 217), (1088, 214), (1087, 212), (1085, 212), (1085, 207), (1087, 207), (1087, 205), (1087, 202), (1086, 202), (1086, 198), (1090, 198), (1090, 194), (1085, 194), (1085, 190), (1087, 190), (1086, 184), (1085, 184), (1085, 180), (1088, 180), (1088, 177), (1090, 176), (1090, 172), (1094, 172), (1094, 174), (1097, 174), (1102, 173), (1102, 168), (1106, 168)],
    '119': [(1140, 179), (1142, 180), (1143, 181), (1141, 183), (1144, 185), (1144, 185), (1146, 186), (1147, 185), (1147, 186), (1149, 187), (1150, 188), (1149, 189), (1150, 191), (1150, 191), (1153, 193), (1154, 192), (1157, 195), (1154, 198), (1157, 201), (1160, 198), (1163, 200), (1161, 202), (1164, 204), (1164, 203), (1166, 205), (1167, 204), (1168, 206), (1169, 207), (1168, 209), (1170, 212), (1168, 213), (1172, 216), (1169, 219), (1168, 218), (1165, 220), (1166, 221), (1164, 222), (1164, 223), (1163, 224), (1162, 225), (1160, 227), (1162, 229), (1160, 231), (1158, 234), (1159, 234), (1157, 237), (1156, 237), (1155, 237), (1154, 238), (1153, 238), (1151, 240), (1152, 242), (1149, 245), (1146, 242), (1145, 243), (1139, 238), (1141, 236), (1138, 233), (1140, 230), (1142, 231), (1144, 229), (1144, 229), (1148, 224), (1150, 222), (1150, 223), (1151, 221), (1153, 220), (1154, 222), (1158, 218), (1157, 217), (1158, 216), (1154, 214), (1155, 213), (1152, 211), (1151, 212), (1148, 209), (1151, 206), (1148, 204), (1145, 207), (1142, 204), (1143, 203), (1141, 200), (1141, 201), (1139, 198), (1140, 197), (1139, 196), (1138, 196), (1137, 197), (1135, 195), (1135, 194), (1132, 192), (1131, 193), (1128, 190), (1131, 187), (1130, 186), (1135, 180), (1137, 182)],
    '120': [(1214, 411), (1216, 417), (1217, 419), (1217, 419), (1218, 421), (1217, 421), (1218, 424), (1219, 428), (1208, 431), (1207, 428), (1206, 429), (1206, 427), (1205, 425), (1188, 429), (1185, 421), (1204, 415), (1202, 409), (1213, 406)],
    '121': [(1127, 528), (1135, 528), (1135, 528), (1141, 528), (1141, 535), (1140, 535), (1140, 535), (1146, 535), (1146, 535), (1192, 534), (1192, 540), (1192, 540), (1192, 543), (1195, 543), (1195, 542), (1196, 542), (1196, 543), (1196, 555), (1196, 556), (1195, 556), (1195, 555), (1192, 555), (1192, 565), (1192, 565), (1192, 568), (1187, 568), (1187, 571), (1141, 572), (1143, 577), (1136, 580), (1134, 576), (1134, 574), (1133, 572), (1132, 571), (1131, 565), (1130, 563), (1130, 561), (1129, 558), (1129, 556), (1127, 556), (1125, 556), (1117, 557), (1113, 557), (1113, 570), (1108, 570), (1108, 573), (1048, 574), (1048, 571), (1043, 571), (1043, 568), (1042, 568), (1042, 558), (1039, 558), (1039, 559), (1038, 559), (1038, 545), (1039, 545), (1039, 546), (1040, 546), (1042, 545), (1042, 542), (1042, 542), (1042, 537), (1087, 536), (1094, 536), (1094, 536), (1102, 536), (1103, 536), (1103, 539), (1120, 538), (1127, 538), (1127, 532)],
    '122': [(1096, 604), (1096, 615), (1097, 638), (1092, 638), (1092, 643), (1081, 643), (1081, 646), (1081, 648), (1089, 650), (1093, 652), (1096, 656), (1099, 659), (1100, 663), (1100, 672), (1096, 680), (1090, 686), (1081, 688), (1081, 693), (1076, 696), (1077, 697), (1078, 700), (1071, 703), (1069, 700), (1064, 703), (1064, 707), (1030, 708), (1030, 692), (1030, 688), (1031, 687), (1033, 687), (1033, 679), (1066, 678), (1066, 674), (1066, 664), (1033, 665), (1033, 657), (1031, 656), (1030, 655), (1029, 650), (1022, 650), (1022, 636), (1064, 636), (1063, 640), (1068, 640), (1068, 608), (1076, 607), (1076, 605), (1077, 604), (1081, 604), (1084, 603), (1084, 604)],
    '123': [(1159, 603), (1171, 603), (1172, 603), (1172, 603), (1172, 603), (1174, 603), (1174, 603), (1177, 603), (1179, 603), (1179, 603), (1181, 603), (1181, 603), (1186, 603), (1186, 602), (1187, 602), (1187, 602), (1187, 603), (1187, 603), (1187, 606), (1188, 606), (1189, 605), (1189, 605), (1189, 604), (1190, 604), (1190, 604), (1191, 604), (1191, 604), (1192, 604), (1192, 604), (1193, 605), (1193, 605), (1193, 606), (1193, 610), (1193, 612), (1198, 612), (1198, 612), (1199, 612), (1199, 612), (1204, 612), (1204, 612), (1206, 612), (1206, 612), (1211, 612), (1211, 611), (1211, 611), (1211, 611), (1212, 611), (1212, 612), (1213, 612), (1213, 612), (1213, 612), (1217, 611), (1217, 611), (1218, 611), (1218, 611), (1219, 611), (1219, 611), (1219, 612), (1218, 612), (1219, 615), (1220, 615), (1220, 617), (1223, 617), (1223, 617), (1224, 617), (1224, 618), (1224, 618), (1224, 622), (1224, 622), (1224, 623), (1224, 623), (1224, 627), (1224, 627), (1224, 628), (1224, 628), (1224, 632), (1224, 632), (1224, 633), (1224, 633), (1224, 636), (1224, 636), (1224, 638), (1223, 638), (1223, 638), (1220, 638), (1220, 640), (1219, 640), (1219, 643), (1219, 643), (1219, 644), (1218, 644), (1218, 643), (1217, 643), (1213, 643), (1213, 644), (1211, 644), (1211, 644), (1206, 644), (1206, 644), (1205, 644), (1205, 644), (1204, 644), (1200, 644), (1200, 644), (1198, 644), (1198, 645), (1198, 645), (1198, 647), (1198, 650), (1198, 650), (1198, 651), (1197, 651), (1197, 651), (1196, 651), (1196, 654), (1196, 654), (1196, 655), (1205, 657), (1211, 662), (1215, 670), (1216, 679), (1216, 679), (1212, 687), (1205, 693), (1197, 695), (1197, 696), (1197, 696), (1197, 699), (1198, 699), (1198, 699), (1199, 699), (1199, 700), (1199, 700), (1199, 705), (1199, 705), (1199, 706), (1201, 706), (1201, 706), (1205, 706), (1206, 706), (1206, 706), (1208, 706), (1207, 706), (1213, 706), (1213, 706), (1214, 706), (1214, 706), (1219, 706), (1219, 706), (1221, 705), (1221, 706), (1220, 706), (1220, 709), (1222, 709), (1222, 711), (1225, 711), (1225, 711), (1226, 711), (1226, 732), (1225, 732), (1225, 732), (1222, 732), (1222, 734), (1221, 734), (1221, 737), (1221, 737), (1221, 738), (1221, 738), (1221, 738), (1220, 738), (1220, 738), (1219, 738), (1219, 738), (1215, 738), (1215, 738), (1215, 738), (1215, 738), (1214, 738), (1214, 738), (1213, 738), (1213, 738), (1208, 738), (1208, 738), (1207, 738), (1207, 738), (1206, 738), (1202, 738), (1202, 738), (1200, 738), (1200, 738), (1195, 738), (1195, 738), (1194, 738), (1194, 737), (1194, 737), (1194, 736), (1194, 735), (1192, 735), (1192, 735), (1192, 736), (1192, 736), (1191, 737), (1191, 737), (1190, 737), (1189, 737), (1189, 737), (1188, 736), (1188, 736), (1188, 735), (1187, 735), (1187, 729), (1187, 729), (1183, 729), (1183, 729), (1182, 729), (1182, 729), (1176, 729), (1177, 729), (1175, 729), (1175, 729), (1170, 729), (1170, 729), (1169, 729), (1169, 729), (1168, 729), (1168, 729), (1168, 729), (1168, 729), (1164, 729), (1164, 729), (1163, 729), (1163, 729), (1163, 729), (1163, 730), (1162, 730), (1162, 729), (1160, 729), (1157, 729), (1157, 724), (1157, 724), (1157, 722), (1157, 722), (1156, 703), (1156, 697), (1165, 697), (1174, 697), (1174, 691), (1174, 678), (1173, 678), (1173, 676), (1172, 673), (1172, 671), (1171, 669), (1171, 669), (1171, 667), (1171, 666), (1171, 666), (1171, 664), (1171, 663), (1171, 661), (1172, 660), (1172, 659), (1172, 657), (1173, 654), (1173, 654), (1173, 654), (1173, 650), (1173, 649), (1173, 643), (1173, 635), (1161, 635), (1155, 635), (1154, 609), (1159, 609)],
    '124': [(993, 492), (993, 495), (990, 498), (989, 498), (989, 498), (990, 498), (992, 546), (992, 546), (992, 550), (993, 554), (985, 554), (985, 552), (913, 554), (901, 554), (900, 554), (900, 548), (893, 548), (892, 500), (891, 500), (891, 495), (891, 493), (898, 493), (898, 495), (976, 492), (984, 492), (984, 493), (985, 493), (985, 492), (987, 490), (990, 490)],
    '125': [(954, 625), (954, 682), (978, 680), (992, 679), (992, 677), (1004, 677), (1005, 702), (1007, 702), (1007, 711), (953, 711), (953, 720), (910, 721), (910, 720), (900, 720), (900, 715), (896, 715), (896, 678), (895, 666), (895, 660), (907, 660), (906, 642), (906, 633), (909, 633), (909, 627), (909, 627), (919, 627)],
    '126': [(153, 441), (112, 441), (112, 441), (112, 432), (112, 424), (115, 424), (115, 420), (115, 407), (141, 406), (142, 407), (153, 407)],
    '127': [(205, 503), (205, 504), (214, 503), (214, 503), (217, 503), (217, 503), (230, 503), (230, 503), (232, 503), (232, 503), (246, 503), (246, 502), (247, 502), (248, 502), (248, 503), (258, 502), (258, 501), (262, 501), (262, 501), (265, 501), (265, 501), (266, 501), (266, 502), (267, 502), (267, 503), (267, 503), (267, 503), (267, 506), (267, 506), (268, 511), (266, 511), (267, 513), (269, 513), (269, 512), (277, 512), (277, 513), (278, 519), (278, 519), (279, 523), (279, 523), (279, 526), (279, 526), (279, 527), (278, 527), (278, 528), (276, 528), (276, 528), (274, 528), (274, 528), (269, 528), (269, 527), (264, 528), (264, 528), (259, 529), (259, 529), (257, 529), (257, 529), (255, 529), (255, 528), (254, 528), (254, 526), (254, 526), (254, 524), (254, 524), (254, 519), (255, 519), (255, 517), (249, 517), (249, 517), (246, 517), (246, 517), (233, 517), (233, 518), (230, 518), (230, 518), (217, 518), (217, 518), (215, 518), (215, 518), (211, 518), (211, 521), (211, 521), (212, 524), (211, 524), (212, 530), (213, 530), (213, 532), (213, 532), (213, 534), (213, 534), (213, 536), (212, 536), (212, 540), (213, 540), (213, 542), (213, 542), (213, 545), (213, 545), (213, 547), (212, 547), (212, 553), (212, 553), (212, 555), (212, 555), (212, 565), (213, 565), (213, 567), (213, 573), (206, 574), (206, 574), (202, 575), (202, 575), (199, 575), (199, 575), (198, 575), (198, 574), (197, 574), (197, 572), (197, 572), (197, 570), (197, 570), (197, 565), (198, 565), (198, 556), (197, 556), (197, 553), (197, 553), (197, 544), (197, 544), (197, 534), (197, 534), (197, 512), (196, 512), (195, 504), (196, 504), (196, 503)],
    '128': [(313, 500), (313, 501), (350, 500), (350, 499), (358, 499), (358, 500), (359, 500), (359, 504), (359, 508), (358, 508), (359, 526), (360, 526), (360, 533), (359, 533), (359, 534), (359, 537), (360, 537), (360, 543), (359, 543), (359, 561), (360, 561), (360, 570), (358, 571), (347, 570), (344, 570), (344, 562), (345, 562), (344, 544), (343, 544), (343, 539), (343, 537), (344, 537), (344, 535), (344, 533), (343, 533), (343, 529), (343, 527), (344, 527), (344, 515), (319, 515), (319, 530), (320, 530), (320, 539), (319, 539), (319, 540), (316, 540), (311, 540), (311, 539), (306, 539), (304, 539), (304, 531), (305, 531), (304, 509), (303, 509), (303, 501), (304, 501), (304, 500)],
    '129': [(263, 545), (263, 545), (264, 545), (264, 546), (265, 545), (265, 547), (265, 547), (265, 549), (265, 549), (265, 554), (264, 554), (265, 563), (265, 563), (265, 566), (265, 566), (265, 569), (268, 569), (268, 569), (270, 569), (270, 569), (277, 569), (277, 568), (279, 568), (279, 567), (281, 567), (281, 567), (283, 567), (283, 568), (284, 568), (285, 568), (287, 568), (287, 568), (287, 567), (289, 567), (289, 567), (291, 567), (291, 567), (293, 567), (293, 568), (300, 568), (300, 568), (302, 568), (302, 568), (305, 568), (305, 566), (305, 566), (304, 557), (311, 557), (311, 556), (316, 556), (316, 556), (318, 556), (318, 556), (320, 556), (320, 557), (321, 557), (321, 558), (321, 558), (321, 561), (321, 561), (321, 565), (320, 565), (320, 568), (320, 571), (320, 574), (321, 574), (321, 578), (321, 578), (321, 581), (321, 581), (321, 582), (320, 582), (320, 583), (319, 583), (319, 583), (317, 583), (317, 583), (312, 583), (312, 582), (303, 583), (303, 583), (300, 583), (300, 583), (294, 583), (294, 584), (292, 584), (292, 584), (290, 584), (290, 584), (288, 584), (287, 583), (285, 583), (284, 583), (284, 584), (282, 584), (282, 584), (279, 584), (279, 584), (277, 584), (277, 583), (271, 583), (271, 584), (269, 584), (269, 583), (259, 584), (259, 585), (254, 585), (254, 585), (252, 585), (252, 585), (251, 585), (251, 584), (250, 584), (250, 583), (250, 583), (250, 580), (250, 580), (250, 576), (250, 576), (250, 566), (250, 566), (250, 564), (250, 564), (250, 560), (248, 561), (248, 561), (240, 562), (239, 555), (238, 555), (238, 546), (239, 546), (239, 545), (247, 545), (248, 546), (251, 546), (253, 546), (256, 546), (256, 545), (260, 545), (260, 545)],
    '130': [(309, 476), (307, 476), (307, 474), (309, 474)],
    '131': [(321, 476), (317, 476), (317, 474), (321, 474)],
    '132': [(409, 347), (409, 358), (406, 358), (406, 360), (398, 360), (398, 360), (389, 361), (389, 361), (381, 361), (381, 359), (378, 359), (378, 348), (378, 348), (378, 348), (381, 348), (381, 347), (382, 347)],
    '133': [(501, 348), (501, 350), (501, 350), (501, 352), (501, 352), (501, 353), (497, 353), (497, 353), (490, 354), (490, 337), (500, 337), (501, 343), (501, 346)],
    '134': [(481, 332), (479, 332), (479, 330), (481, 330)],
    '135': [(362, 668), (362, 671), (367, 671), (367, 695), (362, 695), (362, 698), (345, 698), (345, 696), (340, 696), (341, 683), (341, 681), (341, 680), (341, 671), (345, 671), (345, 669)],
    '136': [(319, 670), (319, 672), (324, 672), (324, 680), (324, 682), (324, 684), (324, 695), (324, 696), (319, 696), (319, 698), (303, 698), (303, 696), (298, 696), (298, 672), (301, 672), (303, 672), (303, 670)],
    '137': [(251, 610), (251, 611), (257, 611), (257, 613), (259, 613), (262, 613), (262, 611), (265, 611), (265, 613), (273, 613), (281, 613), (281, 616), (284, 698), (282, 698), (281, 700), (208, 703), (207, 697), (204, 697), (203, 663), (202, 615), (208, 615), (208, 613), (218, 613), (218, 611), (221, 611), (232, 610), (232, 612), (233, 612), (235, 615), (237, 614), (237, 615), (239, 615), (239, 614), (241, 615), (244, 612), (245, 612), (245, 610)],
    '138': [(362, 743), (362, 762), (363, 762), (363, 772), (362, 772), (361, 801), (341, 801), (342, 747), (338, 747), (335, 747), (335, 751), (329, 750), (329, 746), (332, 746), (332, 729), (329, 729), (329, 725), (335, 725), (335, 728), (350, 728), (350, 731), (354, 731), (353, 743)],
    '139': [(293, 829), (293, 830), (315, 830), (315, 829), (320, 829), (325, 829), (325, 830), (346, 830), (346, 829), (355, 829), (355, 830), (356, 830), (356, 839), (355, 839), (355, 864), (356, 864), (355, 872), (355, 872), (355, 873), (339, 872), (339, 863), (340, 863), (340, 846), (339, 845), (325, 845), (325, 847), (320, 847), (315, 847), (315, 845), (301, 845), (300, 846), (299, 864), (300, 864), (300, 872), (299, 872), (299, 872), (284, 872), (284, 867), (284, 863), (285, 863), (285, 839), (284, 839), (284, 830), (285, 830), (285, 829)],
    '140': [(1299, 980), (1300, 993), (1300, 997), (1300, 997), (1299, 997), (1296, 997), (1291, 997), (1291, 992), (1263, 993), (1263, 997), (1253, 997), (1253, 1006), (1253, 1022), (1253, 1025), (1279, 1025), (1279, 1036), (1282, 1036), (1281, 1040), (1279, 1040), (1279, 1041), (1253, 1041), (1252, 1040), (1250, 1040), (1246, 1040), (1246, 1042), (1237, 1042), (1236, 1025), (1241, 1025), (1241, 1007), (1241, 998), (1231, 998), (1230, 994), (1221, 994), (1220, 994), (1219, 994), (1219, 988), (1222, 988), (1230, 988), (1230, 982), (1231, 982), (1231, 982), (1248, 982), (1248, 983), (1249, 983), (1251, 983), (1251, 981), (1291, 981), (1299, 981), (1299, 980)],
    '141': [(1322, 1016), (1318, 1018), (1318, 1016), (1316, 1017), (1308, 1021), (1305, 1015), (1312, 1011), (1303, 995), (1312, 990), (1317, 1000), (1321, 998), (1328, 1010), (1324, 1013), (1325, 1014)],
    '142': [(1348, 1004), (1347, 1005), (1344, 1006), (1342, 1007), (1340, 1004), (1334, 1006), (1330, 995), (1335, 994), (1331, 983), (1343, 978), (1347, 989), (1352, 987), (1356, 999), (1351, 1001), (1352, 1003)],
    '143': [(1312, 910), (1315, 910), (1319, 910), (1319, 908), (1321, 908), (1326, 908), (1330, 908), (1330, 910), (1332, 910), (1333, 913), (1330, 913), (1330, 918), (1324, 922), (1318, 922), (1311, 922), (1311, 925), (1312, 925), (1312, 934), (1310, 934), (1310, 934), (1308, 935), (1308, 936), (1306, 936), (1306, 939), (1300, 939), (1300, 908), (1305, 908), (1309, 908), (1312, 908)],
    '144': [(1274, 913), (1278, 913), (1278, 914), (1284, 914), (1284, 935), (1283, 935), (1283, 936), (1280, 936), (1260, 936), (1255, 936), (1255, 935), (1254, 935), (1254, 933), (1254, 923), (1254, 913), (1259, 913), (1259, 913), (1263, 912), (1263, 910), (1263, 909), (1269, 909), (1274, 909), (1274, 910)],
    '145': [(1635, 1070), (1634, 1070), (1634, 1068), (1635, 1068)],
    '146': [(1295, 1455), (1296, 1486), (1269, 1486), (1268, 1456)],
    '147': [(1278, 1491), (1278, 1495), (1289, 1494), (1289, 1513), (1292, 1513), (1292, 1523), (1290, 1523), (1290, 1542), (1284, 1542), (1272, 1542), (1272, 1495), (1276, 1495), (1276, 1491)],
    '148': [(1305, 1320), (1305, 1328), (1284, 1328), (1284, 1332), (1274, 1333), (1273, 1316), (1284, 1315), (1284, 1320)],
    '149': [(1306, 1267), (1306, 1275), (1303, 1276), (1303, 1295), (1306, 1295), (1306, 1304), (1281, 1304), (1275, 1304), (1275, 1301), (1273, 1301), (1273, 1283), (1273, 1271), (1274, 1271), (1274, 1267)],
    '150': [(1241, 1411), (1245, 1411), (1245, 1418), (1246, 1426), (1201, 1427), (1200, 1412), (1201, 1412), (1199, 1355), (1214, 1354), (1214, 1358), (1218, 1358), (1218, 1369), (1214, 1369), (1214, 1382), (1217, 1382), (1217, 1375), (1220, 1375), (1220, 1376), (1220, 1379), (1220, 1380), (1220, 1382), (1221, 1382), (1225, 1382), (1224, 1345), (1224, 1341), (1239, 1341), (1239, 1343)],
    '151': [(1245, 1452), (1245, 1461), (1243, 1461), (1243, 1497), (1243, 1500), (1221, 1500), (1221, 1495), (1221, 1486), (1218, 1486), (1215, 1486), (1214, 1461), (1220, 1461), (1220, 1452)],
    '152': [(1208, 1451), (1209, 1454), (1214, 1454), (1214, 1461), (1215, 1486), (1215, 1490), (1217, 1490), (1217, 1493), (1215, 1493), (1215, 1497), (1216, 1520), (1216, 1523), (1218, 1523), (1218, 1535), (1218, 1535), (1215, 1535), (1215, 1532), (1198, 1532), (1198, 1505), (1182, 1505), (1182, 1493), (1197, 1493), (1197, 1459), (1197, 1454), (1203, 1454), (1203, 1451)],
    '153': [(1247, 1534), (1247, 1535), (1248, 1535), (1248, 1542), (1243, 1542), (1243, 1542), (1223, 1542), (1223, 1543), (1218, 1543), (1218, 1535), (1218, 1535), (1218, 1523), (1219, 1520), (1218, 1518), (1238, 1518), (1246, 1518), (1246, 1531), (1246, 1534)],
    '154': [(857, 1188), (857, 1193), (865, 1193), (865, 1201), (867, 1201), (867, 1200), (876, 1200), (876, 1208), (881, 1208), (881, 1211), (879, 1212), (879, 1234), (857, 1234), (857, 1235), (856, 1235), (854, 1235), (854, 1237), (829, 1237), (828, 1234), (821, 1234), (821, 1190), (832, 1190), (832, 1192), (834, 1192), (834, 1190), (852, 1190), (852, 1188)],
    '155': [(517, 1147), (518, 1147), (523, 1152), (526, 1156), (526, 1162), (526, 1171), (524, 1178), (521, 1182), (518, 1185), (515, 1185), (510, 1184), (508, 1181), (507, 1181), (507, 1182), (502, 1182), (502, 1182), (501, 1171), (481, 1171), (481, 1181), (465, 1181), (465, 1168), (466, 1148), (471, 1148), (471, 1147), (471, 1146), (511, 1146)],
    '156': [(502, 1182), (481, 1181), (481, 1171), (501, 1171), (502, 1182)],
    '157': [(440, 985), (442, 985), (442, 980), (465, 980), (465, 986), (495, 987), (495, 1015), (495, 1020), (495, 1029), (481, 1028), (415, 1026), (407, 1026), (381, 1024), (372, 1024), (328, 1022), (329, 1001), (329, 994), (330, 988), (329, 980), (336, 980), (336, 981), (338, 981), (439, 985)],
    '158': [(230, 870), (230, 871), (254, 871), (254, 870), (263, 870), (263, 872), (263, 875), (265, 875), (265, 877), (264, 877), (264, 886), (263, 886), (263, 886), (254, 886), (254, 886), (237, 886), (236, 887), (236, 910), (238, 910), (238, 915), (238, 920), (236, 920), (236, 944), (237, 945), (270, 945), (270, 944), (279, 944), (280, 960), (279, 960), (279, 961), (271, 961), (271, 960), (230, 960), (230, 961), (222, 961), (222, 960), (221, 960), (221, 952), (222, 952), (222, 920), (220, 920), (220, 918), (218, 918), (218, 913), (220, 913), (220, 911), (222, 911), (221, 879), (220, 879), (220, 871), (222, 870), (226, 870), (229, 870)],
    '159': [(256, 731), (256, 731), (257, 730), (260, 731), (260, 733), (272, 733), (273, 732), (275, 733), (288, 733), (289, 732), (291, 733), (303, 733), (303, 732), (307, 732), (308, 731), (311, 732), (313, 735), (313, 737), (312, 738), (312, 741), (311, 741), (311, 754), (312, 755), (311, 757), (311, 763), (312, 763), (312, 767), (313, 768), (312, 771), (309, 773), (307, 773), (306, 772), (303, 772), (303, 771), (296, 771), (296, 757), (296, 747), (291, 747), (289, 748), (288, 747), (275, 747), (273, 748), (272, 747), (260, 747), (259, 751), (257, 752), (254, 753), (252, 752), (250, 750), (249, 747), (246, 747), (246, 741), (241, 741), (237, 741), (236, 747), (227, 747), (225, 748), (224, 747), (218, 747), (218, 753), (219, 755), (218, 756), (218, 769), (218, 771), (218, 773), (223, 774), (224, 776), (225, 779), (224, 781), (222, 784), (217, 784), (218, 787), (217, 788), (218, 801), (218, 803), (218, 804), (218, 810), (223, 810), (225, 810), (226, 810), (239, 811), (241, 810), (242, 811), (253, 811), (263, 810), (263, 817), (264, 817), (264, 821), (265, 822), (265, 823), (263, 826), (261, 827), (259, 827), (258, 826), (254, 826), (254, 825), (242, 825), (241, 826), (239, 825), (226, 825), (225, 826), (223, 825), (211, 825), (211, 826), (207, 826), (206, 827), (205, 827), (202, 825), (201, 823), (201, 821), (202, 820), (202, 816), (203, 816), (203, 804), (202, 803), (203, 801), (203, 795), (202, 788), (202, 787), (203, 784), (201, 784), (201, 773), (203, 773), (203, 772), (202, 771), (203, 769), (203, 763), (203, 763), (203, 756), (202, 754), (203, 753), (203, 741), (202, 741), (202, 737), (201, 736), (201, 734), (202, 732), (205, 730), (207, 730), (208, 731), (212, 731), (212, 732), (224, 732), (225, 732), (227, 732), (249, 733), (249, 729), (251, 727), (254, 727), (256, 729)],
    '160': [(178, 773), (173, 775), (171, 771), (173, 770), (172, 768), (177, 766), (178, 769), (177, 770)],
    '161': [(418, 704), (418, 709), (422, 709), (422, 722), (418, 722), (418, 727), (415, 727), (397, 728), (397, 722), (393, 722), (393, 709), (397, 709), (397, 704)],
    '162': [(441, 724), (441, 731), (438, 731), (438, 724)],
    '163': [(434, 750), (434, 754), (434, 755), (439, 755), (439, 771), (434, 770), (434, 776), (416, 776), (416, 771), (412, 771), (412, 755), (416, 755), (416, 750), (431, 750)],
    '164': [(414, 822), (407, 822), (399, 822), (399, 819), (394, 819), (394, 795), (399, 795), (399, 792), (415, 792), (415, 795), (421, 795), (421, 819), (415, 819), (415, 822)],
    '165': [(414, 822), (414, 833), (415, 833), (415, 836), (421, 836), (420, 859), (415, 859), (415, 862), (399, 862), (399, 859), (393, 859), (393, 836), (399, 836), (399, 833), (407, 833), (407, 827), (407, 822)],
    '166': [(660, 1037), (660, 1049), (660, 1051), (638, 1052), (620, 1071), (620, 1080), (619, 1081), (605, 1081), (604, 1071), (603, 1071), (602, 1044), (602, 1044), (602, 1037), (637, 1036), (637, 1038)],
    '167': [(658, 1121), (659, 1131), (611, 1133), (611, 1090), (623, 1090), (623, 1100), (626, 1100), (645, 1117), (645, 1120)],
    '168': [(703, 1083), (687, 1099), (696, 1108), (685, 1120), (683, 1117), (674, 1126), (651, 1104), (656, 1098), (656, 1090), (660, 1090), (660, 1085), (659, 1064), (659, 1061), (662, 1061), (676, 1061), (676, 1057), (676, 1055), (702, 1054)],
    '169': [(609, 900), (627, 900), (627, 897), (628, 897), (628, 903), (631, 903), (631, 899), (634, 899), (634, 906), (636, 906), (636, 904), (636, 904), (636, 910), (641, 910), (641, 921), (636, 921), (637, 931), (641, 931), (641, 942), (636, 942), (637, 947), (631, 947), (631, 951), (642, 951), (632, 958), (632, 960), (636, 960), (636, 965), (650, 965), (650, 967), (657, 967), (657, 965), (672, 965), (672, 970), (673, 970), (673, 971), (672, 971), (672, 972), (678, 972), (678, 973), (675, 973), (675, 992), (678, 992), (678, 993), (672, 993), (672, 994), (673, 994), (673, 995), (672, 995), (672, 1000), (661, 1000), (661, 995), (658, 995), (658, 999), (651, 999), (650, 995), (647, 995), (647, 1000), (634, 999), (629, 1000), (629, 1007), (628, 1007), (627, 1004), (616, 1005), (616, 993), (612, 993), (611, 968), (616, 968), (616, 966), (620, 966), (619, 961), (610, 960), (601, 956), (605, 956), (605, 953), (605, 947), (600, 947), (600, 943), (595, 943), (595, 932), (600, 932), (600, 921), (595, 921), (595, 910), (600, 910), (600, 905), (600, 905), (600, 907), (602, 907), (602, 899), (605, 899), (605, 903), (607, 903), (607, 897), (608, 897), (608, 900)],
    '170': [(681, 786), (681, 786), (681, 782), (682, 780), (684, 780), (686, 782), (686, 820), (687, 881), (686, 882), (683, 882), (683, 880), (683, 877), (663, 877), (645, 877), (645, 881), (644, 882), (642, 883), (640, 882), (639, 823), (638, 782), (640, 781), (642, 781), (643, 782), (643, 786), (661, 786)],
    '171': [(740, 872), (738, 875), (738, 882), (740, 882), (741, 882), (741, 878), (752, 878), (752, 881), (754, 881), (754, 884), (752, 883), (752, 887), (754, 887), (754, 890), (752, 890), (752, 894), (754, 894), (754, 897), (752, 896), (752, 901), (754, 900), (755, 903), (752, 903), (752, 907), (755, 907), (755, 910), (752, 909), (752, 914), (755, 913), (755, 916), (752, 916), (752, 921), (753, 924), (761, 924), (758, 918), (757, 914), (759, 907), (764, 902), (771, 900), (779, 901), (784, 907), (786, 914), (786, 918), (783, 923), (787, 923), (792, 923), (792, 925), (799, 927), (802, 929), (806, 936), (806, 943), (802, 950), (799, 952), (792, 954), (785, 953), (779, 947), (777, 940), (778, 936), (781, 931), (743, 931), (743, 938), (742, 938), (739, 938), (739, 941), (729, 941), (729, 939), (727, 939), (727, 936), (729, 937), (729, 932), (727, 933), (727, 930), (728, 930), (728, 926), (727, 926), (727, 923), (728, 924), (728, 919), (727, 920), (726, 917), (728, 917), (728, 913), (726, 913), (726, 910), (728, 911), (728, 906), (726, 907), (726, 904), (728, 904), (728, 902), (722, 902), (718, 902), (715, 905), (712, 906), (705, 906), (698, 903), (694, 896), (694, 889), (696, 886), (701, 880), (708, 878), (711, 878), (718, 882), (718, 876), (715, 873), (713, 866), (714, 862), (715, 859), (718, 855), (720, 854), (724, 852), (725, 852), (727, 852), (731, 852), (734, 853), (735, 854), (740, 858), (741, 862), (742, 865)],
    '172': [(1399, 396), (1399, 406), (1301, 406), (1301, 367), (1399, 367)],
    '173': [(1334, 611), (1333, 726), (1256, 725), (1257, 611)],
    '174': [(421, 341), (432, 341), (432, 340), (441, 340), (441, 346), (442, 346), (442, 353), (442, 353), (442, 358), (432, 359), (432, 358), (422, 358), (422, 359), (409, 359), (409, 358), (409, 347), (408, 340), (421, 340)],
    '175': [(372, 409), (377, 415), (377, 426), (368, 426), (368, 439), (371, 439), (371, 464), (352, 464), (349, 464), (333, 464), (333, 464), (324, 464), (303, 465), (298, 465), (298, 441), (300, 441), (300, 438), (297, 438), (296, 433), (295, 433), (295, 435), (293, 435), (290, 433), (288, 430), (289, 427), (292, 426), (296, 426), (296, 424), (307, 424), (307, 426), (311, 426), (323, 426), (323, 415), (325, 415), (325, 410)],
    '176': [(433, 498), (434, 499), (436, 498), (438, 498), (443, 503), (446, 500), (481, 544), (479, 545), (477, 547), (479, 549), (476, 551), (482, 558), (480, 560), (481, 562), (481, 563), (480, 567), (476, 569), (476, 572), (466, 572), (466, 575), (464, 575), (464, 580), (453, 580), (453, 575), (449, 575), (449, 580), (438, 580), (438, 575), (434, 575), (434, 580), (423, 580), (423, 576), (419, 576), (419, 580), (408, 581), (408, 576), (404, 576), (404, 581), (393, 581), (393, 580), (390, 580), (390, 575), (391, 575), (390, 571), (391, 568), (390, 568), (390, 563), (393, 563), (393, 562), (404, 561), (404, 566), (408, 566), (408, 561), (419, 561), (419, 566), (423, 566), (423, 561), (434, 561), (434, 566), (438, 565), (438, 561), (449, 561), (449, 565), (453, 565), (453, 561), (464, 560), (464, 562), (466, 562), (467, 560), (469, 557), (467, 555), (466, 556), (450, 536), (454, 533), (451, 529), (447, 532), (440, 524), (444, 521), (441, 518), (438, 521), (436, 518), (431, 512), (435, 509), (433, 508), (431, 504), (431, 502), (432, 501), (431, 499), (432, 498)],
    '177': [(527, 503), (527, 504), (538, 504), (540, 502), (542, 502), (543, 504), (554, 503), (555, 502), (557, 501), (559, 503), (567, 503), (576, 503), (577, 502), (579, 501), (581, 503), (590, 503), (590, 508), (591, 509), (590, 509), (590, 510), (590, 511), (591, 512), (590, 513), (590, 517), (581, 518), (579, 520), (577, 519), (576, 518), (571, 518), (571, 520), (570, 520), (570, 518), (568, 518), (566, 518), (566, 520), (565, 520), (565, 518), (559, 518), (559, 519), (557, 520), (555, 518), (543, 518), (543, 520), (541, 520), (539, 518), (527, 519), (526, 520), (525, 520), (522, 519), (514, 519), (513, 514), (512, 513), (513, 513), (513, 511), (513, 510), (512, 510), (513, 509), (513, 504), (522, 504), (524, 502)],
    '178': [(577, 563), (577, 564), (588, 564), (589, 562), (591, 562), (593, 563), (602, 563), (610, 563), (613, 561), (615, 563), (626, 563), (628, 561), (630, 561), (631, 563), (642, 563), (643, 561), (645, 561), (647, 563), (658, 562), (659, 561), (661, 560), (663, 562), (672, 562), (672, 567), (673, 568), (674, 569), (674, 571), (672, 572), (672, 577), (663, 577), (661, 579), (659, 578), (659, 577), (647, 577), (646, 578), (645, 579), (642, 577), (631, 577), (630, 579), (629, 579), (626, 577), (615, 578), (614, 579), (613, 580), (610, 578), (605, 578), (605, 580), (604, 580), (604, 578), (602, 578), (600, 578), (600, 580), (599, 580), (599, 578), (593, 578), (592, 580), (591, 580), (589, 578), (577, 578), (577, 580), (575, 580), (573, 578), (564, 579), (564, 574), (562, 573), (562, 571), (564, 569), (564, 564), (572, 564), (575, 562)],
    '179': [(559, 425), (543, 425), (543, 448), (527, 449), (527, 421), (543, 421), (542, 401), (559, 400)],
    '180': [(560, 473), (543, 473), (543, 448), (543, 425), (559, 425)],
    '181': [(676, 396), (676, 397), (676, 397), (670, 403), (670, 410), (676, 410), (676, 412), (676, 414), (676, 417), (677, 439), (669, 439), (665, 439), (664, 439), (663, 440), (655, 440), (652, 440), (649, 440), (649, 440), (648, 440), (644, 440), (639, 440), (639, 440), (638, 440), (634, 440), (630, 440), (617, 440), (614, 440), (612, 441), (611, 441), (611, 440), (611, 440), (611, 438), (611, 437), (610, 418), (610, 418), (610, 418), (610, 416), (610, 414), (610, 410), (611, 410), (611, 411), (616, 411), (616, 404), (610, 398), (610, 398), (610, 398)],
    '182': [(638, 493), (639, 493), (640, 493), (641, 493), (644, 493), (646, 493), (650, 492), (650, 492), (651, 492), (651, 492), (652, 492), (657, 492), (659, 492), (664, 492), (664, 492), (665, 492), (671, 492), (672, 492), (673, 492), (677, 492), (677, 492), (678, 492), (678, 492), (678, 495), (679, 517), (671, 517), (666, 518), (665, 518), (659, 518), (658, 518), (653, 518), (653, 518), (651, 518), (646, 518), (645, 518), (640, 518), (638, 518), (633, 518), (632, 518), (627, 518), (625, 518), (620, 518), (613, 519), (612, 496), (612, 496), (612, 494), (612, 494), (612, 493), (613, 493), (618, 493), (618, 493), (620, 493), (625, 493), (626, 493), (631, 493), (633, 493)],
    '183': [(765, 391), (765, 398), (770, 395), (775, 405), (775, 406), (778, 405), (779, 409), (776, 410), (777, 411), (778, 421), (778, 424), (778, 433), (777, 437), (776, 438), (780, 439), (779, 442), (776, 442), (776, 443), (771, 454), (766, 451), (767, 458), (763, 459), (733, 459), (733, 451), (728, 454), (723, 445), (723, 442), (720, 443), (719, 440), (722, 439), (721, 438), (720, 429), (720, 421), (721, 412), (721, 411), (718, 410), (719, 407), (722, 407), (722, 406), (727, 395), (731, 398), (731, 391)],
    '184': [(822, 500), (853, 500), (853, 498), (857, 498), (857, 501), (855, 501), (855, 517), (857, 517), (857, 521), (855, 521), (856, 537), (856, 537), (857, 537), (857, 538), (857, 540), (857, 540), (856, 540), (856, 557), (858, 557), (858, 560), (856, 560), (856, 576), (858, 576), (858, 580), (847, 580), (845, 580), (843, 580), (835, 580), (834, 580), (834, 583), (829, 583), (827, 583), (827, 580), (827, 580), (822, 580), (822, 580), (820, 580), (820, 577), (821, 577), (821, 560), (819, 560), (819, 557), (821, 557), (820, 541), (819, 541), (819, 538), (819, 538), (820, 538), (820, 537), (820, 534), (820, 527), (820, 521), (819, 521), (819, 518), (820, 518), (820, 502), (818, 502), (818, 498), (822, 498)],
    '185': [(1072, 411), (1072, 420), (1050, 420), (1050, 412)],
    '186': [(1057, 449), (1057, 451), (1042, 451), (1034, 451), (1034, 440), (1037, 440), (1057, 440), (1057, 440), (1057, 441), (1057, 446), (1057, 447)],
    '187': [(1034, 470), (1034, 477), (1025, 477), (1025, 440), (1034, 440), (1034, 451)],
    '188': [(1081, 422), (1081, 437), (1074, 437), (1074, 439), (1066, 439), (1066, 441), (1059, 441), (1059, 423), (1076, 422)],
    '189': [(1086, 392), (1086, 415), (1080, 415), (1076, 415), (1076, 392)],
    '190': [(1112, 411), (1112, 423), (1100, 423), (1100, 411), (1101, 411), (1103, 411)],
    '191': [(1100, 431), (1101, 447), (1083, 448), (1083, 437), (1083, 431)],
    '192': [(1117, 455), (1117, 464), (1107, 464), (1107, 447), (1101, 447), (1100, 431), (1117, 430)],
    '193': [(1146, 724), (1146, 724), (1143, 724), (1143, 729), (1133, 729), (1133, 730), (1133, 730), (1122, 731), (1103, 731), (1097, 731), (1096, 731), (1090, 731), (1087, 731), (1086, 730), (1083, 730), (1081, 729), (1080, 729), (1078, 728), (1076, 727), (1074, 726), (1072, 724), (1070, 723), (1068, 721), (1067, 720), (1067, 718), (1071, 715), (1069, 713), (1092, 699), (1099, 699), (1146, 698), (1146, 717)],
    '194': [(1411, 750), (1404, 757), (1390, 742), (1397, 736)],
    '195': [(1408, 761), (1406, 759), (1410, 755), (1412, 757)],
    '196': [(1413, 730), (1414, 735), (1408, 730), (1408, 730), (1407, 730), (1407, 725), (1413, 725)],
    '197': [(1413, 724), (1413, 720), (1416, 720), (1416, 724)],
    '198': [(1461, 631), (1458, 645), (1457, 644), (1455, 644), (1458, 632), (1458, 631), (1460, 631)],
    '199': [(903, 1086), (904, 1161), (887, 1161), (885, 1161), (885, 1160), (883, 1160), (881, 1160), (881, 1161), (879, 1161), (862, 1161), (862, 1149), (862, 1144), (860, 1144), (859, 1098), (859, 1098), (859, 1089), (867, 1089), (867, 1086), (867, 1085), (895, 1085), (895, 1086)],
    '200': [(1001, 1056), (1002, 1091), (991, 1092), (960, 1092), (951, 1092), (950, 1067), (941, 1067), (941, 1070), (932, 1070), (932, 1057), (941, 1057), (941, 1060), (950, 1060), (950, 1022), (1001, 1021)],
    '201': [(686, 1274), (690, 1251), (691, 1246), (692, 1239), (702, 1176), (755, 1184), (759, 1185), (767, 1187), (768, 1187), (763, 1214), (814, 1223), (800, 1282), (798, 1293), (694, 1275)],
    '202': [(542, 1318), (564, 1327), (565, 1329), (560, 1339), (562, 1341), (562, 1342), (561, 1343), (558, 1342), (557, 1344), (556, 1345), (557, 1347), (552, 1357), (551, 1358), (529, 1349), (528, 1347), (529, 1344), (530, 1343), (534, 1333), (537, 1328), (535, 1327), (535, 1325), (537, 1325), (538, 1325), (540, 1319)],
    '203': [(652, 1358), (667, 1361), (669, 1362), (692, 1366), (685, 1409), (686, 1411), (684, 1423), (683, 1424), (682, 1430), (643, 1424), (643, 1420), (642, 1420), (642, 1417), (643, 1417), (644, 1417), (650, 1380), (651, 1372), (650, 1370)],
    '204': [(263, 1150), (267, 1153), (269, 1151), (297, 1174), (259, 1224), (256, 1222), (243, 1211), (248, 1204), (249, 1203), (249, 1203), (244, 1199), (226, 1185), (227, 1184), (235, 1174), (236, 1175), (251, 1156), (250, 1155), (259, 1144), (262, 1146), (261, 1147), (264, 1149)],
    '205': [(384, 1249), (379, 1255), (379, 1255), (378, 1255), (377, 1257), (378, 1258), (380, 1259), (381, 1259), (382, 1260), (383, 1260), (383, 1261), (383, 1262), (387, 1264), (389, 1266), (395, 1257), (396, 1256), (396, 1255), (403, 1246), (409, 1250), (413, 1252), (411, 1255), (416, 1259), (406, 1273), (405, 1274), (401, 1280), (392, 1291), (387, 1287), (386, 1287), (381, 1283), (381, 1282), (377, 1279), (377, 1278), (372, 1275), (372, 1275), (367, 1272), (367, 1273), (361, 1268), (362, 1268), (356, 1264), (379, 1232), (380, 1233), (380, 1233), (384, 1236), (386, 1238), (390, 1240), (385, 1247), (385, 1247)],
    '206': [(189, 1034), (186, 1038), (185, 1037), (184, 1039), (182, 1041), (180, 1044), (181, 1044), (179, 1047), (179, 1048), (177, 1047), (168, 1057), (168, 1058), (167, 1060), (165, 1059), (164, 1061), (162, 1063), (163, 1064), (162, 1066), (161, 1067), (157, 1072), (136, 1055), (155, 1030), (153, 1029), (164, 1015)],
    '207': [(258, 1104), (219, 1152), (199, 1136), (187, 1126), (189, 1123), (196, 1116), (195, 1115), (196, 1113), (198, 1112), (199, 1112), (208, 1101), (209, 1102), (210, 1101), (211, 1100), (225, 1083), (230, 1079)],
    '208': [(1631, 1600), (1631, 1601), (1634, 1601), (1634, 1603), (1636, 1603), (1636, 1607), (1637, 1616), (1634, 1616), (1634, 1621), (1636, 1621), (1637, 1631), (1636, 1631), (1636, 1636), (1637, 1636), (1637, 1639), (1637, 1646), (1636, 1646), (1637, 1660), (1635, 1660), (1635, 1665), (1638, 1665), (1638, 1678), (1636, 1678), (1636, 1681), (1630, 1682), (1626, 1682), (1626, 1681), (1621, 1681), (1621, 1678), (1619, 1679), (1619, 1675), (1617, 1674), (1619, 1672), (1618, 1669), (1619, 1669), (1619, 1661), (1618, 1661), (1618, 1657), (1617, 1656), (1618, 1654), (1618, 1651), (1619, 1651), (1619, 1646), (1618, 1646), (1618, 1636), (1619, 1636), (1619, 1631), (1618, 1631), (1617, 1622), (1618, 1622), (1617, 1604), (1619, 1604), (1619, 1601)],
    '209': [(1729, 1687), (1730, 1714), (1724, 1714), (1724, 1713), (1709, 1714), (1709, 1715), (1691, 1715), (1691, 1710), (1689, 1702), (1690, 1694), (1690, 1688)],
    '210': [(1650, 1686), (1647, 1684), (1644, 1682), (1647, 1675), (1654, 1679), (1652, 1682)],
    '211': [(1636, 1725), (1636, 1726), (1638, 1726), (1638, 1729), (1640, 1729), (1641, 1733), (1641, 1742), (1638, 1742), (1638, 1747), (1641, 1747), (1641, 1756), (1640, 1756), (1641, 1771), (1640, 1771), (1641, 1776), (1641, 1776), (1641, 1786), (1639, 1786), (1639, 1791), (1642, 1791), (1641, 1805), (1642, 1805), (1642, 1807), (1645, 1807), (1649, 1807), (1648, 1805), (1651, 1805), (1651, 1803), (1666, 1803), (1666, 1803), (1676, 1803), (1676, 1803), (1679, 1803), (1694, 1802), (1694, 1804), (1696, 1804), (1697, 1819), (1696, 1819), (1694, 1819), (1694, 1821), (1676, 1821), (1676, 1822), (1666, 1822), (1666, 1821), (1661, 1821), (1661, 1822), (1652, 1822), (1652, 1820), (1649, 1820), (1649, 1817), (1646, 1817), (1642, 1817), (1642, 1820), (1639, 1820), (1639, 1827), (1637, 1827), (1637, 1829), (1627, 1829), (1627, 1827), (1624, 1827), (1624, 1820), (1625, 1820), (1625, 1815), (1623, 1815), (1623, 1806), (1625, 1806), (1625, 1801), (1623, 1801), (1623, 1786), (1622, 1786), (1623, 1771), (1622, 1771), (1622, 1762), (1623, 1762), (1622, 1757), (1622, 1757), (1622, 1739), (1621, 1739), (1621, 1729), (1623, 1729), (1623, 1726)],
    '212': [(1724, 1714), (1724, 1718), (1726, 1717), (1729, 1808), (1730, 1808), (1730, 1817), (1729, 1817), (1730, 1821), (1727, 1821), (1728, 1824), (1725, 1824), (1725, 1825), (1723, 1825), (1717, 1825), (1717, 1824), (1713, 1825), (1713, 1822), (1711, 1822), (1710, 1812), (1711, 1812), (1711, 1807), (1711, 1804), (1710, 1804), (1710, 1794), (1712, 1794), (1712, 1789), (1710, 1789), (1709, 1780), (1710, 1780), (1710, 1775), (1709, 1775), (1709, 1770), (1709, 1765), (1710, 1765), (1709, 1760), (1709, 1760), (1708, 1750), (1711, 1750), (1710, 1746), (1708, 1746), (1708, 1736), (1709, 1736), (1709, 1733), (1709, 1731), (1708, 1728), (1708, 1728), (1708, 1723), (1707, 1718), (1710, 1718), (1709, 1715), (1709, 1714), (1724, 1713)],
    '213': [(1641, 1847), (1641, 1847), (1645, 1847), (1648, 1847), (1649, 1847), (1657, 1846), (1657, 1847), (1658, 1847), (1658, 1846), (1659, 1846), (1659, 1847), (1666, 1847), (1666, 1846), (1667, 1846), (1667, 1847), (1675, 1846), (1675, 1846), (1676, 1846), (1676, 1846), (1684, 1846), (1684, 1846), (1685, 1846), (1685, 1846), (1693, 1846), (1693, 1846), (1694, 1846), (1694, 1846), (1702, 1846), (1702, 1845), (1703, 1845), (1703, 1846), (1711, 1846), (1711, 1845), (1718, 1845), (1723, 1845), (1723, 1851), (1719, 1852), (1719, 1855), (1719, 1856), (1721, 1885), (1642, 1887), (1642, 1879), (1636, 1879), (1635, 1852), (1641, 1852), (1641, 1847)],
    '214': [(1591, 869), (1591, 850), (1601, 850), (1601, 846), (1615, 846), (1616, 875), (1601, 875), (1601, 870), (1593, 870), (1593, 869)],
    '215': [(842, 1018), (798, 1019), (799, 1098), (822, 1098), (831, 1098), (831, 1138), (836, 1138), (859, 1138), (858, 1097), (843, 1097)],
    '216': [(1421, 1329), (1421, 1336), (1422, 1338), (1422, 1340), (1421, 1342), (1421, 1362), (1418, 1362), (1418, 1362), (1410, 1362), (1410, 1343), (1399, 1343), (1396, 1343), (1395, 1332), (1409, 1332), (1409, 1329), (1412, 1329), (1413, 1328), (1416, 1328), (1418, 1329)],
    '217': [(392, 676), (392, 698), (414, 697), (414, 676)],
    '218': [(420, 639), (421, 652), (421, 666), (426, 666), (426, 667), (444, 667), (444, 664), (449, 664), (449, 640), (444, 640), (444, 637), (425, 637), (425, 639)],
    '219': [(386, 665), (386, 640), (391, 640), (391, 638), (408, 638), (408, 640), (414, 640), (414, 651), (414, 665), (408, 665), (409, 669), (390, 669), (390, 665)],
    '220': [(1535, 564), (1574, 562), (1574, 526), (1571, 526), (1570, 514), (1557, 513), (1557, 505), (1547, 505), (1544, 503), (1534, 514), (1535, 551)],
    '221': [(143, 674), (158, 674), (158, 672), (165, 672), (165, 679), (168, 679), (168, 689), (165, 689), (165, 696), (174, 696), (174, 707), (169, 707), (169, 712), (148, 712), (148, 716), (138, 716), (138, 720), (124, 721), (124, 715), (125, 715), (125, 713), (125, 713), (125, 708), (135, 708), (135, 704), (146, 704), (146, 704), (148, 704), (148, 700), (161, 699), (161, 696), (159, 696), (158, 693), (161, 693), (161, 690), (161, 689), (161, 687), (151, 687), (149, 687), (141, 687), (140, 687), (115, 687), (114, 682), (114, 682), (115, 682), (115, 681), (115, 680), (113, 680), (113, 675)],
    '222': [(113, 656), (113, 651), (114, 651), (114, 649), (114, 649), (114, 643), (156, 643), (160, 643), (160, 637), (157, 637), (157, 633), (160, 633), (160, 630), (146, 630), (146, 625), (144, 625), (144, 626), (134, 626), (134, 622), (123, 623), (123, 617), (124, 617), (124, 615), (122, 615), (122, 610), (136, 610), (136, 614), (146, 614), (146, 618), (167, 617), (167, 633), (164, 633), (164, 640), (167, 640), (168, 650), (164, 651), (164, 657), (157, 658), (157, 655), (143, 655)],
    '223': [(113, 656), (143, 655), (143, 665), (143, 674), (113, 675), (113, 676), (113, 681), (113, 681), (106, 681), (104, 681), (94, 681), (94, 661), (90, 661), (90, 651), (88, 651), (88, 649), (90, 649), (90, 648), (90, 643), (93, 643), (93, 647), (93, 648), (93, 650), (98, 650), (98, 651), (102, 651), (112, 651), (113, 656)],
    '224': [(1961, 969), (1959, 969), (1959, 972), (1959, 972), (1958, 972), (1956, 974), (1957, 975), (1952, 977), (1949, 977), (1945, 979), (1945, 975), (1942, 975), (1942, 983), (1930, 983), (1930, 984), (1926, 984), (1925, 914), (1927, 914), (1927, 908), (1936, 908), (1936, 906), (1957, 906), (1957, 915), (1959, 915), (1959, 914), (1960, 914), (1960, 920), (1959, 920), (1960, 922), (1960, 922), (1961, 928), (1961, 934), (1961, 966)],
    '225': [(1408, 1266), (1408, 1266), (1413, 1266), (1417, 1266), (1418, 1280), (1418, 1280), (1419, 1287), (1409, 1287), (1409, 1290), (1406, 1290), (1406, 1287), (1405, 1287), (1405, 1286), (1403, 1286), (1403, 1287), (1400, 1287), (1400, 1287), (1386, 1287), (1385, 1281), (1384, 1281), (1384, 1267)],
    '226': [(1477, 525), (1477, 528), (1476, 528), (1476, 542), (1478, 542), (1478, 537), (1481, 537), (1481, 542), (1482, 541), (1483, 545), (1481, 545), (1478, 545), (1476, 545), (1476, 548), (1463, 548), (1462, 522), (1476, 522), (1476, 525), (1477, 525)],
    '227': [(1162, 978), (1162, 1017), (1212, 1016), (1212, 1006), (1216, 1007), (1216, 1012), (1214, 1012), (1214, 1013), (1215, 1013), (1215, 1014), (1216, 1014), (1217, 1014), (1218, 1012), (1218, 1011), (1218, 1006), (1217, 1005), (1216, 1005), (1216, 1004), (1216, 997), (1222, 997), (1221, 994), (1219, 994), (1219, 988), (1222, 988), (1222, 976), (1165, 977)],
    '228': [(941, 965), (953, 965), (954, 959), (955, 953), (957, 953), (957, 961), (959, 961), (980, 961), (981, 961), (981, 942), (981, 930), (979, 930), (958, 930), (957, 930), (957, 938), (954, 938), (953, 934), (950, 934), (949, 938), (941, 938), (930, 938), (930, 926), (930, 903), (898, 903), (898, 902), (903, 902), (903, 900), (896, 899), (897, 903), (893, 903), (893, 958), (893, 967), (897, 967), (897, 969), (896, 969), (896, 972), (903, 971), (903, 969), (898, 969), (898, 967), (918, 968), (930, 968), (930, 953), (934, 953), (938, 953), (939, 960)],
    '229': [(457, 1037), (485, 1038), (485, 1041), (492, 1041), (492, 1045), (496, 1045), (495, 1063), (494, 1062), (493, 1072), (490, 1078), (490, 1085), (494, 1085), (493, 1089), (493, 1094), (490, 1094), (489, 1102), (483, 1101), (482, 1121), (454, 1120), (453, 1143), (411, 1141), (411, 1110), (399, 1110), (399, 1104), (382, 1103), (381, 1109), (373, 1109), (373, 1102), (365, 1102), (364, 1108), (356, 1108), (356, 1102), (347, 1101), (347, 1095), (338, 1095), (338, 1092), (335, 1092), (324, 1081), (326, 1078), (328, 1078), (328, 1077), (327, 1074), (326, 1070), (325, 1068), (324, 1061), (324, 1056), (324, 1053), (325, 1046), (322, 1045), (323, 1037), (328, 1037), (331, 1031), (340, 1032), (341, 1026), (355, 1027), (355, 1030), (372, 1030), (372, 1024), (381, 1024), (380, 1031), (406, 1032), (407, 1026), (415, 1026), (415, 1032), (432, 1033), (432, 1030), (446, 1031), (446, 1038), (456, 1039)],
    '230': [(1591, 1339), (1591, 1347), (1594, 1352), (1598, 1481), (1596, 1481), (1578, 1481), (1585, 1485), (1577, 1498), (1571, 1492), (1558, 1497), (1482, 1498), (1488, 1480), (1553, 1478), (1554, 1478), (1556, 1478), (1557, 1476), (1558, 1475), (1555, 1356), (1555, 1355), (1554, 1354), (1553, 1353), (1552, 1352), (1550, 1352), (1550, 1345), (1546, 1345), (1547, 1352), (1486, 1353), (1483, 1341), (1480, 1341), (1473, 1343), (1471, 1346), (1437, 1314), (1429, 1306), (1439, 1295), (1467, 1283), (1541, 1281), (1542, 1332), (1556, 1332), (1562, 1333), (1567, 1336), (1570, 1340)],
    '231': [(1533, 636), (1523, 636), (1523, 632), (1533, 632)],
    '232': [(578, 462), (586, 462), (586, 470), (578, 470)],
    '233': [(576, 427), (587, 427), (588, 445), (576, 446)],
    '234': [(575, 407), (588, 406), (588, 415), (575, 415)],
    '235': [(578, 449), (586, 449), (586, 457), (578, 457)],
    '236': [(658, 445), (663, 445), (663, 452), (658, 452)],
    '237': [(576, 416), (587, 416), (587, 425), (576, 425)],
    '238': [(174, 696), (171, 696), (170, 634), (174, 634)],
    '239': [(664, 487), (658, 487), (658, 480), (664, 480)],
    '240': [(167, 750), (171, 756), (166, 759), (162, 754)],
    '241': [(1517, 855), (1523, 855), (1523, 872), (1517, 872)],
    '242': [(1512, 980), (1516, 982), (1515, 987), (1510, 985)],
    '243': [(1512, 1100), (1507, 1095), (1511, 1090), (1516, 1094)],
    '244': [(1520, 842), (1525, 842), (1525, 849), (1520, 849)],
    '245': [(1605, 921), (1604, 932), (1600, 932), (1599, 921)],
    '246': [(1696, 1063), (1697, 1068), (1694, 1068), (1693, 1063)],
    '247': [(1315, 1342), (1323, 1342), (1323, 1348), (1315, 1348)],
    '248': [(929, 1031), (941, 1031), (942, 1041), (930, 1041)],
    '249': [(1346, 1300), (1376, 1299), (1376, 1310), (1346, 1310)],
    '250': [(1707, 1178), (1707, 1187), (1702, 1186), (1701, 1178)],
    '251': [(1637, 1187), (1631, 1187), (1631, 1185), (1631, 1179), (1637, 1179), (1637, 1185)],
    '252': [(1735, 1886), (1727, 1886), (1727, 1882), (1735, 1882)],
    '253': [(1652, 1043), (1650, 1043), (1650, 1036), (1656, 1036), (1657, 1043)],
    '254': [(452, 1279), (472, 1284), (473, 1283), (476, 1284), (481, 1291), (480, 1295), (477, 1294), (467, 1329), (446, 1324), (445, 1328), (439, 1326)],
    '255': [(860, 1027), (848, 1027), (848, 1023), (859, 1023)],
    '256': [(881, 1297), (882, 1303), (879, 1303), (879, 1297)],
    '257': [(691, 980), (686, 980), (686, 976), (691, 976)],
    '258': [(562, 1081), (567, 1086), (574, 1094), (568, 1099), (565, 1096), (565, 1091), (563, 1089), (561, 1087)],
    '259': [(362, 1228), (341, 1253), (310, 1229), (336, 1197), (339, 1200), (335, 1206)],
    '260': [(550, 726), (563, 716), (574, 729), (569, 733), (574, 738), (570, 741), (577, 750), (572, 754)],
    '261': [(606, 707), (610, 712), (606, 715), (602, 711)],
    '262': [(626, 732), (630, 736), (626, 739), (623, 735)],
    '263': [(602, 752), (605, 756), (601, 759), (598, 755)],
    '264': [(301, 1021), (299, 1023), (297, 1025), (307, 1036), (311, 1031), (311, 1031)],
    '265': [(291, 1027), (285, 1033), (307, 1055), (313, 1049)],
    '266': [(1665, 1255), (1665, 1277), (1679, 1277), (1679, 1254)],
    '267': [(333, 660), (333, 648), (333, 642), (365, 642), (365, 656), (362, 656), (363, 660)],
    '268': [(297, 608), (297, 611), (289, 611), (289, 616), (289, 648), (295, 648), (295, 659), (326, 659), (326, 657), (330, 657), (330, 648), (330, 609)],
    '269': [(891, 422), (899, 422), (899, 415), (918, 415), (918, 426), (915, 426), (915, 439), (928, 439), (928, 436), (964, 434), (964, 438), (996, 436), (996, 446), (992, 446), (992, 450), (1001, 450), (1001, 465), (892, 468)],
    '270': [(568, 669), (572, 666), (569, 662), (565, 665)],
    '271': [(2019, 1010), (2020, 1036), (2020, 1043), (2011, 1044), (2007, 1045), (2005, 1050), (2005, 1058), (1928, 1060), (1928, 1082), (1998, 1082), (2044, 1081), (2042, 1010)],
    '272': [(425, 397), (425, 401), (416, 402), (432, 418), (495, 416), (494, 395)],
    '273': [(277, 1002), (281, 1002), (289, 1002), (288, 1023), (277, 1022), (277, 1004)],
    '274': [(2019, 1010), (1954, 1012), (1954, 1037), (2020, 1036)],
    '275': [(1846, 785), (1896, 784), (1897, 824), (1856, 825), (1847, 826)],
    '276': [(1857, 873), (1856, 833), (1856, 825), (1897, 824), (1897, 872)],
    '277': [(599, 1161), (659, 1159), (659, 1167), (683, 1166), (685, 1215), (619, 1218), (618, 1210), (601, 1211)],
    '278': [(1523, 1199), (1523, 1202), (1520, 1203), (1520, 1215), (1524, 1215), (1524, 1232), (1526, 1232), (1526, 1235), (1537, 1235), (1537, 1232), (1539, 1232), (1538, 1199)],
    '279': [(691, 1154), (723, 1153), (724, 1168), (693, 1169)],
    '280': [(767, 1158), (735, 1153), (732, 1171), (764, 1176)],
    '281': [(762, 1121), (750, 1120), (748, 1137), (755, 1138), (755, 1133), (760, 1134)],
    '282': [(1618, 840), (1634, 840), (1634, 844), (1637, 844), (1638, 856), (1634, 856), (1635, 874), (1629, 874), (1629, 877), (1621, 878), (1621, 877), (1619, 877), (1619, 860)],
    '283': [(822, 714), (839, 713), (843, 713), (843, 723), (857, 723), (856, 686), (859, 686), (859, 674), (856, 674), (856, 669), (855, 650), (850, 651), (831, 651), (831, 669), (832, 674), (832, 678), (821, 679)],
    '284': [(787, 586), (740, 587), (701, 587), (701, 573), (703, 573), (703, 569), (703, 562), (733, 562), (733, 574), (787, 573)],
    '285': [(699, 562), (698, 504), (706, 504), (786, 502), (788, 564), (773, 564), (773, 561), (733, 562), (703, 562)],
    '286': [(1161, 584), (1163, 587), (1166, 587), (1169, 588), (1171, 589), (1173, 590), (1176, 592), (1174, 601), (1171, 600), (1171, 603), (1159, 603), (1154, 603), (1154, 607), (1144, 606), (1139, 597)],
    '287': [(750, 1120), (741, 1118), (740, 1122), (735, 1121), (733, 1135), (748, 1137)],
    '288': [(1002, 1311), (1019, 1310), (1019, 1321), (1002, 1321)],
    '289': [(1920, 804), (1921, 880), (2043, 877), (2041, 802)],
    '290': [(1183, 1086), (1180, 1086), (1180, 1096), (1183, 1095)],
}
