BUILDING_POLY = {
    '00': [(821, 1209), (773, 1126), (895, 1047), (951, 1124)],
    '01': [(637, 1077), (707, 1027), (727, 1060), (773, 1126), (821, 1209), (758, 1247)],
    '02': [(587, 1491), (757, 1387), (862, 1533), (835, 1548), (853, 1571), (812, 1597), (700, 1663)],
    '03': [(88, 1139), (134, 1191), (176, 1163), (164, 1146), (464, 922), (478, 937), (464, 950), (496, 983), (535, 958), (491, 898), (519, 878), (486, 834)],
    '04': [(534, 811), (593, 896), (767, 797), (749, 763), (776, 748), (740, 691), (710, 710), (701, 698)],
    '05': [(808, 683), (833, 717), (895, 674), (928, 716), (974, 685), (1069, 615), (1069, 581), (1038, 602), (954, 590)],
    '06': [(846, 262), (900, 338), (940, 311), (924, 288), (949, 270), (936, 251), (974, 225), (950, 187)],
    '07': [(900, 338), (945, 399), (971, 382), (991, 370), (1161, 244), (1122, 192), (940, 311)],
    '08': [(975, 434), (1055, 558), (1100, 528), (991, 370), (971, 382), (996, 419)],
    '09': [(1053, 902), (1088, 956), (1250, 853), (1209, 800)],
    '10': [(810, 953), (833, 987), (861, 1031), (1042, 923), (992, 840), (843, 931)],
    '11': [(1501, 940), (1495, 926), (1495, 911), (1499, 899), (1506, 888), (1516, 880), (1473, 830), (1582, 750), (1661, 860), (1593, 903), (1595, 921), (1593, 940), (1584, 960), (1566, 980), (1489, 1032), (1450, 976)],
    '12': [(522, 1110), (652, 1309), (709, 1273), (588, 1087), (579, 1074)],
    '13': [(572, 984), (616, 1045), (624, 1056), (630, 1063), (697, 1013), (767, 968), (751, 942), (727, 910), (627, 977), (614, 957)],
    '14': [(727, 1060), (833, 987), (810, 953), (843, 931), (817, 895), (751, 942), (767, 968), (697, 1013), (707, 1027)],
    '15': [(1030, 1692), (1126, 1822), (1233, 1744), (1247, 1675), (1178, 1583)],
    '16': [(1029, 1868), (1009, 1838), (963, 1866), (962, 1851), (969, 1827), (980, 1806), (999, 1789), (1019, 1778), (1006, 1749), (1017, 1740), (1013, 1735), (1042, 1717), (1114, 1813)],
    '17': [(243, 1301), (300, 1307), (341, 1368), (360, 1355), (447, 1472), (387, 1514), (328, 1431), (295, 1451), (297, 1383)],
    '18': [(1451, 1158), (1442, 1176), (1425, 1415), (1481, 1403), (1501, 1197), (1511, 1195), (1517, 1213), (1525, 1228), (1546, 1237), (1567, 1239), (1585, 1231), (1599, 1217), (1604, 1198), (1602, 1181), (1621, 1178), (1616, 1132), (1465, 1150)],
    '19': [(1711, 883), (1757, 938), (1816, 942), (1818, 905), (1772, 900), (1765, 890), (1829, 849), (1808, 821)],
    '20': [(1793, 692), (1878, 817), (1919, 785), (1871, 712), (1950, 661), (1917, 615)],
    '21': [(371, 1638), (405, 1690), (492, 1641), (535, 1701), (584, 1671), (507, 1560)],
    '22': [(252, 1505), (306, 1579), (329, 1564), (286, 1503), (304, 1492), (263, 1432), (242, 1447), (273, 1490)],
    '23': [(1152, 607), (1184, 601), (1199, 695), (1167, 701)],
    '24': [(1221, 341), (1316, 277), (1283, 232), (1193, 295)],
    '25': [(222, 884), (246, 931), (377, 849), (341, 800)],
    '26': [(1678, 1058), (1731, 1061), (1733, 1050), (1748, 1051), (1749, 1043), (1788, 1047), (1793, 1003), (1724, 998), (1723, 1009), (1713, 1008), (1713, 1018), (1672, 1015), (1670, 1040), (1679, 1041)],
    '27': [(1808, 1006), (1841, 1008), (1840, 1022), (1851, 1023), (1851, 1036), (1931, 1042), (1935, 992), (1902, 989), (1902, 981), (1888, 979), (1889, 970), (1810, 963)],
    '28': [(1939, 1088), (1978, 1090), (1977, 1104), (1987, 1106), (1987, 1112), (2064, 1120), (2066, 1074), (2031, 1072), (2032, 1065), (2020, 1063), (2021, 1054), (1943, 1048)],
    '29': [(1873, 902), (1910, 903), (1909, 915), (1921, 918), (1921, 928), (1994, 933), (1996, 879), (1959, 877), (1960, 867), (1946, 866), (1946, 856), (1876, 854)],
    '30': [(1626, 1168), (1661, 1168), (1660, 1180), (1669, 1180), (1670, 1191), (1742, 1191), (1743, 1143), (1695, 1143), (1696, 1121), (1626, 1122)],
    '31': [(1783, 1185), (1836, 1188), (1837, 1177), (1848, 1177), (1850, 1166), (1895, 1168), (1897, 1131), (1825, 1127), (1824, 1136), (1812, 1136), (1811, 1144), (1768, 1141), (1767, 1176), (1783, 1177)],
    '32': [(1579, 1307), (1826, 1310), (1828, 1254), (1590, 1251), (1589, 1265), (1579, 1265)],
    '33': [(1904, 1301), (1895, 1321), (1872, 1310), (1880, 1293), (1887, 1296), (1888, 1294)],
    '34': [(1912, 1290), (1919, 1273), (1893, 1262), (1892, 1265), (1888, 1263), (1883, 1274), (1888, 1277), (1887, 1279)],
    '35': [(1883, 1274), (1880, 1275), (1878, 1290), (1886, 1291), (1887, 1279), (1888, 1277)],
    '36': [(1923, 1280), (1916, 1295), (1949, 1309), (1956, 1294)],
    '37': [(1924, 1241), (1967, 1260), (1973, 1245), (1930, 1227)],
    '38': [(1946, 1254), (1939, 1270), (1951, 1275), (1952, 1271), (1962, 1276), (1968, 1264)],
    '39': [(1923, 1246), (1919, 1257), (1922, 1259), (1920, 1265), (1932, 1269), (1939, 1252)],
    '40': [(1890, 1232), (1886, 1246), (1904, 1252), (1908, 1240), (1903, 1238), (1904, 1236)],
    '41': [(1921, 1221), (1918, 1228), (1908, 1223), (1910, 1217)],
    '42': [(1906, 1218), (1902, 1228), (1895, 1226), (1899, 1215)],
    '43': [(1973, 1265), (1969, 1289), (1984, 1291), (1985, 1288), (2005, 1291), (2009, 1270)],
    '44': [(2026, 1259), (2001, 1257), (2000, 1267), (2010, 1268), (2009, 1272), (2014, 1272), (2013, 1284), (2024, 1285)],
    '45': [(1991, 1310), (1961, 1323), (1966, 1336), (1997, 1324)],
    '46': [(1964, 1336), (1956, 1342), (1967, 1355), (1975, 1349)],
    '47': [(2045, 1299), (2022, 1332), (2045, 1348), (2068, 1315)],
    '48': [(2054, 1255), (2034, 1278), (2057, 1298), (2077, 1274)],
    '49': [(2100, 1239), (2090, 1272), (2128, 1276), (2132, 1257), (2130, 1256), (2131, 1246)],
    '50': [(2085, 1233), (2067, 1247), (2058, 1255), (2081, 1274), (2087, 1267), (2084, 1261), (2093, 1252), (2095, 1244)],
    '51': [(2127, 1281), (2088, 1277), (2082, 1305), (2099, 1307), (2104, 1292), (2130, 1294)],
    '52': [(2129, 1316), (2114, 1314), (2088, 1316), (2091, 1337), (2134, 1333)],
    '53': [(2077, 1317), (2058, 1351), (2065, 1355), (2067, 1351), (2071, 1354), (2073, 1350), (2082, 1355), (2084, 1351), (2078, 1347), (2086, 1333), (2085, 1321)],
    '54': [(1915, 1310), (1915, 1310), (1909, 1326), (1909, 1328), (1948, 1342), (1954, 1324)],
    '55': [(1915, 1310), (1907, 1307), (1901, 1323), (1909, 1326)],
    '56': [(1903, 1328), (1899, 1339), (1918, 1347), (1922, 1335)],
}
