BUILDING_POLY = {
    '00': [(1046, 939), (1023, 939), (1019, 924), (1015, 924), (1016, 905), (1020, 905), (1025, 893), (1028, 889), (1051, 889), (1051, 904), (1063, 904), (1063, 884), (1078, 883), (1078, 879), (1038, 879), (1038, 846), (1020, 846), (1020, 821), (1036, 821), (1037, 788), (1080, 787), (1080, 762), (1113, 762), (1113, 790), (1091, 790), (1091, 873), (1083, 873), (1083, 889), (1093, 889), (1093, 940), (1059, 940), (1059, 926), (1052, 926)],
    '01': [(891, 365), (876, 353), (1010, 177), (1029, 175), (1070, 216), (1062, 228), (1037, 208), (1014, 211), (989, 243), (894, 361)],
    '02': [(903, 691), (902, 738), (906, 738), (912, 741), (917, 750), (916, 781), (896, 780), (891, 781), (884, 780), (880, 777), (877, 774), (875, 771), (874, 767), (874, 763), (875, 759), (877, 754), (878, 734), (871, 733), (871, 718), (869, 718), (870, 682), (867, 682), (868, 668), (871, 668), (871, 660), (962, 661), (962, 676), (994, 676), (994, 684), (962, 683), (962, 695), (955, 695), (956, 691)],
    '03': [(965, 721), (1004, 721), (1003, 769), (998, 769), (998, 777), (994, 777), (994, 782), (916, 781), (917, 750), (965, 751)],
    '04': [(718, 701), (753, 701), (752, 707), (752, 737), (776, 737), (794, 738), (795, 772), (766, 773), (717, 773)],
    '05': [(765, 603), (833, 602), (834, 672), (836, 672), (837, 687), (775, 688), (775, 684), (775, 673), (782, 673), (782, 638), (765, 638)],
    '06': [(920, 640), (920, 597), (915, 597), (915, 583), (924, 583), (933, 571), (933, 563), (1011, 563), (1011, 565), (1018, 565), (1018, 579), (1032, 580), (1032, 586), (1017, 586), (1017, 599), (959, 599), (959, 640)],
    '07': [(1032, 564), (1039, 564), (1039, 561), (1069, 562), (1069, 560), (1082, 560), (1082, 562), (1126, 562), (1125, 601), (1099, 600), (1099, 596), (1059, 595), (1059, 600), (1032, 599), (1032, 586), (1032, 580)],
    '08': [(1144, 477), (1144, 543), (1094, 543), (1094, 486), (1108, 487), (1109, 477)],
    '09': [(1002, 535), (1038, 536), (1039, 503), (1099, 443), (1154, 443), (1154, 410), (1077, 409), (1002, 482)],
    '10': [(1199, 82), (1166, 122), (1221, 165), (1253, 125)],
    '11': [(746, 885), (752, 885), (751, 883), (767, 883), (770, 878), (797, 878), (797, 869), (797, 863), (804, 863), (809, 863), (809, 870), (809, 878), (815, 878), (815, 883), (840, 883), (840, 886), (841, 886), (853, 886), (853, 899), (855, 899), (856, 899), (857, 900), (858, 901), (858, 903), (857, 904), (856, 905), (855, 905), (853, 906), (853, 917), (849, 918), (850, 934), (824, 933), (824, 928), (817, 928), (810, 928), (811, 945), (799, 945), (796, 947), (794, 949), (790, 950), (786, 951), (783, 950), (780, 949), (776, 947), (773, 945), (759, 945), (746, 944), (746, 924)],
    '12': [(886, 1027), (940, 1028), (940, 1025), (922, 1025), (922, 1009), (918, 1009), (918, 1003), (922, 1003), (926, 995), (932, 989), (932, 986), (937, 986), (942, 983), (955, 984), (960, 986), (965, 986), (965, 988), (968, 991), (972, 998), (972, 1003), (976, 1003), (976, 1009), (973, 1009), (973, 1024), (950, 1024), (950, 1029), (1002, 1029), (1002, 1050), (998, 1050), (998, 1062), (958, 1062), (958, 1070), (944, 1070), (944, 1062), (886, 1062)],
    '13': [(1054, 1034), (1092, 1035), (1092, 1044), (1109, 1044), (1107, 1098), (1086, 1097), (1086, 1088), (1052, 1087)],
    '14': [(1084, 1119), (1129, 1122), (1128, 1237), (1093, 1237), (1094, 1243), (1086, 1242), (1086, 1235), (988, 1235), (988, 1215), (994, 1215), (994, 1204), (1083, 1204)],
    '15': [(772, 1098), (792, 1121), (770, 1139), (813, 1189), (804, 1196), (808, 1201), (813, 1207), (810, 1211), (804, 1204), (800, 1199), (789, 1209), (727, 1137)],
    '16': [(852, 1256), (856, 1261), (894, 1228), (884, 1216), (901, 1202), (925, 1230), (913, 1240), (916, 1244), (857, 1294), (845, 1281), (849, 1278), (842, 1270), (847, 1265), (844, 1262), (838, 1267), (798, 1220), (810, 1211), (813, 1207), (820, 1213), (828, 1206), (863, 1247)],
    '17': [(965, 1279), (1044, 1371), (971, 1433), (925, 1379), (958, 1351), (942, 1333), (927, 1346), (915, 1332), (929, 1320), (924, 1313)],
    '18': [(1237, 1581), (1269, 1625), (1242, 1645), (1210, 1600)],
    '19': [(1300, 1584), (1319, 1610), (1281, 1638), (1261, 1613)],
    '20': [(1095, 1326), (1102, 1325), (1102, 1311), (1102, 1310), (1103, 1309), (1104, 1308), (1106, 1308), (1107, 1308), (1108, 1309), (1109, 1310), (1110, 1311), (1110, 1316), (1120, 1316), (1120, 1311), (1168, 1312), (1168, 1311), (1169, 1309), (1171, 1308), (1173, 1308), (1175, 1308), (1176, 1309), (1177, 1311), (1177, 1312), (1191, 1312), (1191, 1314), (1207, 1313), (1252, 1359), (1226, 1382), (1182, 1345), (1095, 1344)],
    '21': [(1532, 1781), (1563, 1804), (1526, 1852), (1486, 1822), (1490, 1816), (1496, 1810), (1500, 1805), (1505, 1802), (1512, 1800), (1518, 1796), (1524, 1792), (1526, 1789), (1527, 1786), (1527, 1784), (1529, 1783)],
    '22': [(1452, 1722), (1480, 1744), (1440, 1795), (1481, 1828), (1466, 1846), (1397, 1791)],
    '23': [(1484, 1723), (1511, 1744), (1517, 1737), (1555, 1767), (1547, 1777), (1521, 1757), (1515, 1765), (1475, 1734)],
    '24': [(1602, 1955), (1619, 1933), (1644, 1951), (1627, 1973)],
    '25': [(1549, 1899), (1564, 1879), (1619, 1919), (1604, 1940)],
    '26': [(1594, 1827), (1604, 1810), (1673, 1849), (1663, 1866)],
    '27': [(994, 658), (1083, 659), (1082, 699), (1076, 699), (1076, 706), (1069, 706), (1069, 711), (1052, 711), (1052, 700), (1041, 695), (994, 694), (994, 684), (994, 676)],
    '28': [(786, 516), (818, 515), (818, 511), (827, 511), (827, 514), (857, 515), (858, 564), (787, 565)],
    '29': [(549, 881), (550, 858), (566, 859), (566, 865), (566, 867), (574, 867), (574, 882)],
    '30': [(581, 930), (642, 882), (698, 953), (637, 1001)],
    '31': [(1607, 1838), (1583, 1867), (1604, 1884), (1632, 1850)],
    '32': [(1627, 1793), (1626, 1805), (1646, 1821), (1654, 1811), (1647, 1806), (1648, 1794)],
    '33': [(888, 954), (886, 955), (885, 955), (884, 955), (883, 954), (882, 953), (881, 952), (881, 951), (881, 949), (882, 948), (883, 947), (885, 947), (886, 947), (887, 947), (888, 948), (889, 949), (889, 951), (889, 952), (889, 953)],
    '34': [(1432, 1706), (1375, 1663), (1389, 1644), (1447, 1687)],
    '35': [(1353, 1752), (1370, 1728), (1304, 1684), (1301, 1689), (1297, 1686), (1284, 1706)],
    '36': [(834, 437), (834, 471), (882, 472), (940, 518), (960, 488), (892, 437)],
    '37': [(973, 933), (995, 935), (1012, 954), (1097, 956), (1097, 1015), (1024, 1014), (969, 951)],
}
