BUILDING_POLY = {
    '00': [(1757, 857), (1775, 827), (1659, 757), (1680, 723), (1519, 625), (1580, 526), (1689, 592), (1697, 578), (1780, 628), (1755, 669), (1848, 725), (1828, 758), (1876, 786), (1855, 819), (1885, 837), (1842, 908)],
    '01': [(1446, 524), (1277, 423), (1260, 429), (1237, 415), (1214, 402), (1200, 385), (1193, 368), (1188, 350), (1189, 320), (1199, 302), (1216, 283), (1232, 275), (1249, 273), (1271, 270), (1302, 276), (1321, 285), (1520, 404)],
    '02': [(841, 1573), (1183, 1561), (1191, 1797), (849, 1809)],
    '03': [(734, 557), (736, 714), (852, 713), (851, 556)],
    '04': [(358, 1651), (352, 1532), (687, 1515), (693, 1634)],
    '05': [(815, 231), (975, 228), (1084, 225), (1082, 170), (1016, 172), (1015, 151), (813, 155)],
    '06': [(494, 222), (644, 215), (805, 207), (799, 82), (488, 96)],
    '07': [(178, 512), (189, 526), (213, 546), (339, 541), (422, 534), (389, 84), (309, 112), (236, 144), (183, 230), (167, 318)],
    '08': [(323, 939), (444, 933), (445, 949), (489, 947), (488, 935), (510, 915), (527, 933), (527, 946), (565, 945), (557, 691), (516, 693), (501, 710), (479, 691), (428, 694), (428, 706), (320, 712), (317, 671), (298, 672), (295, 613), (313, 612), (313, 604), (423, 598), (422, 585), (505, 580), (506, 598), (644, 590), (646, 622), (669, 621), (688, 962), (674, 963), (677, 1012), (328, 1030)],
    '09': [(175, 1463), (221, 1463), (223, 1650), (297, 1649), (295, 1471), (462, 1468), (460, 1360), (284, 1362), (280, 1082), (255, 1083), (254, 1058), (169, 1059)],
    '10': [(338, 1143), (340, 1267), (466, 1264), (464, 1141)],
    '11': [(1212, 1891), (1367, 1973), (1519, 1689), (1364, 1607)],
    '12': [(1424, 1309), (1377, 1394), (1489, 1456), (1398, 1619), (1507, 1678), (1645, 1430)],
    '13': [(1892, 933), (1933, 955), (1990, 847), (1949, 825)],
    '14': [(1986, 1103), (1913, 1235), (1898, 1262), (1960, 1296), (1974, 1270), (1987, 1278), (2055, 1154), (2046, 1149), (2051, 1139)],
    '15': [(1624, 1197), (1604, 1235), (1653, 1260), (1686, 1252), (1711, 1245), (1713, 1242)],
}
