BUILDING_POLY = {
    '00': [(1164, 852), (1540, 854), (1539, 1035), (1510, 1035), (1163, 1033)],
    '01': [(388, 527), (440, 527), (645, 525), (905, 524), (905, 567), (905, 604), (853, 604), (646, 605), (441, 606), (388, 607)],
    '02': [(997, 548), (998, 583), (999, 612), (1288, 606), (1567, 601), (1566, 537), (1199, 545)],
    '03': [(597, 1097), (1008, 1105), (1007, 1155), (1006, 1202), (871, 1199), (754, 1197), (595, 1194), (596, 1144)],
    '04': [(1155, 1016), (1061, 1015), (963, 1014), (965, 875), (965, 833), (966, 716), (1060, 717), (1158, 718)],
    '05': [(591, 1268), (752, 1272), (914, 1276), (910, 1401), (587, 1393)],
    '06': [(609, 1428), (955, 1432), (991, 1432), (990, 1529), (750, 1526), (608, 1525)],
    '07': [(663, 1613), (661, 1714), (657, 1890), (565, 1888), (571, 1611)],
    '08': [(1174, 1206), (1340, 1209), (1390, 1210), (1490, 1212), (1508, 1213), (1505, 1341), (1489, 1341), (1475, 1341), (1218, 1335), (1188, 1334), (1171, 1334)],
    '09': [(1171, 1334), (1188, 1334), (1218, 1335), (1217, 1377), (1475, 1380), (1475, 1341), (1489, 1341), (1505, 1341), (1502, 1508), (1168, 1502), (1170, 1365), (1171, 1350)],
    '10': [(1570, 1201), (1700, 1205), (1710, 1205), (1855, 1209), (1847, 1520), (1562, 1513), (1568, 1273)],
    '11': [(209, 145), (464, 151), (531, 153), (530, 212), (529, 264), (381, 262), (372, 262), (207, 256)],
    '12': [(277, 567), (157, 295), (234, 261), (290, 388), (354, 533), (314, 550)],
    '13': [(709, 171), (710, 428), (638, 428), (565, 428), (564, 220), (564, 172), (614, 171), (614, 137), (665, 137), (665, 171)],
    '14': [(918, 1556), (922, 1917), (824, 1918), (822, 1747), (820, 1557), (868, 1556)],
    '15': [(88, 754), (115, 841), (282, 782), (241, 693)],
    '16': [(1964, 1207), (2134, 1208), (2119, 1618), (1953, 1614)],
}
