BUILDING_POLY = {
    '00': [(415, 1200), (430, 1354), (451, 1568), (459, 1568), (468, 1661), (475, 1660), (515, 1656), (506, 1563), (514, 1562), (491, 1349), (475, 1193), (465, 1194), (455, 1100), (426, 1103), (413, 1104), (422, 1198)],
    '01': [(569, 1634), (587, 1544), (604, 1477), (626, 1483), (652, 1489), (617, 1646)],
    '02': [(617, 1646), (569, 1634), (534, 1625), (527, 1653), (581, 1666), (574, 1694), (613, 1704), (622, 1648)],
    '03': [(494, 1045), (495, 1052), (497, 1065), (515, 1217), (551, 1213), (590, 1208), (586, 1178), (572, 1180), (569, 1160), (555, 1038)],
    '04': [(725, 550), (696, 596), (721, 612), (742, 624), (770, 579)],
    '05': [(494, 472), (501, 500), (507, 525), (616, 498), (610, 476), (616, 474), (625, 513), (637, 561), (687, 591), (714, 547), (684, 529), (681, 514), (706, 509), (735, 503), (746, 515), (769, 494), (706, 426), (703, 415), (692, 418), (688, 403), (651, 412), (655, 427), (628, 434), (624, 418), (548, 437), (553, 457)],
    '06': [(683, 840), (645, 934), (665, 941), (662, 946), (648, 940), (635, 970), (662, 980), (694, 993), (706, 961), (697, 958), (736, 857), (704, 845), (702, 848)],
    '07': [(1341, 950), (1346, 964), (1351, 976), (1374, 966), (1383, 990), (1402, 981), (1409, 1000), (1421, 996), (1433, 991), (1440, 1008), (1465, 998), (1429, 914), (1368, 939), (1352, 946)],
    '08': [(715, 781), (692, 840), (704, 845), (736, 857), (741, 859), (754, 825), (746, 821), (757, 794), (755, 786), (721, 739), (697, 755)],
    '09': [(778, 587), (751, 629), (803, 661), (798, 669), (816, 680), (840, 694), (845, 687), (866, 700), (887, 713), (913, 671)],
    '10': [(545, 812), (527, 831), (538, 842), (499, 884), (534, 916), (537, 919), (542, 924), (550, 930), (608, 866), (668, 801), (687, 781), (671, 766), (657, 780), (628, 754), (573, 814), (561, 827)],
    '11': [(199, 353), (199, 537), (213, 537), (250, 536), (250, 443), (328, 442), (327, 377), (327, 372), (327, 359), (327, 350), (218, 353)],
    '12': [(117, 487), (121, 648), (131, 659), (139, 663), (251, 657), (250, 625), (241, 626), (240, 606), (151, 608), (151, 590), (148, 486)],
    '13': [(88, 308), (94, 476), (119, 474), (151, 472), (149, 307), (106, 308)],
    '14': [(1175, 685), (1153, 694), (1186, 777), (1197, 805), (1206, 826), (1262, 968), (1314, 950), (1350, 936), (1365, 931), (1258, 660), (1235, 670), (1227, 648), (1196, 660), (1170, 670)],
    '15': [(527, 1700), (543, 1869), (558, 1870), (571, 1863), (606, 1766), (620, 1728), (611, 1724), (607, 1729)],
    '16': [(713, 1499), (707, 1513), (701, 1510), (677, 1575), (671, 1589), (677, 1591), (673, 1603), (715, 1619), (754, 1515)],
    '17': [(1534, 1194), (1539, 1206), (1548, 1221), (1555, 1227), (1564, 1235), (1577, 1244), (1593, 1249), (1608, 1252), (1621, 1252), (1636, 1250), (1647, 1246), (1655, 1241), (1670, 1230), (1683, 1215), (1666, 1198), (1654, 1210), (1631, 1173), (1621, 1178), (1613, 1178), (1605, 1176), (1598, 1169), (1562, 1180), (1563, 1184), (1553, 1188)],
    '18': [(1480, 663), (1502, 729), (1598, 699), (1691, 670), (1675, 620), (1529, 664), (1525, 650)],
    '19': [(864, 1060), (852, 1079), (836, 1105), (866, 1123), (874, 1109), (993, 1182), (967, 1224), (993, 1240), (1016, 1254), (1061, 1181), (943, 1108)],
    '20': [(1043, 1568), (1021, 1655), (993, 1762), (1020, 1769), (1067, 1781), (1089, 1692), (1091, 1685), (1093, 1679), (1117, 1586), (1062, 1573)],
    '21': [(1241, 1187), (1232, 1209), (1222, 1234), (1241, 1242), (1238, 1250), (1242, 1259), (1256, 1254), (1270, 1289), (1340, 1262), (1330, 1237), (1370, 1221), (1362, 1203), (1356, 1189), (1330, 1200), (1324, 1186), (1309, 1192), (1286, 1183), (1282, 1190), (1275, 1187), (1272, 1195), (1265, 1192), (1263, 1196)],
    '22': [(1426, 1215), (1436, 1239), (1438, 1243), (1446, 1267), (1503, 1247), (1512, 1243), (1538, 1233), (1518, 1186), (1481, 1202), (1477, 1194)],
    '23': [(1103, 1266), (1117, 1304), (1205, 1272), (1217, 1267), (1202, 1229), (1154, 1248)],
    '24': [(1155, 1076), (1170, 1114), (1185, 1108), (1187, 1114), (1191, 1124), (1157, 1137), (1171, 1172), (1259, 1138), (1239, 1086), (1274, 1073), (1260, 1036)],
    '25': [(1847, 1158), (1877, 1189), (1863, 1203), (1872, 1212), (1973, 1310), (1998, 1284), (2019, 1304), (2132, 1189), (2114, 1171), (2134, 1151), (2051, 1072), (2026, 1047), (2010, 1063), (1976, 1029), (1913, 1092), (1884, 1122)],
    '26': [(1514, 1136), (1534, 1194), (1553, 1188), (1550, 1176), (1617, 1149), (1685, 1123), (1701, 1166), (1752, 1147), (1715, 1053), (1688, 1065), (1666, 1073), (1671, 1091), (1554, 1137), (1548, 1122), (1531, 1129)],
    '27': [(1234, 1722), (1170, 1704), (1176, 1684), (1189, 1635), (1162, 1628), (1139, 1622), (1124, 1673), (1120, 1685), (1118, 1692), (1116, 1699), (1105, 1741), (1163, 1757), (1220, 1773), (1227, 1748)],
    '28': [(1442, 1102), (1469, 1175), (1480, 1172), (1483, 1180), (1487, 1178), (1492, 1191), (1508, 1184), (1505, 1177), (1509, 1176), (1505, 1166), (1516, 1162), (1506, 1138), (1499, 1120), (1487, 1084)],
    '29': [(1777, 1418), (1796, 1465), (1772, 1485), (1748, 1504), (1779, 1541), (1848, 1484), (1841, 1467), (1818, 1404), (1805, 1409), (1794, 1404), (1791, 1412)],
    '30': [(704, 1693), (692, 1725), (772, 1755), (769, 1763), (800, 1774), (792, 1795), (917, 1842), (924, 1822), (964, 1837), (968, 1828), (976, 1805), (890, 1774), (894, 1763), (875, 1756), (882, 1736), (812, 1711), (736, 1682), (728, 1702)],
    '31': [(1773, 1376), (1785, 1388), (1797, 1402), (1816, 1385), (1877, 1450), (1930, 1400), (1926, 1394), (1923, 1387), (1920, 1379), (1919, 1370), (1920, 1363), (1922, 1356), (1924, 1351), (1927, 1346), (1932, 1339), (1939, 1334), (1906, 1298), (1878, 1327), (1864, 1313), (1851, 1300), (1780, 1369)],
    '32': [(988, 1087), (973, 1109), (1044, 1157), (1059, 1135), (1023, 1110)],
    '33': [(1272, 1666), (1256, 1724), (1262, 1744), (1267, 1761), (1252, 1766), (1254, 1774), (1256, 1786), (1262, 1805), (1478, 1744), (1470, 1725), (1471, 1721)],
    '34': [(863, 841), (901, 889), (893, 895), (920, 930), (945, 959), (952, 954), (998, 1010), (1062, 956), (1035, 924), (1045, 917), (960, 815), (951, 823), (941, 811), (925, 791)],
    '35': [(663, 1789), (655, 1812), (644, 1841), (700, 1861), (707, 1913), (764, 1905), (756, 1845), (742, 1847), (740, 1834), (739, 1826), (726, 1821), (729, 1813)],
    '36': [(1018, 1333), (1011, 1360), (1048, 1370), (1075, 1377), (1064, 1416), (1051, 1463), (1048, 1475), (1040, 1502), (1073, 1512), (1095, 1518), (1100, 1497), (1117, 1435), (1129, 1392), (1133, 1378), (1120, 1374), (1126, 1352), (1115, 1349), (1118, 1339), (1102, 1335), (1107, 1319), (1035, 1299), (1029, 1321), (1025, 1335)],
    '37': [(1021, 330), (992, 282), (989, 276), (1045, 243), (1077, 298), (1048, 314)],
    '38': [(887, 324), (904, 350), (934, 331), (916, 304)],
    '39': [(714, 1265), (707, 1286), (699, 1307), (713, 1313), (700, 1349), (687, 1345), (674, 1382), (714, 1397), (780, 1216), (738, 1200), (727, 1230), (741, 1235), (729, 1270)],
    '40': [(619, 1064), (615, 1074), (596, 1122), (674, 1149), (746, 1175), (761, 1135), (767, 1117), (740, 1107), (752, 1076), (658, 1041), (646, 1074)],
    '41': [(1390, 1266), (1389, 1293), (1389, 1302), (1413, 1304), (1438, 1308), (1436, 1315), (1431, 1334), (1489, 1349), (1493, 1333), (1495, 1324), (1521, 1332), (1547, 1343), (1564, 1305), (1537, 1294), (1511, 1284), (1487, 1276), (1461, 1269), (1446, 1267), (1418, 1265)],
    '42': [(503, 1011), (506, 1038), (546, 1033), (543, 1007)],
    '43': [(1120, 1685), (1105, 1682), (1093, 1679), (1091, 1685), (1089, 1692), (1102, 1696), (1116, 1699), (1118, 1692)],
    '44': [(1179, 218), (1187, 235), (1194, 250), (1224, 234), (1259, 302), (1285, 289), (1272, 266), (1283, 258), (1240, 184)],
    '45': [(1302, 454), (1297, 444), (1323, 430), (1340, 422), (1346, 431), (1363, 422), (1431, 534), (1387, 558), (1352, 499), (1320, 446)],
    '46': [(1181, 274), (1188, 285), (1180, 289), (1189, 304), (1279, 454), (1297, 444), (1323, 430), (1256, 318), (1239, 327), (1215, 284), (1223, 278), (1212, 257)],
    '47': [(1570, 539), (1581, 561), (1667, 529), (1656, 501)],
    '48': [(479, 907), (465, 914), (472, 928), (487, 921)],
    '49': [(503, 1314), (520, 1313), (531, 1312), (529, 1277), (526, 1275), (522, 1273), (514, 1270), (510, 1269), (507, 1269), (503, 1268), (500, 1268)],
    '50': [(1371, 1107), (1352, 1115), (1356, 1127), (1347, 1130), (1361, 1165), (1368, 1163), (1371, 1172), (1403, 1159), (1399, 1150), (1405, 1145), (1393, 1114), (1385, 1117), (1382, 1111), (1373, 1115)],
    '51': [(1280, 1089), (1298, 1136), (1352, 1115), (1371, 1107), (1353, 1061)],
    '52': [(663, 1851), (640, 1841), (651, 1810), (629, 1803), (601, 1897), (649, 1906)],
    '53': [(1665, 1336), (1676, 1327), (1691, 1344), (1679, 1353)],
    '54': [(1769, 1212), (1788, 1232), (1805, 1250), (1818, 1238), (1838, 1258), (1848, 1269), (1877, 1243), (1872, 1212), (1863, 1203), (1877, 1189), (1847, 1158), (1836, 1149)],
    '55': [(1047, 1278), (1151, 1240), (1211, 1218), (1205, 1203), (1042, 1263)],
    '56': [(669, 1732), (704, 1741), (753, 1752), (762, 1755), (749, 1810), (709, 1800), (716, 1773), (662, 1759)],
    '57': [(797, 1451), (803, 1436), (805, 1431), (818, 1428), (819, 1418), (823, 1416), (828, 1415), (834, 1414), (839, 1414), (844, 1414), (851, 1415), (856, 1416), (861, 1418), (866, 1420), (872, 1423), (877, 1426), (881, 1430), (884, 1433), (888, 1437), (890, 1441), (894, 1447), (887, 1456), (893, 1467), (885, 1487), (867, 1480), (862, 1486), (858, 1486), (854, 1485), (850, 1484), (846, 1483), (842, 1482), (838, 1480), (833, 1477), (830, 1476), (826, 1473), (823, 1471), (819, 1468), (816, 1465), (816, 1459)],
    '58': [(825, 1134), (809, 1244), (809, 1246), (809, 1248), (810, 1249), (810, 1250), (811, 1252), (813, 1253), (815, 1254), (816, 1255), (870, 1266), (912, 1283), (959, 1302), (988, 1314), (1007, 1266), (979, 1254), (972, 1251), (977, 1241), (907, 1164), (879, 1153)],
    '59': [(1082, 496), (1092, 505), (1177, 550), (1154, 593), (1084, 557), (1053, 521)],
    '60': [(1347, 676), (1376, 756), (1456, 723), (1448, 701), (1438, 703), (1437, 698), (1428, 700), (1425, 692), (1410, 695), (1409, 686), (1399, 688), (1396, 677), (1376, 667)],
    '61': [(1037, 176), (1051, 199), (1106, 166), (1091, 142)],
    '62': [(892, 252), (912, 284), (994, 234), (1002, 248), (1045, 221), (1025, 189), (1011, 197), (1003, 184)],
    '63': [(435, 276), (436, 311), (374, 371), (327, 372), (327, 359), (369, 357), (420, 308), (422, 276)],
    '64': [(463, 694), (550, 653), (535, 621), (524, 627), (502, 637), (471, 562), (460, 536), (451, 538), (462, 454), (399, 447), (395, 474), (398, 474), (409, 475), (401, 551)],
}
