BUILDING_POLY = {
    '00': [(271, 855), (321, 829), (296, 780), (248, 805), (256, 821), (252, 826), (257, 836), (262, 838)],
    '01': [(309, 948), (336, 936), (306, 872), (280, 884)],
    '02': [(325, 854), (365, 935), (377, 929), (338, 848)],
    '03': [(386, 854), (470, 813), (449, 770), (365, 811)],
    '04': [(882, 501), (1060, 412), (1056, 406), (1068, 400), (1063, 389), (1058, 392), (1050, 376), (857, 473), (862, 481), (855, 485), (863, 500), (878, 492)],
    '05': [(789, 338), (909, 280), (890, 241), (789, 290), (786, 284), (790, 282), (775, 251), (756, 260), (774, 297), (771, 299), (773, 304), (776, 302), (782, 315), (779, 316)],
    '06': [(930, 268), (1044, 210), (1038, 198), (1042, 196), (1041, 195), (1034, 198), (1025, 179), (1029, 177), (1028, 174), (1026, 170), (1021, 173), (1009, 150), (987, 161), (996, 180), (1002, 177), (1006, 183), (911, 231)],
    '07': [(747, 234), (768, 224), (735, 156), (705, 171), (713, 186), (721, 182), (730, 200), (723, 204), (725, 209), (733, 206)],
    '08': [(769, 184), (899, 122), (896, 115), (896, 110), (896, 105), (893, 102), (889, 101), (884, 91), (834, 115), (831, 108), (806, 119), (809, 124), (753, 151)],
    '09': [(831, 929), (869, 911), (855, 880), (863, 876), (873, 897), (914, 878), (860, 764), (823, 782), (826, 787), (781, 808), (804, 856), (836, 841), (841, 853), (835, 856), (838, 861), (824, 867), (827, 872), (807, 881)],
    '10': [(1070, 527), (1049, 537), (1016, 466), (1037, 456)],
    '11': [(970, 583), (1000, 568), (989, 546), (993, 544), (979, 516), (975, 518), (966, 500), (938, 514), (947, 533), (941, 536), (955, 563), (959, 561)],
    '12': [(1128, 524), (1249, 465), (1231, 429), (1150, 468), (1139, 446), (1115, 457), (1099, 465)],
    '13': [(521, 417), (562, 396), (557, 386), (593, 368), (579, 341), (542, 360), (537, 351), (495, 372), (499, 380), (465, 398), (480, 425), (516, 407)],
    '14': [(1909, 741), (1934, 789), (1937, 810), (1954, 807), (2036, 768), (2055, 751), (2045, 740), (2017, 687), (1984, 704), (1997, 728), (1955, 749), (1942, 724)],
    '15': [(355, 1259), (377, 1249), (408, 1316), (386, 1326)],
    '16': [(1388, 870), (1444, 986), (1476, 971), (1420, 855)],
    '17': [(1219, 1133), (1190, 1147), (1187, 1140), (1169, 1148), (1152, 1111), (1169, 1103), (1119, 997), (1148, 984)],
    '18': [(1192, 923), (1217, 978), (1281, 948), (1271, 927), (1344, 892), (1328, 859)],
    '19': [(1131, 891), (1284, 813), (1250, 747), (1113, 817), (1116, 823), (1107, 828), (1104, 835), (1104, 843), (1109, 850), (1114, 855), (1114, 862), (1111, 869), (1112, 876), (1116, 881), (1126, 882)],
    '20': [(1035, 880), (1048, 873), (1055, 887), (1064, 883), (1057, 868), (1070, 861), (1026, 776), (1011, 783), (988, 738), (984, 740), (987, 745), (969, 754)],
    '21': [(977, 744), (984, 740), (988, 738), (1082, 691), (1064, 656), (959, 709)],
    '22': [(1104, 680), (1167, 648), (1196, 705), (1120, 743), (1141, 783), (1221, 741), (1227, 753), (1274, 729), (1210, 606), (1192, 615), (1182, 596), (1086, 645)],
    '23': [(491, 858), (545, 832), (539, 820), (556, 812), (506, 710), (500, 713), (492, 696), (427, 728), (445, 763), (486, 743), (497, 767), (501, 775), (513, 798), (472, 818)],
    '24': [(470, 757), (463, 765), (462, 776), (466, 787), (473, 797), (479, 801), (486, 803), (497, 799), (500, 789), (499, 782), (497, 776), (501, 775), (497, 767), (493, 769), (490, 763), (481, 757)],
    '25': [(445, 936), (489, 915), (528, 995), (541, 989), (510, 926), (561, 902), (578, 938), (585, 934), (604, 973), (550, 999), (490, 1028)],
    '26': [(550, 999), (565, 1029), (637, 994), (632, 985), (622, 964), (604, 973)],
    '27': [(632, 985), (666, 968), (616, 866), (564, 891), (585, 934), (604, 973), (622, 964)],
    '28': [(1131, 426), (1141, 421), (1144, 427), (1154, 422), (1151, 416), (1159, 412), (1151, 396), (1157, 393), (1151, 381), (1156, 379), (1148, 362), (1143, 364), (1134, 345), (1130, 347), (1124, 334), (1092, 350), (1098, 362), (1095, 363), (1103, 381), (1099, 383), (1107, 398), (1112, 396), (1120, 412), (1123, 410)],
    '29': [(1580, 840), (1597, 877), (1643, 855), (1626, 818)],
    '30': [(1553, 923), (1569, 957), (1635, 927), (1619, 892)],
    '31': [(1574, 905), (1544, 841), (1516, 854), (1545, 918)],
    '32': [(188, 821), (278, 773), (274, 766), (287, 759), (283, 751), (272, 757), (263, 740), (258, 742), (255, 736), (169, 782), (173, 791), (167, 794), (180, 817), (185, 814)],
    '33': [(312, 757), (411, 704), (396, 675), (392, 677), (389, 671), (297, 720), (300, 726), (297, 728)],
    '34': [(775, 719), (818, 699), (819, 696), (815, 687), (828, 681), (823, 671), (810, 678), (802, 663), (799, 661), (757, 681), (756, 685), (771, 717)],
    '35': [(694, 550), (700, 547), (718, 583), (725, 580), (731, 593), (719, 599), (743, 650), (798, 623), (776, 580), (772, 571), (738, 500), (689, 524), (698, 542), (692, 545)],
    '36': [(405, 230), (424, 220), (398, 171), (380, 181)],
    '37': [(427, 254), (441, 247), (427, 221), (413, 228)],
    '38': [(447, 226), (461, 232), (478, 188), (464, 182)],
    '39': [(478, 153), (470, 173), (483, 178), (491, 159)],
    '40': [(461, 147), (454, 164), (467, 169), (474, 152)],
    '41': [(586, 82), (545, 117), (552, 125), (593, 90)],
    '42': [(876, 1788), (944, 1754), (931, 1728), (886, 1750), (835, 1647), (879, 1625), (867, 1602), (800, 1635)],
    '43': [(1133, 1681), (1176, 1660), (1146, 1599), (1097, 1623), (1122, 1674), (1128, 1671)],
    '44': [(894, 1958), (912, 1963), (922, 1927), (928, 1924), (971, 1935), (989, 1973), (1069, 1938), (1054, 1903), (1073, 1856), (1080, 1854), (1102, 1863), (1111, 1843), (1075, 1828), (1072, 1835), (1063, 1831), (1061, 1837), (1053, 1834), (1035, 1880), (1027, 1864), (959, 1895), (965, 1910), (925, 1899), (923, 1907), (914, 1905), (912, 1912), (907, 1910)],
    '45': [(1442, 592), (1445, 580), (1458, 584), (1462, 572), (1475, 576), (1422, 478), (1416, 489), (1406, 484), (1401, 495), (1389, 493), (1418, 547), (1437, 583)],
    '46': [(1354, 580), (1373, 616), (1437, 583), (1418, 547)],
    '47': [(1299, 414), (1308, 431), (1332, 418), (1323, 402)],
    '48': [(1295, 447), (1330, 429), (1337, 441), (1321, 449), (1301, 459)],
    '49': [(1312, 470), (1326, 499), (1348, 489), (1351, 495), (1363, 490), (1357, 478), (1347, 483), (1343, 475), (1352, 471), (1341, 446), (1329, 452), (1333, 460)],
    '50': [(1753, 1040), (1778, 1090), (1789, 1084), (1798, 1102), (1883, 1060), (1839, 973), (1757, 1014), (1766, 1033)],
    '51': [(1334, 1007), (1295, 1026), (1267, 968), (1305, 949)],
    '52': [(1054, 1664), (1089, 1736), (1103, 1730), (1108, 1741), (1096, 1747), (1106, 1767), (1159, 1742), (1156, 1736), (1161, 1734), (1154, 1719), (1114, 1739), (1108, 1727), (1128, 1718), (1109, 1678), (1092, 1686), (1060, 1621), (1046, 1628), (1048, 1634), (1041, 1637)],
    '53': [(1209, 118), (1170, 176), (1179, 183), (1219, 124)],
    '54': [(1469, 741), (1486, 778), (1517, 765), (1519, 770), (1534, 764), (1544, 783), (1571, 770), (1584, 754), (1590, 736), (1586, 719), (1577, 703), (1566, 692), (1550, 686), (1533, 685), (1518, 688), (1499, 695), (1510, 722)],
    '55': [(1273, 209), (1209, 240), (1214, 250), (1278, 218)],
    '56': [(1280, 1057), (1417, 992), (1455, 1070), (1319, 1136)],
    '57': [(1538, 576), (1511, 590), (1532, 629), (1558, 616)],
    '58': [(232, 1397), (300, 1535), (392, 1490), (323, 1353)],
    '59': [(283, 1543), (304, 1583), (418, 1529), (398, 1487), (392, 1490), (300, 1535)],
}
