BUILDING_POLY = {
    '00': [(365, 550), (365, 552), (365, 556), (377, 557), (376, 567), (376, 581), (366, 580), (365, 595), (336, 594), (332, 594), (332, 585), (332, 573), (325, 573), (326, 555), (334, 555), (334, 549)],
    '01': [(871, 791), (871, 811), (828, 810), (828, 790)],
    '02': [(324, 672), (308, 654), (325, 637), (341, 656)],
    '03': [(375, 757), (375, 780), (329, 779), (329, 756)],
    '04': [(705, 1260), (705, 1257), (705, 1250), (708, 1250), (708, 1246), (745, 1246), (744, 1267), (738, 1267), (736, 1267), (708, 1266), (708, 1260)],
    '05': [(730, 673), (739, 673), (768, 674), (786, 674), (787, 652), (787, 638), (783, 638), (763, 638), (764, 625), (754, 624), (754, 634), (753, 636), (753, 637), (731, 637), (731, 641), (731, 644), (731, 647)],
    '06': [(399, 877), (428, 870), (435, 907), (408, 914)],
    '07': [(375, 1212), (375, 1260), (389, 1260), (389, 1254), (396, 1254), (413, 1238), (413, 1222), (398, 1222), (398, 1212)],
    '08': [(534, 1213), (559, 1213), (558, 1229), (569, 1229), (569, 1240), (581, 1240), (581, 1267), (533, 1266)],
    '09': [(627, 831), (660, 847), (644, 879), (641, 878), (638, 884), (630, 881), (633, 874), (620, 868), (624, 859), (611, 853), (618, 837), (622, 839)],
    '10': [(676, 677), (699, 678), (700, 665), (701, 644), (689, 643), (677, 643)],
    '11': [(382, 677), (419, 663), (430, 694), (394, 709)],
    '12': [(349, 871), (384, 872), (383, 892), (348, 892)],
    '13': [(356, 960), (385, 962), (386, 932), (391, 930), (394, 926), (394, 922), (394, 916), (392, 912), (390, 909), (385, 908), (382, 907), (377, 909), (374, 910), (372, 912), (370, 915), (357, 915)],
    '14': [(562, 634), (616, 635), (659, 635), (659, 637), (658, 682), (647, 682), (646, 718), (621, 717), (604, 717), (583, 717), (584, 681), (562, 681), (562, 673), (558, 673), (558, 656), (562, 656), (562, 636)],
    '15': [(620, 601), (617, 601), (613, 600), (611, 598), (609, 597), (608, 596), (607, 594), (607, 593), (606, 591), (606, 589), (606, 588), (607, 586), (608, 584), (610, 583), (613, 582), (617, 581), (621, 581), (625, 582), (626, 583), (628, 584), (629, 586), (630, 588), (631, 591), (630, 593), (629, 595), (629, 596), (629, 596), (628, 597), (626, 598), (623, 600)],
    '16': [(618, 1199), (618, 1168), (624, 1168), (625, 1163), (642, 1164), (672, 1164), (672, 1200), (659, 1200)],
    '17': [(359, 1209), (360, 1169), (366, 1169), (366, 1148), (357, 1148), (357, 1154), (343, 1154), (343, 1149), (294, 1149), (294, 1189), (302, 1189), (301, 1208)],
    '18': [(363, 968), (367, 968), (367, 965), (375, 965), (375, 970), (384, 970), (383, 1021), (372, 1021), (372, 1016), (362, 1016)],
    '19': [(682, 506), (685, 506), (691, 506), (700, 506), (699, 524), (704, 524), (703, 579), (675, 578), (675, 576), (675, 528), (683, 529), (683, 520), (682, 520)],
    '20': [(790, 1957), (796, 1957), (796, 1961), (800, 1961), (800, 1973), (789, 1973), (789, 1965), (792, 1965), (792, 1961), (790, 1961)],
    '21': [(777, 1083), (800, 1084), (799, 1093), (804, 1094), (804, 1119), (795, 1119), (795, 1099), (790, 1098), (790, 1119), (783, 1119), (783, 1111), (776, 1111)],
    '22': [(411, 1000), (424, 1000), (423, 1026), (435, 1026), (435, 1046), (431, 1046), (430, 1115), (409, 1115), (409, 1110), (408, 1110), (408, 1072), (408, 1029), (414, 1029), (414, 1025), (419, 1025), (419, 1020), (411, 1020)],
    '23': [(658, 1080), (657, 1117), (662, 1118), (662, 1122), (659, 1122), (659, 1126), (627, 1125), (627, 1141), (635, 1142), (698, 1143), (699, 1133), (695, 1133), (695, 1126), (680, 1126), (665, 1126), (666, 1119), (673, 1119), (674, 1080)],
    '24': [(736, 1267), (735, 1278), (728, 1278), (728, 1296), (728, 1299), (730, 1300), (730, 1317), (743, 1317), (743, 1315), (747, 1315), (747, 1326), (817, 1328), (818, 1316), (813, 1316), (813, 1311), (746, 1309), (746, 1294), (755, 1295), (756, 1278), (744, 1278), (744, 1271), (738, 1271), (738, 1267)],
    '25': [(199, 1168), (243, 1155), (249, 1173), (204, 1186)],
    '26': [(834, 850), (885, 852), (884, 871), (833, 870)],
    '27': [(291, 929), (298, 930), (297, 955), (290, 955)],
    '28': [(854, 512), (861, 512), (863, 512), (888, 512), (888, 529), (870, 528), (867, 528), (854, 528), (854, 524), (854, 521)],
    '29': [(1768, 1542), (1820, 1520), (1824, 1528), (1772, 1551)],
    '30': [(930, 880), (939, 888), (868, 976), (856, 968)],
    '31': [(747, 540), (764, 541), (764, 550), (764, 552), (764, 565), (746, 564)],
    '32': [(1179, 1480), (1197, 1482), (1196, 1492), (1178, 1490)],
    '33': [(818, 1129), (831, 1129), (830, 1151), (817, 1151)],
    '34': [(762, 1161), (805, 1162), (805, 1190), (773, 1190), (761, 1190)],
    '35': [(507, 363), (519, 364), (522, 365), (525, 367), (525, 369), (525, 377), (516, 376), (516, 382), (506, 382)],
    '36': [(935, 559), (950, 560), (950, 584), (934, 584)],
    '37': [(856, 471), (872, 471), (872, 506), (861, 506), (856, 506)],
    '38': [(817, 1094), (831, 1094), (830, 1120), (816, 1119)],
    '39': [(766, 1194), (773, 1194), (772, 1227), (765, 1227)],
    '40': [(449, 1759), (457, 1759), (456, 1780), (449, 1779)],
    '41': [(805, 537), (812, 537), (816, 538), (823, 538), (822, 574), (815, 574), (812, 574), (804, 574)],
    '42': [(820, 1059), (834, 1060), (832, 1084), (818, 1083)],
    '43': [(693, 970), (700, 970), (700, 992), (693, 992)],
    '44': [(1526, 1432), (1583, 1442), (1582, 1451), (1525, 1442)],
    '45': [(953, 1432), (953, 1425), (984, 1426), (984, 1434)],
    '46': [(454, 1745), (461, 1745), (460, 1753), (454, 1752)],
    '47': [(820, 1029), (836, 1028), (837, 1049), (821, 1050)],
    '48': [(972, 1437), (982, 1438), (980, 1461), (971, 1460)],
    '49': [(776, 1021), (807, 1021), (806, 1042), (776, 1042)],
    '50': [(312, 1095), (350, 1095), (349, 1129), (311, 1128)],
    '51': [(927, 789), (936, 789), (936, 808), (927, 807)],
    '52': [(859, 1597), (892, 1598), (889, 1669), (856, 1667)],
    '53': [(298, 821), (301, 821), (300, 854), (297, 854)],
    '54': [(882, 489), (905, 489), (905, 506), (882, 505)],
    '55': [(204, 1109), (248, 1111), (247, 1129), (203, 1127)],
    '56': [(790, 582), (812, 583), (815, 583), (864, 584), (864, 601), (813, 600), (789, 599)],
    '57': [(758, 909), (776, 909), (774, 980), (757, 980)],
    '58': [(466, 373), (489, 374), (488, 417), (464, 416)],
    '59': [(770, 511), (846, 513), (845, 530), (816, 529), (812, 529), (771, 528)],
    '60': [(395, 1270), (413, 1271), (413, 1314), (395, 1314)],
    '61': [(793, 1276), (815, 1276), (815, 1291), (792, 1290)],
    '62': [(510, 392), (526, 392), (525, 403), (510, 403)],
    '63': [(711, 972), (722, 972), (722, 990), (711, 990)],
    '64': [(886, 557), (927, 558), (926, 592), (885, 590), (885, 569), (885, 565)],
    '65': [(1032, 1655), (1079, 1643), (1081, 1651), (1034, 1662)],
    '66': [(915, 1450), (923, 1450), (922, 1472), (921, 1472), (914, 1472)],
    '67': [(791, 930), (800, 930), (799, 983), (791, 983)],
    '68': [(754, 1046), (805, 1048), (804, 1070), (753, 1068)],
    '69': [(369, 588), (393, 588), (442, 590), (442, 609), (370, 606)],
    '70': [(1091, 1424), (1105, 1434), (1100, 1441), (1086, 1431)],
    '71': [(954, 1437), (959, 1437), (958, 1448), (953, 1447)],
    '72': [(284, 998), (349, 1000), (347, 1022), (283, 1020)],
    '73': [(914, 810), (936, 810), (936, 826), (915, 826)],
    '74': [(748, 1252), (818, 1254), (818, 1261), (820, 1261), (820, 1269), (747, 1266)],
    '75': [(292, 731), (315, 732), (314, 748), (314, 763), (284, 761), (285, 735), (292, 736)],
    '76': [(754, 507), (758, 507), (760, 507), (760, 536), (748, 536), (748, 524), (748, 510), (754, 510)],
    '77': [(596, 508), (614, 509), (634, 510), (675, 511), (675, 522), (672, 522), (672, 531), (661, 531), (596, 529), (596, 522), (596, 518)],
    '78': [(892, 412), (916, 412), (915, 455), (892, 455), (892, 458), (860, 457), (861, 440), (864, 442), (864, 436), (891, 437)],
    '79': [(634, 940), (700, 942), (700, 947), (703, 947), (703, 956), (633, 954)],
    '80': [(903, 1428), (926, 1429), (926, 1425), (941, 1426), (940, 1441), (903, 1440)],
    '81': [(1068, 862), (1085, 876), (1063, 904), (1035, 882), (1046, 867), (1058, 876)],
    '82': [(373, 621), (408, 623), (407, 628), (407, 633), (407, 636), (407, 638), (407, 642), (401, 642), (401, 646), (372, 645)],
    '83': [(880, 1338), (918, 1337), (918, 1357), (886, 1356), (885, 1346), (880, 1346)],
    '84': [(269, 641), (273, 642), (281, 642), (281, 665), (252, 665), (253, 646), (269, 646)],
    '85': [(458, 1049), (471, 1066), (463, 1072), (463, 1076), (469, 1081), (457, 1096), (439, 1081), (439, 1063)],
    '86': [(661, 958), (680, 958), (678, 994), (670, 994), (670, 1003), (664, 1003), (664, 993), (659, 993)],
    '87': [(786, 816), (775, 816), (775, 820), (755, 819), (755, 810), (751, 810), (751, 802), (756, 802), (756, 798), (776, 799), (775, 802), (787, 803), (787, 796), (811, 797), (811, 822), (786, 821)],
    '88': [(293, 1063), (360, 1064), (360, 1086), (293, 1085)],
    '89': [(325, 1027), (347, 1027), (346, 1058), (324, 1057)],
    '90': [(238, 572), (323, 574), (323, 582), (323, 594), (275, 593), (270, 593), (238, 592)],
    '91': [(456, 587), (455, 628), (455, 636), (446, 636), (413, 635), (413, 633), (413, 628), (413, 625), (413, 622), (441, 622), (442, 609), (442, 590), (442, 587), (445, 587)],
    '92': [(738, 570), (763, 571), (762, 584), (781, 585), (780, 605), (754, 604), (754, 598), (747, 598), (747, 591), (737, 591)],
    '93': [(369, 1023), (381, 1023), (381, 1074), (368, 1074), (368, 1053), (360, 1053), (360, 1028), (369, 1028)],
    '94': [(624, 1004), (700, 1006), (699, 1028), (624, 1026)],
    '95': [(623, 1065), (674, 1067), (696, 1067), (696, 1080), (674, 1079), (623, 1077)],
    '96': [(653, 1030), (676, 1030), (676, 1061), (652, 1061)],
    '97': [(586, 1160), (588, 1110), (612, 1111), (613, 1089), (626, 1090), (623, 1162)],
    '98': [(689, 858), (706, 859), (705, 897), (660, 896), (661, 878), (689, 879)],
    '99': [(1053, 1382), (1068, 1373), (1083, 1401), (1068, 1410)],
    '100': [(1428, 1360), (1471, 1368), (1468, 1381), (1425, 1372)],
    '101': [(1358, 1337), (1401, 1346), (1398, 1359), (1356, 1350)],
    '102': [(1364, 1396), (1405, 1387), (1408, 1399), (1367, 1408)],
    '103': [(1488, 1403), (1521, 1411), (1518, 1423), (1485, 1416)],
    '104': [(177, 1043), (238, 1046), (237, 1082), (175, 1078)],
    '105': [(881, 713), (903, 714), (902, 752), (845, 750), (846, 735), (880, 736)],
    '106': [(828, 762), (874, 764), (873, 779), (827, 777)],
    '107': [(1430, 477), (1450, 488), (1444, 499), (1436, 494), (1427, 489), (1424, 487), (1427, 482), (1428, 480)],
    '108': [(1550, 230), (1583, 219), (1590, 240), (1557, 250)],
    '109': [(1553, 213), (1574, 207), (1577, 217), (1556, 223)],
    '110': [(1314, 348), (1308, 367), (1269, 356), (1274, 343), (1288, 347), (1292, 348), (1290, 352), (1299, 356), (1301, 351), (1304, 352), (1305, 345)],
    '111': [(235, 739), (259, 739), (259, 774), (235, 774)],
    '112': [(209, 738), (228, 737), (229, 760), (210, 760)],
    '113': [(846, 963), (856, 968), (868, 976), (871, 978), (838, 1020), (815, 1001)],
    '114': [(818, 944), (839, 944), (838, 956), (818, 956)],
    '115': [(817, 971), (825, 971), (825, 985), (817, 985)],
    '116': [(288, 431), (335, 432), (335, 462), (327, 462), (327, 465), (327, 477), (287, 476)],
    '117': [(411, 368), (430, 368), (430, 381), (425, 381), (424, 403), (410, 403)],
    '118': [(434, 410), (449, 411), (448, 423), (434, 423)],
    '119': [(878, 386), (917, 388), (917, 408), (877, 407)],
    '120': [(807, 475), (836, 476), (835, 493), (826, 493), (825, 503), (806, 503)],
    '121': [(924, 472), (934, 472), (934, 497), (945, 497), (945, 510), (924, 510)],
    '122': [(854, 533), (867, 534), (870, 534), (881, 534), (881, 542), (853, 542)],
    '123': [(973, 916), (996, 932), (984, 950), (961, 933)],
    '124': [(663, 907), (703, 908), (703, 926), (668, 925), (668, 935), (655, 934), (656, 916), (662, 916)],
    '125': [(598, 933), (630, 934), (630, 939), (624, 939), (624, 951), (598, 951)],
    '126': [(270, 612), (228, 611), (227, 637), (248, 638), (248, 629), (263, 629), (269, 629)],
    '127': [(433, 1129), (433, 1158), (403, 1158), (403, 1151), (396, 1152), (396, 1140), (392, 1140), (392, 1122), (430, 1122), (430, 1129)],
    '128': [(594, 1015), (616, 1015), (615, 1060), (593, 1059)],
    '129': [(451, 804), (455, 805), (452, 813), (449, 812)],
    '130': [(658, 682), (658, 684), (657, 713), (657, 723), (653, 722), (646, 722), (646, 718), (647, 682)],
    '131': [(1020, 913), (1038, 927), (1024, 945), (1007, 931)],
    '132': [(748, 1081), (765, 1081), (765, 1089), (770, 1089), (769, 1102), (764, 1102), (763, 1121), (747, 1121)],
    '133': [(748, 1129), (793, 1130), (793, 1149), (747, 1147)],
    '134': [(494, 1267), (509, 1268), (513, 1253), (513, 1215), (491, 1214), (489, 1253)],
    '135': [(1328, 392), (1321, 413), (1285, 402), (1286, 398), (1283, 397), (1284, 392), (1289, 393), (1290, 389), (1307, 394), (1306, 398), (1315, 401), (1316, 395), (1319, 396), (1321, 390)],
    '136': [(1330, 428), (1330, 431), (1329, 450), (1288, 449), (1288, 434), (1309, 435), (1309, 439), (1315, 439), (1315, 434), (1321, 434), (1322, 427)],
    '137': [(1429, 367), (1452, 368), (1452, 363), (1452, 361), (1447, 361), (1447, 357), (1434, 357), (1434, 360), (1429, 360)],
    '138': [(1457, 368), (1479, 368), (1479, 361), (1474, 361), (1474, 357), (1462, 357), (1462, 360), (1457, 360)],
    '139': [(1488, 368), (1510, 369), (1511, 362), (1505, 361), (1505, 358), (1493, 358), (1493, 361), (1488, 361)],
    '140': [(1516, 369), (1539, 370), (1539, 362), (1534, 362), (1534, 359), (1521, 358), (1521, 362), (1516, 362)],
    '141': [(1465, 453), (1468, 450), (1466, 447), (1479, 438), (1481, 441), (1485, 437), (1491, 445), (1470, 460), (1466, 455)],
    '142': [(1487, 437), (1491, 434), (1489, 431), (1501, 422), (1503, 425), (1508, 421), (1513, 429), (1492, 444)],
    '143': [(1509, 421), (1513, 418), (1511, 415), (1524, 406), (1525, 409), (1530, 405), (1532, 409), (1535, 413), (1514, 428)],
    '144': [(1323, 565), (1331, 565), (1332, 572), (1324, 572)],
    '145': [(1095, 82), (1089, 91), (1124, 113), (1130, 104)],
    '146': [(1075, 113), (1069, 122), (1104, 144), (1110, 135)],
    '147': [(1052, 143), (1046, 152), (1081, 174), (1086, 165)],
    '148': [(1826, 1516), (1867, 1500), (1870, 1508), (1830, 1525)],
    '149': [(1693, 1546), (1733, 1532), (1736, 1540), (1697, 1554)],
    '150': [(1707, 1581), (1748, 1565), (1751, 1573), (1710, 1590)],
    '151': [(1413, 421), (1426, 432), (1435, 422), (1437, 419), (1445, 411), (1432, 399), (1423, 410)],
    '152': [(1455, 414), (1466, 408), (1460, 397), (1449, 402)],
    '153': [(1450, 400), (1459, 395), (1452, 381), (1442, 385)],
    '154': [(1452, 381), (1450, 377), (1439, 376), (1439, 380), (1438, 385), (1442, 385)],
    '155': [(1020, 913), (1012, 908), (1020, 898), (1028, 886), (1056, 907), (1038, 927)],
    '156': [(1020, 898), (1003, 887), (1015, 867), (1019, 870), (1022, 868), (1034, 876)],
    '157': [(941, 714), (941, 723), (962, 724), (963, 715)],
    '158': [(435, 544), (435, 560), (434, 582), (442, 582), (446, 582), (446, 558), (455, 558), (456, 512), (446, 512), (445, 544)],
    '159': [(407, 628), (413, 628), (413, 633), (407, 633)],
    '160': [(225, 580), (228, 581), (228, 588), (225, 588)],
    '161': [(281, 622), (310, 623), (311, 603), (314, 603), (314, 597), (323, 598), (328, 598), (332, 598), (332, 604), (335, 604), (334, 636), (325, 636), (325, 637), (273, 636), (269, 636), (270, 597), (275, 597), (281, 597)],
    '162': [(323, 582), (328, 582), (328, 598), (323, 598), (323, 594)],
    '163': [(270, 593), (270, 597), (275, 597), (275, 593)],
    '164': [(269, 636), (273, 636), (273, 638), (273, 642), (269, 641)],
    '165': [(782, 586), (788, 586), (788, 591), (782, 591)],
    '166': [(812, 574), (815, 574), (815, 583), (812, 583)],
    '167': [(812, 529), (816, 529), (816, 538), (812, 537)],
    '168': [(845, 520), (854, 521), (854, 524), (845, 523)],
    '169': [(937, 725), (947, 725), (946, 741), (937, 741)],
    '170': [(948, 727), (954, 727), (954, 742), (948, 742)],
    '171': [(956, 725), (968, 726), (967, 741), (956, 741)],
    '172': [(973, 726), (982, 726), (981, 741), (972, 741)],
    '173': [(636, 597), (662, 598), (662, 611), (645, 610), (645, 607), (641, 607), (641, 602), (637, 602)],
    '174': [(705, 1430), (705, 1410), (703, 1410), (703, 1405), (658, 1404), (658, 1409), (654, 1409), (654, 1424), (660, 1424), (659, 1431), (657, 1430), (657, 1436), (648, 1436), (638, 1435), (637, 1457), (681, 1458), (682, 1438), (668, 1438), (669, 1436), (660, 1436), (661, 1435), (663, 1435), (663, 1430)],
    '175': [(595, 1070), (595, 1080), (609, 1080), (623, 1081), (623, 1079), (618, 1078), (618, 1071)],
    '176': [(601, 1060), (609, 1060), (609, 1069), (600, 1068)],
    '177': [(425, 1013), (444, 1013), (444, 990), (431, 988), (425, 993)],
    '178': [(707, 1544), (718, 1546), (714, 1563), (705, 1561), (704, 1564), (674, 1557), (675, 1550), (704, 1557)],
    '179': [(709, 1031), (720, 1031), (719, 1055), (708, 1055)],
    '180': [(683, 1032), (683, 1054), (698, 1054), (698, 1032)],
    '181': [(696, 1094), (702, 1094), (702, 1117), (702, 1117), (696, 1116)],
    '182': [(217, 1084), (216, 1104), (244, 1107), (246, 1084)],
    '183': [(258, 1340), (268, 1358), (312, 1335), (302, 1315)],
    '184': [(857, 1338), (857, 1359), (868, 1359), (868, 1338)],
    '185': [(625, 1281), (625, 1265), (667, 1267), (667, 1282)],
    '186': [(832, 1310), (832, 1318), (849, 1318), (849, 1310)],
    '187': [(840, 1302), (839, 1298), (851, 1299), (851, 1303)],
    '188': [(818, 1290), (825, 1290), (824, 1301), (818, 1301)],
    '189': [(309, 1691), (303, 1691), (295, 1691), (291, 1690), (290, 1702), (308, 1703)],
    '190': [(931, 457), (934, 457), (934, 465), (930, 465)],
    '191': [(923, 457), (930, 457), (930, 452), (923, 452)],
    '192': [(853, 557), (853, 568), (866, 568), (880, 569), (880, 569), (881, 565), (881, 558)],
    '193': [(289, 1726), (288, 1732), (312, 1733), (313, 1727)],
    '194': [(426, 1540), (425, 1544), (429, 1543), (429, 1545), (431, 1545), (432, 1543), (431, 1539)],
    '195': [(387, 1459), (397, 1459), (397, 1547), (364, 1546), (364, 1534), (367, 1533), (366, 1526), (362, 1525), (364, 1467), (386, 1465)],
    '196': [(680, 1093), (692, 1094), (692, 1105), (686, 1105), (686, 1116), (680, 1116)],
    '197': [(2012, 836), (2012, 845), (2047, 846), (2047, 838)],
    '198': [(2003, 837), (2003, 828), (1984, 828), (1984, 837)],
    '199': [(1984, 837), (1958, 836), (1958, 827), (1984, 828)],
    '200': [(1912, 846), (1913, 835), (1937, 835), (1937, 847)],
    '201': [(1901, 880), (1901, 859), (1911, 859), (1911, 871), (1926, 871), (1926, 880)],
    '202': [(1911, 906), (1911, 887), (1941, 888), (1940, 907)],
    '203': [(1949, 885), (1949, 872), (1961, 872), (1961, 882), (1961, 885)],
    '204': [(1916, 934), (1916, 924), (1939, 924), (1939, 938), (1920, 938), (1920, 934)],
    '205': [(1960, 943), (1959, 954), (1988, 955), (1988, 943)],
    '206': [(1990, 957), (1990, 944), (2009, 944), (2009, 957)],
    '207': [(1961, 882), (1975, 883), (1975, 874), (1968, 874), (1968, 870), (1984, 871), (1984, 875), (1980, 875), (1979, 886), (1961, 885)],
    '208': [(1956, 860), (1956, 855), (1957, 855), (1959, 854), (1959, 852), (1959, 851), (1959, 849), (1958, 848), (1958, 843), (1972, 844), (1972, 848), (1971, 849), (1970, 850), (1969, 851), (1969, 853), (1970, 854), (1971, 855), (1972, 855), (1972, 861)],
    '209': [(1954, 907), (1986, 908), (1987, 891), (1954, 890)],
    '210': [(1990, 909), (2032, 910), (2033, 888), (2029, 888), (2029, 878), (1991, 876)],
    '211': [(501, 600), (519, 601), (520, 596), (524, 597), (525, 584), (527, 584), (527, 581), (528, 551), (520, 551), (517, 551), (508, 550), (507, 581), (501, 581)],
    '212': [(565, 545), (565, 524), (532, 524), (499, 523), (498, 543), (517, 544), (520, 544)],
    '213': [(520, 551), (520, 548), (520, 545), (520, 544), (517, 544), (517, 551)],
    '214': [(369, 538), (370, 521), (441, 523), (441, 541), (395, 539)],
    '215': [(445, 587), (446, 582), (442, 582), (442, 587)],
    '216': [(518, 713), (470, 711), (471, 682), (472, 676), (474, 671), (477, 666), (482, 663), (486, 659), (490, 658), (494, 657), (499, 657), (503, 658), (508, 659), (513, 661), (516, 665), (518, 667), (519, 668), (521, 672), (522, 676), (523, 683), (524, 683), (524, 691), (526, 691), (525, 703), (522, 703), (522, 713)],
    '217': [(517, 717), (501, 716), (501, 722), (485, 721), (485, 714), (474, 714), (473, 717), (471, 717), (471, 723), (472, 727), (474, 730), (477, 734), (480, 736), (484, 739), (488, 741), (492, 743), (497, 743), (502, 743), (506, 742), (511, 739), (515, 736), (518, 733), (520, 730), (523, 723), (523, 717)],
    '218': [(688, 624), (688, 628), (687, 628), (685, 629), (684, 630), (684, 632), (684, 633), (684, 635), (686, 636), (688, 636), (689, 636), (691, 636), (692, 635), (693, 633), (696, 634), (695, 636), (694, 637), (693, 639), (691, 639), (689, 640), (687, 640), (685, 639), (683, 638), (682, 637), (681, 636), (680, 634), (680, 632), (680, 631), (681, 628), (682, 627), (683, 625), (685, 625)],
    '219': [(867, 534), (867, 528), (870, 528), (870, 534)],
    '220': [(861, 512), (861, 506), (864, 506), (863, 512)],
    '221': [(833, 554), (833, 540), (843, 540), (842, 554)],
    '222': [(833, 566), (833, 560), (836, 560), (841, 560), (841, 566)],
    '223': [(881, 565), (885, 565), (885, 569), (880, 569)],
    '224': [(878, 764), (903, 765), (903, 786), (889, 786), (889, 782), (878, 781)],
    '225': [(493, 391), (504, 392), (504, 403), (492, 402)],
    '226': [(441, 406), (441, 399), (449, 400), (449, 406)],
    '227': [(753, 897), (753, 881), (769, 882), (769, 897)],
    '228': [(892, 455), (892, 458), (892, 479), (914, 479), (915, 455)],
    '229': [(1436, 494), (1429, 507), (1427, 505), (1419, 501), (1427, 489)],
    '230': [(295, 1682), (295, 1672), (304, 1673), (304, 1682)],
    '231': [(295, 1672), (296, 1659), (305, 1659), (304, 1673)],
    '232': [(295, 1682), (295, 1691), (303, 1691), (304, 1682)],
    '233': [(356, 1092), (356, 1096), (361, 1096), (361, 1091)],
}
