BUILDING_POLY = {
    '00': [(1204, 1144), (1202, 1130), (1234, 1124), (1233, 1116), (1224, 1117), (1222, 1103), (1237, 1100), (1240, 1114), (1241, 1123), (1292, 1113), (1307, 1110), (1314, 1148), (1317, 1162), (1274, 1170), (1277, 1189), (1265, 1191), (1262, 1172), (1258, 1173), (1218, 1181), (1207, 1183), (1207, 1178), (1205, 1169), (1216, 1167), (1212, 1143)],
    '01': [(1392, 1262), (1390, 1254), (1386, 1232), (1402, 1229), (1405, 1228), (1423, 1225), (1429, 1255), (1406, 1260), (1406, 1277), (1404, 1277), (1403, 1261)],
    '02': [(1572, 1072), (1575, 1073), (1579, 1097), (1578, 1100), (1572, 1101), (1572, 1109), (1588, 1105), (1583, 1075), (1624, 1067), (1639, 1140), (1597, 1148), (1594, 1136), (1578, 1139), (1581, 1152), (1552, 1157), (1533, 1161), (1535, 1172), (1532, 1173), (1530, 1161), (1522, 1163), (1518, 1142), (1505, 1144), (1506, 1155), (1510, 1154), (1511, 1160), (1507, 1160), (1508, 1165), (1481, 1170), (1480, 1164), (1483, 1163), (1481, 1155), (1502, 1151), (1499, 1131), (1461, 1139), (1460, 1132), (1461, 1132), (1461, 1127), (1460, 1125), (1460, 1123), (1458, 1123), (1457, 1115), (1508, 1105), (1508, 1104), (1510, 1103), (1512, 1102), (1505, 1095), (1488, 1098), (1484, 1095), (1477, 1052), (1491, 1050), (1492, 1055), (1503, 1063), (1505, 1077), (1502, 1078), (1505, 1089), (1515, 1101), (1520, 1100), (1523, 1100), (1525, 1101), (1537, 1099), (1535, 1090), (1519, 1093), (1515, 1074), (1511, 1075), (1509, 1065), (1517, 1064), (1520, 1063), (1562, 1055), (1565, 1073)],
    '03': [(1610, 1669), (1605, 1670), (1606, 1672), (1606, 1674), (1601, 1675), (1600, 1675), (1601, 1682), (1553, 1691), (1554, 1696), (1544, 1698), (1536, 1699), (1533, 1682), (1546, 1679), (1546, 1676), (1549, 1676), (1543, 1649), (1542, 1650), (1541, 1647), (1540, 1643), (1555, 1640), (1551, 1621), (1560, 1619), (1560, 1621), (1565, 1620), (1568, 1638), (1602, 1631)],
    '04': [(1232, 853), (1233, 857), (1238, 856), (1239, 862), (1234, 863), (1235, 867), (1207, 872), (1211, 893), (1238, 887), (1239, 892), (1244, 891), (1246, 899), (1241, 900), (1241, 901), (1200, 909), (1139, 920), (1136, 921), (1130, 885), (1144, 882), (1149, 906), (1165, 903), (1161, 884), (1146, 887), (1143, 870), (1191, 861)],
    '05': [(1220, 1644), (1235, 1641), (1243, 1679), (1227, 1683), (1227, 1679), (1218, 1680), (1219, 1684), (1201, 1688), (1195, 1657), (1202, 1655), (1201, 1651), (1197, 1652), (1184, 1588), (1197, 1586), (1210, 1649), (1205, 1650), (1206, 1655), (1213, 1653), (1214, 1657), (1222, 1655)],
    '06': [(1247, 1787), (1254, 1820), (1274, 1816), (1275, 1819), (1229, 1829), (1222, 1791)],
    '07': [(1030, 704), (1038, 749), (994, 757), (986, 712)],
    '08': [(1419, 1321), (1405, 1323), (1404, 1316), (1400, 1295), (1396, 1278), (1404, 1277), (1406, 1277), (1444, 1269), (1443, 1265), (1441, 1252), (1475, 1246), (1476, 1249), (1477, 1249), (1478, 1256), (1476, 1257), (1477, 1263), (1478, 1262), (1478, 1263), (1512, 1257), (1513, 1261), (1515, 1261), (1514, 1255), (1519, 1254), (1520, 1260), (1522, 1260), (1514, 1218), (1516, 1217), (1525, 1262), (1521, 1263), (1524, 1281), (1526, 1281), (1527, 1287), (1526, 1287), (1527, 1293), (1497, 1299), (1496, 1293), (1493, 1294), (1495, 1304), (1489, 1305), (1488, 1295), (1485, 1295), (1483, 1288), (1481, 1288), (1485, 1307), (1441, 1316), (1436, 1290), (1448, 1288), (1447, 1283), (1414, 1289), (1416, 1302), (1419, 1302), (1419, 1301), (1419, 1300), (1421, 1298), (1422, 1298), (1424, 1298), (1425, 1299), (1425, 1300), (1433, 1305), (1427, 1313), (1427, 1314), (1427, 1315), (1426, 1316), (1424, 1316), (1423, 1316), (1422, 1315), (1422, 1314), (1417, 1311)],
    '09': [(1323, 1727), (1338, 1724), (1344, 1756), (1346, 1756), (1348, 1762), (1352, 1761), (1353, 1769), (1342, 1771), (1343, 1774), (1338, 1775), (1338, 1772), (1305, 1778), (1297, 1780), (1289, 1781), (1289, 1780), (1286, 1781), (1283, 1781), (1288, 1803), (1294, 1802), (1296, 1816), (1290, 1817), (1294, 1839), (1301, 1837), (1301, 1836), (1350, 1827), (1355, 1826), (1366, 1824), (1368, 1833), (1365, 1841), (1372, 1877), (1368, 1878), (1300, 1891), (1299, 1886), (1298, 1883), (1292, 1853), (1268, 1857), (1267, 1848), (1280, 1846), (1275, 1819), (1275, 1819), (1274, 1816), (1273, 1814), (1273, 1812), (1273, 1809), (1272, 1806), (1272, 1806), (1268, 1781), (1242, 1786), (1240, 1773), (1251, 1771), (1252, 1774), (1277, 1770), (1272, 1744), (1263, 1746), (1264, 1751), (1240, 1756), (1238, 1744), (1262, 1739), (1263, 1744), (1272, 1742), (1271, 1737), (1285, 1734), (1286, 1740), (1290, 1739), (1289, 1734), (1319, 1728), (1320, 1734), (1324, 1733)],
    '10': [(1250, 1599), (1246, 1579), (1298, 1569), (1313, 1567), (1314, 1574), (1323, 1573), (1324, 1575), (1315, 1576), (1317, 1587), (1308, 1589), (1305, 1589), (1268, 1596), (1262, 1597)],
    '11': [(1264, 1018), (1256, 975), (1266, 973), (1265, 966), (1267, 965), (1269, 973), (1276, 971), (1283, 1009), (1282, 1009), (1282, 1012), (1281, 1012), (1281, 1015)],
    '12': [(952, 520), (961, 519), (959, 509), (1016, 500), (1016, 501), (1017, 501), (1018, 509), (1019, 509), (1020, 516), (1019, 517), (1020, 517), (962, 528), (961, 522), (959, 522), (963, 542), (988, 537), (998, 593), (974, 598), (964, 545), (955, 547), (964, 598), (941, 602), (941, 601), (937, 601), (934, 585), (938, 584), (936, 573), (933, 574), (928, 551), (938, 549), (938, 547), (960, 543), (956, 522), (952, 522), (954, 532), (924, 537), (923, 534), (920, 534), (916, 510), (920, 509), (905, 425), (904, 420), (901, 402), (914, 400), (914, 399), (917, 398), (917, 399), (931, 397), (933, 407), (934, 412), (938, 436), (938, 437), (941, 455)],
    '13': [(1442, 1876), (1448, 1908), (1517, 1895), (1514, 1881), (1511, 1863), (1484, 1868), (1481, 1869)],
    '14': [(1126, 1339), (1145, 1336), (1148, 1353), (1129, 1357)],
    '15': [(1256, 1185), (1257, 1191), (1229, 1196), (1228, 1191), (1224, 1192), (1224, 1188), (1228, 1187), (1255, 1182), (1260, 1181), (1261, 1184)],
    '16': [(1135, 1326), (1141, 1325), (1143, 1333), (1137, 1334)],
    '17': [(1139, 1220), (1169, 1214), (1174, 1240), (1172, 1240), (1173, 1245), (1175, 1244), (1180, 1270), (1149, 1276), (1148, 1270), (1146, 1271), (1138, 1228), (1140, 1227), (1140, 1226), (1140, 1224)],
    '18': [(1115, 1288), (1134, 1284), (1141, 1320), (1122, 1324)],
    '19': [(1265, 1191), (1267, 1198), (1263, 1198), (1262, 1191), (1261, 1184), (1260, 1181), (1258, 1173), (1262, 1172)],
    '20': [(1225, 1197), (1223, 1206), (1219, 1207), (1221, 1198), (1218, 1181), (1222, 1180), (1224, 1188), (1224, 1192)],
    '21': [(1123, 1223), (1124, 1226), (1125, 1229), (1125, 1233), (1122, 1233), (1123, 1239), (1085, 1247), (1084, 1244), (1081, 1245), (1079, 1236), (1083, 1235), (1081, 1225), (1115, 1218), (1117, 1224)],
    '22': [(1067, 1197), (1065, 1183), (1095, 1177), (1098, 1190)],
    '23': [(1072, 1220), (1070, 1207), (1099, 1201), (1102, 1214)],
    '24': [(1080, 1147), (1077, 1132), (1107, 1126), (1110, 1142), (1104, 1143), (1105, 1145), (1086, 1149), (1085, 1146)],
    '25': [(1079, 1166), (1076, 1154), (1111, 1147), (1113, 1159)],
    '26': [(1030, 1175), (1026, 1154), (1072, 1144), (1077, 1166)],
    '27': [(1741, 1687), (1743, 1692), (1745, 1692), (1744, 1686)],
    '28': [(1691, 1659), (1698, 1693), (1710, 1691), (1703, 1657)],
    '29': [(1671, 1621), (1676, 1645), (1693, 1642), (1688, 1617)],
    '30': [(1744, 1770), (1759, 1767), (1763, 1786), (1748, 1789), (1749, 1795), (1726, 1799), (1724, 1791), (1710, 1794), (1707, 1777), (1710, 1776), (1709, 1771), (1716, 1770), (1717, 1774), (1724, 1773), (1722, 1766), (1725, 1766), (1725, 1768), (1731, 1767), (1738, 1766), (1737, 1764), (1743, 1763)],
    '31': [(1630, 1796), (1635, 1815), (1642, 1813), (1641, 1810), (1646, 1808), (1647, 1812), (1652, 1811), (1647, 1791)],
    '32': [(1714, 1845), (1746, 1838), (1748, 1846), (1715, 1852)],
    '33': [(1533, 1559), (1536, 1571), (1539, 1571), (1539, 1573), (1527, 1575), (1528, 1578), (1542, 1575), (1541, 1571), (1544, 1571), (1541, 1558)],
    '34': [(1504, 1603), (1506, 1611), (1517, 1608), (1515, 1600)],
    '35': [(1624, 1658), (1628, 1677), (1631, 1693), (1650, 1689), (1647, 1674), (1643, 1654)],
    '36': [(1497, 1669), (1502, 1697), (1504, 1696), (1504, 1699), (1505, 1702), (1516, 1700), (1515, 1697), (1509, 1666), (1508, 1666), (1507, 1665), (1507, 1663), (1498, 1665), (1498, 1667), (1498, 1668)],
    '37': [(1519, 1609), (1525, 1641), (1531, 1640), (1532, 1644), (1536, 1643), (1535, 1639), (1538, 1638), (1532, 1606)],
    '38': [(1482, 1707), (1485, 1718), (1512, 1713), (1512, 1714), (1525, 1711), (1522, 1699), (1516, 1700), (1505, 1702)],
    '39': [(1468, 1674), (1473, 1699), (1489, 1696), (1484, 1671), (1479, 1672), (1478, 1669), (1476, 1669), (1476, 1673)],
    '40': [(1528, 1555), (1532, 1574), (1527, 1575), (1527, 1575), (1528, 1578), (1528, 1581), (1526, 1581), (1524, 1576), (1519, 1577), (1515, 1558)],
    '41': [(1475, 1621), (1489, 1616), (1492, 1616), (1489, 1601), (1492, 1601), (1495, 1615), (1502, 1613), (1502, 1616), (1509, 1615), (1512, 1629), (1506, 1630), (1506, 1634), (1498, 1635), (1502, 1650), (1498, 1651), (1496, 1636), (1494, 1636), (1481, 1638), (1472, 1639), (1469, 1623)],
    '42': [(1468, 1727), (1470, 1736), (1478, 1735), (1478, 1733), (1489, 1731), (1490, 1734), (1493, 1733), (1493, 1731), (1505, 1728), (1505, 1730), (1513, 1729), (1511, 1718), (1503, 1720), (1503, 1720), (1493, 1722), (1492, 1719), (1486, 1720), (1487, 1724), (1476, 1726), (1476, 1725)],
    '43': [(1289, 1902), (1277, 1915), (1282, 1921), (1295, 1908)],
    '44': [(1291, 1752), (1309, 1748), (1310, 1755), (1292, 1759)],
    '45': [(1225, 1855), (1228, 1876), (1237, 1875), (1234, 1853)],
    '46': [(1242, 1889), (1253, 1941), (1270, 1938), (1260, 1885), (1258, 1886), (1256, 1877), (1243, 1879), (1245, 1888)],
    '47': [(1229, 1752), (1234, 1778), (1210, 1783), (1205, 1757)],
    '48': [(1268, 1884), (1271, 1897), (1292, 1893), (1291, 1887), (1299, 1886), (1298, 1883), (1291, 1885), (1291, 1880)],
    '49': [(1614, 1508), (1616, 1522), (1655, 1515), (1653, 1509), (1661, 1507), (1660, 1502), (1664, 1501), (1662, 1487), (1653, 1488), (1655, 1502), (1657, 1502), (1658, 1505), (1653, 1506), (1652, 1501)],
    '50': [(1563, 1460), (1568, 1488), (1579, 1486), (1580, 1490), (1593, 1487), (1588, 1460), (1576, 1463), (1575, 1458)],
    '51': [(1622, 1433), (1628, 1465), (1672, 1457), (1666, 1425)],
    '52': [(1542, 1471), (1546, 1492), (1561, 1489), (1556, 1468)],
    '53': [(1543, 1435), (1545, 1445), (1535, 1447), (1534, 1446), (1526, 1447), (1525, 1440), (1533, 1439), (1533, 1437)],
    '54': [(1699, 1411), (1704, 1439), (1692, 1441), (1691, 1432), (1693, 1432), (1692, 1425), (1685, 1426), (1685, 1428), (1680, 1429), (1678, 1417), (1682, 1417), (1681, 1414)],
    '55': [(1498, 1417), (1502, 1436), (1515, 1433), (1512, 1414)],
    '56': [(1589, 1445), (1592, 1459), (1598, 1457), (1600, 1469), (1608, 1467), (1605, 1450), (1601, 1451), (1599, 1443)],
    '57': [(1440, 1408), (1439, 1406), (1432, 1407), (1436, 1427), (1443, 1426), (1442, 1424), (1445, 1424), (1445, 1427), (1453, 1425), (1452, 1422), (1454, 1422), (1455, 1424), (1462, 1422), (1458, 1403), (1451, 1404), (1451, 1406)],
    '58': [(1644, 1396), (1613, 1402), (1616, 1418), (1663, 1409), (1661, 1394), (1656, 1395), (1650, 1363), (1634, 1366), (1639, 1392), (1643, 1392)],
    '59': [(1512, 1531), (1514, 1538), (1515, 1545), (1535, 1541), (1532, 1527)],
    '60': [(1479, 1501), (1480, 1509), (1493, 1507), (1494, 1509), (1509, 1505), (1507, 1497), (1492, 1501), (1492, 1498)],
    '61': [(1427, 1490), (1431, 1506), (1432, 1510), (1450, 1506), (1448, 1498), (1439, 1500), (1436, 1488)],
    '62': [(1467, 1449), (1466, 1466), (1497, 1467), (1498, 1451)],
    '63': [(1374, 1479), (1367, 1480), (1367, 1482), (1368, 1484), (1355, 1486), (1357, 1493), (1343, 1495), (1342, 1490), (1340, 1491), (1339, 1488), (1335, 1489), (1332, 1476), (1338, 1475), (1353, 1465), (1366, 1466), (1370, 1468), (1372, 1472)],
    '64': [(1341, 1501), (1345, 1519), (1372, 1514), (1372, 1514), (1371, 1509), (1369, 1497), (1345, 1501)],
    '65': [(1234, 1596), (1235, 1603), (1245, 1601), (1243, 1594)],
    '66': [(1229, 1425), (1233, 1443), (1241, 1442), (1238, 1424)],
    '67': [(1277, 1429), (1279, 1443), (1298, 1440), (1296, 1426)],
    '68': [(1322, 1566), (1323, 1573), (1324, 1575), (1324, 1579), (1336, 1577), (1337, 1584), (1340, 1584), (1338, 1576), (1378, 1569), (1382, 1592), (1378, 1593), (1377, 1589), (1365, 1591), (1366, 1596), (1367, 1600), (1368, 1604), (1380, 1602), (1379, 1599), (1383, 1598), (1387, 1620), (1353, 1627), (1352, 1624), (1350, 1625), (1350, 1628), (1334, 1631), (1335, 1636), (1336, 1638), (1337, 1645), (1405, 1632), (1402, 1617), (1401, 1617), (1400, 1609), (1399, 1606), (1398, 1597), (1397, 1595), (1401, 1594), (1400, 1589), (1399, 1587), (1397, 1587), (1396, 1587), (1394, 1577), (1392, 1566), (1393, 1566), (1391, 1553)],
    '69': [(1226, 1609), (1231, 1634), (1237, 1632), (1238, 1636), (1253, 1633), (1248, 1605)],
    '70': [(1208, 1609), (1213, 1634), (1215, 1634), (1211, 1608)],
    '71': [(1334, 1585), (1337, 1584), (1340, 1584), (1359, 1580), (1361, 1591), (1363, 1591), (1364, 1597), (1366, 1596), (1367, 1600), (1365, 1600), (1368, 1617), (1341, 1622)],
    '72': [(1309, 1635), (1316, 1673), (1336, 1670), (1330, 1639), (1336, 1638), (1335, 1636), (1329, 1637), (1328, 1631)],
    '73': [(1207, 1591), (1210, 1607), (1217, 1605), (1214, 1590)],
    '74': [(1268, 1659), (1269, 1664), (1276, 1662), (1275, 1658)],
    '75': [(1239, 1423), (1241, 1434), (1246, 1433), (1244, 1422)],
    '76': [(1285, 1641), (1290, 1665), (1293, 1664), (1294, 1669), (1312, 1666), (1306, 1637)],
    '77': [(1107, 1535), (1104, 1542), (1111, 1545), (1114, 1539)],
    '78': [(1065, 1559), (1067, 1569), (1071, 1568), (1072, 1574), (1104, 1568), (1100, 1552), (1084, 1555), (1082, 1544), (1087, 1543), (1085, 1534), (1063, 1538), (1063, 1540), (1059, 1540), (1060, 1546), (1064, 1545), (1065, 1547), (1080, 1544), (1082, 1556)],
    '79': [(981, 1588), (984, 1608), (992, 1606), (988, 1587)],
    '80': [(1049, 1553), (1052, 1569), (1055, 1569), (1058, 1589), (998, 1600), (995, 1589), (1040, 1581), (1035, 1556)],
    '81': [(1445, 1230), (1442, 1216), (1445, 1215), (1448, 1227), (1529, 1212), (1527, 1198), (1519, 1199), (1519, 1195), (1497, 1199), (1496, 1191), (1491, 1192), (1490, 1185), (1494, 1185), (1493, 1180), (1504, 1178), (1504, 1175), (1531, 1170), (1531, 1173), (1532, 1173), (1535, 1172), (1542, 1171), (1543, 1175), (1554, 1174), (1557, 1190), (1550, 1191), (1550, 1195), (1535, 1198), (1535, 1196), (1530, 1197), (1533, 1214), (1516, 1217), (1514, 1218)],
    '82': [(1528, 985), (1542, 1053), (1519, 1057), (1520, 1063), (1517, 1064), (1516, 1057), (1509, 1059), (1499, 1004), (1499, 1000), (1498, 999), (1507, 997), (1516, 1044), (1529, 1041), (1519, 987)],
    '83': [(1497, 1004), (1496, 1000), (1495, 1000), (1492, 984), (1494, 984), (1486, 940), (1478, 939), (1474, 938), (1472, 940), (1470, 941), (1468, 941), (1464, 939), (1462, 937), (1460, 939), (1437, 899), (1447, 894), (1461, 923), (1471, 922), (1474, 908), (1480, 909), (1479, 911), (1483, 911), (1477, 937), (1482, 938), (1488, 937), (1497, 988), (1495, 988), (1498, 1001), (1499, 1000), (1499, 1004)],
    '84': [(1468, 1182), (1472, 1201), (1489, 1198), (1485, 1178)],
    '85': [(1466, 977), (1477, 1034), (1501, 1029), (1496, 1002), (1494, 1003), (1490, 982), (1475, 985), (1473, 976)],
    '86': [(1530, 975), (1539, 968), (1524, 949), (1515, 956)],
    '87': [(1382, 1178), (1385, 1198), (1421, 1191), (1419, 1179), (1413, 1180), (1412, 1172), (1395, 1176), (1392, 1159), (1389, 1159), (1392, 1176)],
    '88': [(1372, 1150), (1374, 1162), (1389, 1159), (1392, 1159), (1431, 1151), (1433, 1151), (1449, 1148), (1447, 1136), (1431, 1139), (1430, 1134), (1428, 1135), (1428, 1139), (1389, 1147), (1388, 1147)],
    '89': [(1429, 1096), (1431, 1106), (1463, 1101), (1462, 1096), (1459, 1097), (1458, 1091)],
    '90': [(1370, 1101), (1379, 1145), (1387, 1143), (1388, 1147), (1389, 1147), (1389, 1143), (1396, 1142), (1387, 1097), (1381, 1098), (1378, 1099)],
    '91': [(1414, 1093), (1422, 1136), (1428, 1135), (1430, 1134), (1435, 1133), (1435, 1132), (1461, 1127), (1460, 1125), (1435, 1129), (1431, 1112), (1427, 1113), (1425, 1103), (1427, 1102), (1426, 1097), (1424, 1097), (1422, 1092), (1422, 1092), (1420, 1092)],
    '92': [(1349, 1068), (1351, 1084), (1358, 1083), (1355, 1067)],
    '93': [(1358, 1087), (1360, 1099), (1377, 1096), (1378, 1099), (1381, 1098), (1380, 1095), (1419, 1088), (1420, 1092), (1422, 1092), (1421, 1087), (1438, 1084), (1435, 1071), (1418, 1074), (1418, 1073), (1433, 1070), (1431, 1064), (1437, 1062), (1441, 1083), (1465, 1079), (1460, 1051), (1436, 1055), (1437, 1059), (1428, 1061), (1430, 1068), (1415, 1070), (1416, 1075), (1385, 1081), (1383, 1068), (1366, 1071), (1368, 1085)],
    '94': [(1361, 1049), (1365, 1069), (1382, 1066), (1378, 1044), (1371, 1045), (1371, 1047)],
    '95': [(1348, 968), (1352, 992), (1331, 996), (1335, 989), (1334, 989), (1333, 984), (1322, 973)],
    '96': [(1419, 828), (1421, 841), (1398, 846), (1396, 832)],
    '97': [(1191, 861), (1143, 870), (1146, 887), (1161, 884), (1165, 903), (1149, 906), (1144, 882), (1130, 885), (1136, 921), (1139, 920), (1200, 909), (1241, 901), (1241, 900), (1246, 899), (1244, 891), (1239, 892), (1238, 887), (1211, 893), (1207, 872), (1235, 867), (1234, 863), (1239, 862), (1238, 856), (1233, 857), (1232, 853)],
    '98': [(1368, 844), (1369, 852), (1379, 851), (1377, 842)],
    '99': [(1171, 933), (1174, 947), (1183, 946), (1184, 948), (1189, 948), (1185, 930)],
    '100': [(1352, 824), (1355, 840), (1371, 837), (1372, 841), (1375, 841), (1374, 837), (1389, 834), (1386, 818), (1381, 819), (1381, 817), (1371, 819), (1370, 816), (1367, 817), (1367, 820), (1357, 822), (1358, 823)],
    '101': [(1425, 856), (1428, 874), (1395, 881), (1395, 879), (1394, 877), (1393, 877), (1392, 873), (1391, 867), (1392, 867), (1392, 864), (1393, 863)],
    '102': [(1089, 614), (1090, 619), (1092, 618), (1095, 630), (1102, 629), (1098, 612)],
    '103': [(1222, 630), (1224, 638), (1209, 640), (1208, 636), (1204, 637), (1203, 633)],
    '104': [(1296, 736), (1298, 750), (1340, 743), (1340, 741), (1347, 740), (1346, 736), (1336, 738), (1334, 729)],
    '105': [(1275, 716), (1277, 725), (1299, 720), (1297, 712)],
    '106': [(933, 704), (934, 711), (952, 707), (951, 700)],
    '107': [(979, 671), (984, 702), (1026, 695), (1021, 664)],
    '108': [(1247, 771), (1249, 783), (1259, 782), (1258, 776), (1256, 776), (1255, 769)],
    '109': [(1046, 702), (1049, 718), (1084, 713), (1084, 715), (1097, 713), (1097, 710), (1128, 705), (1127, 698), (1132, 697), (1132, 698), (1137, 697), (1138, 702), (1133, 703), (1134, 710), (1133, 710), (1135, 718), (1136, 718), (1137, 724), (1150, 722), (1147, 700), (1141, 701), (1141, 696), (1146, 695), (1143, 679), (1129, 682), (1131, 694), (1126, 695), (1125, 689)],
    '110': [(1058, 681), (1060, 692), (1082, 688), (1081, 683), (1078, 683), (1077, 678)],
    '111': [(1272, 698), (1273, 699), (1274, 699), (1275, 698), (1276, 697), (1276, 696), (1276, 696), (1277, 696), (1277, 694), (1276, 694), (1275, 694), (1275, 693), (1273, 693), (1272, 693), (1271, 693), (1271, 694), (1270, 695), (1270, 695), (1270, 696), (1268, 696), (1268, 699)],
    '112': [(930, 671), (933, 687), (959, 683), (957, 667)],
    '113': [(1251, 689), (1253, 700), (1250, 701), (1251, 710), (1254, 709), (1257, 720), (1267, 718), (1265, 707), (1268, 707), (1268, 710), (1274, 709), (1273, 703), (1268, 704), (1267, 698), (1264, 698), (1262, 687)],
    '114': [(933, 722), (936, 738), (977, 731), (975, 715)],
    '115': [(916, 728), (919, 743), (928, 741), (926, 726)],
    '116': [(1243, 646), (1248, 674), (1263, 671), (1258, 644)],
    '117': [(903, 636), (906, 654), (921, 652), (919, 633)],
    '118': [(1169, 675), (1175, 712), (1158, 715), (1156, 701), (1154, 702), (1153, 699), (1155, 698), (1152, 678)],
    '119': [(1314, 684), (1315, 689), (1319, 688), (1320, 693), (1318, 694), (1318, 696), (1313, 697), (1313, 695), (1300, 697), (1298, 688)],
    '120': [(702, 433), (710, 432), (710, 431), (713, 430), (713, 431), (720, 430), (720, 432), (721, 432), (726, 458), (719, 459), (720, 462), (718, 462), (718, 463), (715, 463), (715, 462), (712, 463), (712, 461), (707, 462)],
    '121': [(751, 421), (756, 451), (775, 448), (774, 440), (770, 441), (768, 426), (771, 426), (770, 418)],
    '122': [(891, 424), (850, 431), (846, 409), (849, 408), (848, 400), (844, 401), (844, 396), (841, 396), (837, 375), (835, 375), (834, 369), (832, 369), (831, 364), (829, 354), (834, 353), (829, 322), (813, 324), (818, 356), (827, 355), (828, 365), (829, 369), (826, 370), (827, 373), (820, 374), (825, 405), (819, 406), (817, 393), (794, 397), (796, 412), (800, 411), (801, 417), (798, 418), (796, 425), (801, 430), (807, 429), (809, 422), (811, 422), (815, 428), (822, 426), (824, 420), (820, 415), (817, 415), (816, 409), (826, 407), (831, 438), (840, 436), (840, 439), (847, 438), (846, 435), (892, 427), (894, 431), (897, 433), (898, 434), (900, 434), (902, 433), (903, 432), (904, 429), (904, 427), (903, 425), (905, 425), (904, 420), (902, 421), (901, 417), (899, 414), (897, 412), (895, 410), (893, 410), (891, 411), (890, 412), (889, 414), (889, 418), (890, 421)],
    '123': [(669, 440), (674, 472), (692, 469), (690, 456), (691, 456), (688, 437), (685, 438), (685, 435), (676, 436), (677, 439)],
    '124': [(992, 816), (1020, 828), (1018, 834), (1024, 836), (1020, 846), (1004, 839), (1006, 835), (992, 829), (990, 833), (985, 831)],
    '125': [(626, 861), (636, 860), (636, 856), (648, 855), (648, 854), (651, 854), (651, 854), (664, 853), (665, 861), (656, 862), (656, 864), (645, 865), (645, 864), (636, 865), (636, 861), (626, 863), (626, 864), (630, 863), (631, 870), (625, 874), (623, 870), (622, 871), (628, 879), (631, 877), (636, 884), (637, 883), (644, 892), (643, 893), (648, 900), (641, 905), (633, 895), (633, 895), (631, 893), (632, 892), (624, 882), (627, 880), (623, 875), (621, 872), (616, 875), (616, 876), (612, 875), (613, 873), (612, 873), (608, 882), (611, 884), (606, 896), (607, 896), (605, 898), (605, 898), (600, 910), (592, 906), (595, 898), (594, 898), (598, 888), (599, 888), (603, 880), (606, 882), (610, 872), (606, 870), (605, 865), (595, 866), (595, 869), (586, 870), (586, 872), (576, 873), (575, 872), (567, 873), (566, 864), (579, 863), (578, 862), (581, 862), (581, 862), (594, 861), (595, 864), (605, 863), (605, 858), (608, 856), (602, 847), (599, 849), (592, 838), (591, 839), (589, 837), (590, 836), (582, 826), (590, 820), (598, 830), (598, 830), (600, 832), (599, 833), (606, 844), (603, 846), (610, 855), (614, 851), (618, 853), (622, 844), (620, 843), (623, 834), (622, 834), (626, 823), (628, 824), (631, 816), (639, 819), (634, 831), (634, 832), (633, 834), (633, 834), (627, 846), (624, 845), (620, 854), (626, 856)],
    '126': [(633, 962), (601, 971), (595, 952), (610, 947), (608, 942), (609, 942), (609, 941), (604, 942), (599, 925), (610, 921), (615, 939), (611, 940), (612, 942), (612, 942), (614, 947), (628, 942)],
    '127': [(678, 799), (685, 794), (693, 805), (685, 810)],
    '128': [(929, 389), (928, 384), (937, 382), (938, 387)],
    '129': [(751, 1020), (744, 1002), (757, 997), (764, 1015)],
    '130': [(898, 394), (897, 389), (911, 387), (912, 392)],
    '131': [(661, 815), (656, 807), (670, 799), (675, 806)],
    '132': [(917, 391), (916, 386), (926, 384), (927, 389)],
    '133': [(696, 936), (688, 924), (704, 913), (709, 921), (708, 922), (711, 926)],
    '134': [(1420, 946), (1430, 944), (1432, 957), (1436, 956), (1438, 963), (1424, 966)],
    '135': [(731, 1001), (722, 988), (727, 985), (709, 958), (721, 950), (734, 971), (739, 968), (752, 987)],
    '136': [(712, 812), (719, 817), (711, 827), (704, 821), (707, 818), (704, 816), (707, 813), (709, 815)],
    '137': [(1214, 1660), (1222, 1658), (1226, 1676), (1218, 1678)],
    '138': [(1124, 1226), (1140, 1224), (1140, 1226), (1125, 1229)],
    '139': [(1555, 1897), (1565, 1895), (1564, 1894), (1570, 1893), (1570, 1891), (1578, 1890), (1577, 1884), (1574, 1870), (1551, 1873), (1551, 1877), (1550, 1877), (1550, 1881), (1551, 1889), (1553, 1888)],
    '140': [(1351, 1728), (1360, 1727), (1362, 1736), (1360, 1737), (1361, 1741), (1369, 1739), (1370, 1746), (1364, 1748), (1367, 1761), (1364, 1761), (1364, 1762), (1365, 1762), (1367, 1771), (1360, 1772), (1358, 1764), (1359, 1764), (1359, 1761), (1356, 1762), (1355, 1756), (1354, 1749), (1348, 1750), (1347, 1744), (1355, 1742), (1354, 1737), (1352, 1738)],
    '141': [(1396, 1729), (1398, 1737), (1410, 1735), (1408, 1727)],
    '142': [(1390, 1749), (1398, 1748), (1399, 1752), (1419, 1748), (1418, 1745), (1425, 1744), (1427, 1757), (1421, 1758), (1420, 1755), (1412, 1756), (1412, 1760), (1408, 1761), (1408, 1758), (1401, 1759), (1401, 1762), (1393, 1764)],
    '143': [(1382, 1899), (1388, 1898), (1389, 1900), (1394, 1900), (1395, 1905), (1403, 1903), (1402, 1898), (1407, 1897), (1407, 1895), (1412, 1894), (1417, 1923), (1410, 1924), (1409, 1919), (1403, 1920), (1402, 1922), (1400, 1921), (1395, 1921), (1396, 1928), (1387, 1930)],
    '144': [(1671, 1777), (1672, 1782), (1678, 1780), (1676, 1775)],
    '145': [(1244, 1088), (1249, 1115), (1302, 1105), (1296, 1078)],
    '146': [(1291, 833), (1292, 831), (1293, 830), (1294, 829), (1295, 828), (1297, 827), (1298, 828), (1299, 828), (1300, 829), (1301, 830), (1302, 830), (1302, 831), (1301, 832), (1300, 833), (1299, 834), (1297, 834), (1295, 834), (1294, 834), (1293, 834), (1292, 834)],
    '147': [(1029, 1111), (1045, 1108), (1049, 1133), (1033, 1135)],
    '148': [(1332, 831), (1347, 828), (1347, 823), (1347, 823), (1348, 824), (1352, 823), (1351, 815), (1346, 816), (1347, 820), (1346, 820), (1345, 815), (1322, 820), (1324, 832), (1327, 832), (1328, 839), (1331, 839), (1330, 834), (1332, 833)],
    '149': [(1331, 903), (1329, 895), (1320, 896), (1317, 876), (1326, 875), (1324, 867), (1371, 858), (1373, 866), (1382, 864), (1385, 883), (1376, 884), (1378, 894), (1337, 902)],
    '150': [(1374, 917), (1386, 915), (1382, 898), (1339, 906), (1338, 902), (1330, 904), (1328, 896), (1315, 898), (1319, 922), (1333, 919), (1332, 912), (1371, 905)],
    '151': [(1375, 917), (1423, 908), (1429, 942), (1381, 951)],
    '152': [(1325, 841), (1327, 851), (1351, 846), (1349, 836)],
    '153': [(1389, 1100), (1397, 1141), (1418, 1137), (1410, 1096)],
    '154': [(845, 1014), (856, 1030), (831, 1046), (820, 1030)],
    '155': [(866, 1045), (880, 1067), (851, 1087), (849, 1083), (843, 1087), (836, 1078), (842, 1074), (836, 1065)],
    '156': [(886, 1092), (895, 1105), (869, 1122), (861, 1110)],
    '157': [(817, 1065), (818, 1063), (819, 1061), (821, 1060), (824, 1060), (826, 1060), (828, 1062), (829, 1063), (830, 1065), (830, 1067), (829, 1070), (828, 1071), (827, 1073), (825, 1074), (822, 1074), (820, 1073), (818, 1072), (817, 1070), (816, 1067)],
    '158': [(887, 1039), (896, 1033), (907, 1050), (897, 1056)],
    '159': [(902, 1033), (908, 1043), (913, 1040), (907, 1030)],
    '160': [(1226, 625), (1228, 637), (1237, 636), (1235, 624)],
    '161': [(1209, 715), (1210, 722), (1220, 720), (1218, 713)],
    '162': [(1110, 496), (1115, 519), (1134, 515), (1138, 514), (1144, 513), (1139, 493), (1118, 497), (1117, 494)],
    '163': [(1134, 515), (1137, 527), (1118, 531), (1124, 560), (1143, 557), (1147, 556), (1152, 555), (1146, 525), (1140, 526), (1138, 514)],
    '164': [(1106, 595), (1182, 579), (1180, 566), (1172, 568), (1169, 568), (1150, 572), (1147, 556), (1143, 557), (1146, 573), (1103, 582)],
    '165': [(1153, 523), (1161, 560), (1168, 559), (1169, 568), (1172, 568), (1170, 559), (1178, 558), (1170, 520)],
    '166': [(1198, 556), (1201, 570), (1205, 569), (1203, 555)],
    '167': [(1486, 1550), (1492, 1549), (1492, 1547), (1495, 1546), (1493, 1537), (1490, 1538), (1490, 1536), (1473, 1539), (1474, 1541), (1458, 1544), (1460, 1555), (1473, 1553)],
    '168': [(1305, 1592), (1299, 1593), (1306, 1628), (1322, 1625), (1315, 1590), (1309, 1592), (1308, 1589), (1305, 1589)],
    '169': [(1259, 1601), (1266, 1634), (1282, 1631), (1275, 1598), (1269, 1599), (1268, 1596), (1262, 1597), (1263, 1601)],
    '170': [(1245, 1648), (1247, 1662), (1255, 1660), (1256, 1664), (1266, 1662), (1265, 1658), (1284, 1654), (1281, 1641)],
    '171': [(1278, 1657), (1280, 1669), (1288, 1667), (1286, 1655)],
    '172': [(1316, 1554), (1317, 1561), (1329, 1559), (1328, 1552)],
    '173': [(1332, 1554), (1333, 1558), (1338, 1557), (1338, 1553)],
    '174': [(1349, 1752), (1350, 1757), (1351, 1757), (1353, 1756), (1353, 1752)],
    '175': [(1473, 1553), (1473, 1556), (1480, 1589), (1480, 1592), (1494, 1590), (1493, 1587), (1487, 1552), (1486, 1550)],
    '176': [(1216, 1750), (1216, 1753), (1221, 1752), (1220, 1749)],
    '177': [(1157, 1734), (1158, 1740), (1181, 1736), (1180, 1730)],
    '178': [(1463, 1596), (1480, 1592), (1494, 1590), (1543, 1580), (1545, 1590), (1465, 1606), (1464, 1602)],
    '179': [(1223, 1694), (1228, 1729), (1233, 1728), (1229, 1694)],
    '180': [(1264, 1684), (1271, 1720), (1276, 1719), (1270, 1684)],
    '181': [(1463, 1596), (1464, 1602), (1465, 1606), (1469, 1623), (1472, 1639), (1476, 1656), (1477, 1662), (1478, 1669), (1476, 1669), (1468, 1671), (1460, 1632), (1453, 1598)],
    '182': [(1476, 1656), (1477, 1662), (1478, 1669), (1535, 1657), (1533, 1649), (1532, 1644), (1502, 1650), (1498, 1651)],
    '183': [(1149, 1889), (1142, 1848), (1177, 1842), (1177, 1840), (1186, 1839), (1186, 1841), (1205, 1838), (1210, 1868), (1203, 1869), (1199, 1846), (1193, 1847), (1197, 1870), (1190, 1872), (1186, 1848), (1179, 1850), (1183, 1872), (1176, 1874), (1173, 1851), (1166, 1852), (1170, 1876), (1168, 1876), (1168, 1880), (1185, 1877), (1186, 1884), (1164, 1888), (1163, 1881), (1164, 1880), (1164, 1877), (1162, 1878), (1158, 1855), (1153, 1856), (1158, 1887)],
    '184': [(1194, 1877), (1195, 1883), (1211, 1881), (1210, 1874)],
    '185': [(1268, 1960), (1269, 1973), (1275, 1972), (1274, 1960)],
    '186': [(1346, 1914), (1348, 1923), (1344, 1924), (1345, 1931), (1367, 1928), (1365, 1920), (1355, 1921), (1353, 1912)],
    '187': [(1382, 1935), (1386, 1933), (1388, 1939), (1383, 1941)],
    '188': [(1212, 1799), (1217, 1798), (1220, 1806), (1214, 1808)],
    '189': [(1118, 1742), (1120, 1752), (1125, 1751), (1123, 1741)],
    '190': [(1092, 1749), (1093, 1758), (1099, 1757), (1098, 1749)],
    '191': [(1705, 1698), (1711, 1727), (1718, 1726), (1717, 1719), (1731, 1717), (1736, 1716), (1740, 1715), (1752, 1713), (1748, 1691), (1740, 1692), (1742, 1700), (1739, 1701), (1740, 1704), (1729, 1706), (1728, 1703), (1723, 1704), (1721, 1695)],
    '192': [(1095, 1613), (1096, 1622), (1104, 1621), (1102, 1611)],
    '193': [(1073, 1604), (1075, 1612), (1101, 1607), (1100, 1599)],
    '194': [(1105, 1592), (1105, 1597), (1109, 1597), (1109, 1592)],
    '195': [(1722, 1677), (1725, 1689), (1748, 1685), (1740, 1642), (1731, 1644), (1737, 1675)],
    '196': [(1707, 1647), (1711, 1669), (1732, 1666), (1730, 1655), (1721, 1656), (1719, 1645)],
    '197': [(1773, 1778), (1771, 1765), (1780, 1763), (1779, 1755), (1771, 1756), (1756, 1759), (1757, 1765), (1764, 1764), (1766, 1779)],
    '198': [(1408, 1063), (1409, 1068), (1416, 1067), (1415, 1062)],
    '199': [(1388, 1057), (1389, 1060), (1395, 1059), (1394, 1055)],
    '200': [(1395, 1055), (1396, 1059), (1400, 1058), (1399, 1055)],
    '201': [(1315, 1512), (1317, 1525), (1283, 1531), (1282, 1526), (1279, 1527), (1279, 1525), (1282, 1524), (1281, 1518)],
    '202': [(1280, 1532), (1234, 1541), (1232, 1528), (1278, 1519)],
    '203': [(1234, 1446), (1234, 1451), (1242, 1449), (1242, 1445)],
    '204': [(1253, 1421), (1254, 1431), (1248, 1432), (1250, 1440), (1263, 1438), (1260, 1420)],
    '205': [(1264, 1447), (1251, 1449), (1252, 1457), (1265, 1455)],
    '206': [(1270, 1418), (1275, 1454), (1265, 1455), (1263, 1438), (1260, 1420)],
    '207': [(1238, 1260), (1253, 1257), (1256, 1256), (1266, 1254), (1268, 1266), (1240, 1272)],
    '208': [(1261, 1226), (1268, 1224), (1272, 1224), (1277, 1223), (1289, 1285), (1298, 1284), (1300, 1297), (1292, 1299), (1304, 1361), (1288, 1365), (1285, 1352), (1283, 1341), (1277, 1309), (1274, 1297), (1268, 1266), (1266, 1254)],
    '209': [(1283, 1341), (1254, 1347), (1255, 1349), (1257, 1357), (1285, 1352)],
    '210': [(1270, 1357), (1273, 1371), (1282, 1369), (1279, 1355)],
    '211': [(1249, 1316), (1249, 1317), (1270, 1311), (1277, 1309), (1274, 1297), (1267, 1298), (1246, 1300)],
    '212': [(1250, 1320), (1265, 1317), (1270, 1340), (1254, 1343)],
    '213': [(1245, 1256), (1252, 1255), (1253, 1257), (1256, 1256), (1250, 1224), (1239, 1226)],
    '214': [(1251, 1382), (1251, 1386), (1254, 1385), (1256, 1393), (1225, 1399), (1227, 1413), (1317, 1396), (1314, 1382), (1259, 1393), (1257, 1383), (1254, 1383), (1253, 1381)],
    '215': [(1251, 1382), (1249, 1372), (1259, 1369), (1261, 1380)],
    '216': [(1228, 1265), (1144, 1281), (1148, 1302), (1232, 1285)],
    '217': [(1238, 1318), (1249, 1316), (1249, 1317), (1250, 1320), (1254, 1343), (1254, 1347), (1255, 1349), (1244, 1351)],
    '218': [(1244, 1351), (1249, 1372), (1259, 1369), (1257, 1357), (1255, 1349)],
    '219': [(1232, 1227), (1238, 1260), (1240, 1272), (1246, 1300), (1249, 1316), (1238, 1318), (1232, 1285), (1228, 1265), (1226, 1255), (1223, 1239), (1221, 1229)],
    '220': [(1223, 1239), (1181, 1247), (1184, 1263), (1226, 1255)],
    '221': [(1208, 1228), (1208, 1231), (1212, 1231), (1212, 1227)],
    '222': [(1185, 1214), (1283, 1195), (1286, 1210), (1270, 1213), (1272, 1224), (1268, 1224), (1266, 1213), (1230, 1220), (1232, 1227), (1221, 1229), (1220, 1223), (1188, 1229)],
    '223': [(1450, 1200), (1435, 1202), (1426, 1157), (1432, 1156), (1431, 1151), (1433, 1151), (1434, 1155), (1441, 1154)],
    '224': [(1193, 927), (1224, 921), (1228, 938), (1196, 944)],
    '225': [(1239, 912), (1223, 915), (1224, 921), (1228, 938), (1230, 948), (1246, 945), (1243, 931), (1246, 930), (1245, 923), (1241, 923)],
    '226': [(1253, 846), (1236, 849), (1238, 856), (1239, 862), (1244, 891), (1246, 899), (1246, 902), (1241, 903), (1249, 947), (1255, 946), (1256, 950), (1257, 959), (1259, 967), (1265, 966), (1267, 965), (1275, 964)],
    '227': [(1196, 961), (1197, 966), (1197, 969), (1198, 975), (1256, 964), (1255, 959), (1257, 959), (1256, 950)],
    '228': [(1187, 968), (1186, 963), (1167, 967), (1170, 979), (1175, 978), (1177, 991), (1193, 988), (1191, 981), (1186, 982), (1185, 977), (1189, 976), (1188, 971), (1197, 969), (1197, 966)],
    '229': [(1264, 1018), (1259, 1019), (1261, 1030), (1267, 1029), (1272, 1055), (1293, 1051), (1286, 1014), (1281, 1015)],
    '230': [(1251, 1007), (1206, 1016), (1208, 1029), (1204, 1030), (1209, 1055), (1227, 1052), (1229, 1060), (1248, 1056), (1247, 1048), (1252, 1047), (1246, 1016)],
    '231': [(1180, 1005), (1182, 1017), (1201, 1014), (1199, 1006), (1203, 1005), (1205, 1011), (1218, 1009), (1231, 1006), (1230, 1001), (1232, 1001), (1233, 1004), (1237, 1003), (1253, 1003), (1255, 1000), (1252, 986), (1250, 985), (1235, 992), (1230, 992), (1231, 996), (1229, 996), (1228, 990), (1201, 996), (1203, 1003), (1198, 1003), (1198, 1002)],
    '232': [(1623, 1547), (1643, 1542), (1648, 1562), (1645, 1563), (1649, 1580), (1646, 1581), (1641, 1563), (1628, 1566)],
    '233': [(1646, 1581), (1643, 1581), (1648, 1600), (1667, 1595), (1666, 1593), (1679, 1590), (1677, 1585), (1666, 1588), (1663, 1576), (1649, 1580)],
    '234': [(1679, 1590), (1682, 1603), (1701, 1598), (1695, 1576), (1698, 1575), (1697, 1572), (1694, 1573), (1689, 1554), (1684, 1555), (1675, 1558), (1667, 1559), (1671, 1575), (1679, 1573), (1681, 1582), (1677, 1584), (1677, 1585)],
    '235': [(1675, 1558), (1674, 1554), (1669, 1555), (1665, 1539), (1678, 1535), (1677, 1531), (1680, 1530), (1681, 1535), (1686, 1534), (1690, 1550), (1683, 1551), (1684, 1555)],
    '236': [(1677, 1531), (1671, 1532), (1668, 1521), (1672, 1519), (1672, 1517), (1678, 1515), (1678, 1519), (1685, 1517), (1688, 1528), (1680, 1530)],
    '237': [(1645, 1530), (1651, 1529), (1652, 1537), (1646, 1538)],
    '238': [(1605, 1338), (1646, 1330), (1649, 1342), (1646, 1343), (1631, 1346), (1607, 1350)],
    '239': [(1634, 1366), (1631, 1346), (1646, 1343), (1650, 1363)],
    '240': [(1510, 1383), (1510, 1380), (1508, 1370), (1539, 1364), (1582, 1356), (1584, 1369), (1576, 1371), (1573, 1371), (1546, 1376), (1544, 1377)],
    '241': [(1544, 1415), (1559, 1413), (1554, 1385), (1548, 1387), (1546, 1376), (1544, 1377), (1546, 1387), (1539, 1388)],
    '242': [(1568, 1378), (1573, 1402), (1586, 1400), (1582, 1375), (1577, 1376), (1576, 1371), (1573, 1371), (1574, 1376)],
    '243': [(1597, 1389), (1603, 1388), (1605, 1396), (1599, 1397)],
    '244': [(1508, 1370), (1491, 1373), (1492, 1383), (1506, 1380), (1510, 1380)],
    '245': [(1506, 1380), (1506, 1385), (1496, 1386), (1496, 1388), (1493, 1388), (1495, 1402), (1504, 1401), (1502, 1388), (1511, 1387), (1510, 1383), (1510, 1380)],
    '246': [(1065, 729), (1118, 721), (1120, 739), (1068, 747)],
    '247': [(1380, 1215), (1382, 1226), (1457, 1213), (1455, 1202)],
    '248': [(1099, 1178), (1102, 1192), (1109, 1190), (1110, 1198), (1103, 1199), (1105, 1210), (1116, 1209), (1114, 1197), (1115, 1197), (1116, 1199), (1120, 1198), (1118, 1193), (1117, 1193), (1115, 1189), (1117, 1189), (1114, 1175)],
    '249': [(1126, 1137), (1140, 1134), (1141, 1139), (1142, 1139), (1149, 1177), (1133, 1180), (1126, 1142), (1127, 1142)],
    '250': [(1133, 1180), (1136, 1195), (1188, 1186), (1188, 1184), (1193, 1183), (1192, 1176), (1191, 1170), (1186, 1171), (1185, 1169), (1155, 1174), (1155, 1176), (1149, 1177)],
    '251': [(1157, 1132), (1159, 1142), (1160, 1141), (1161, 1145), (1172, 1143), (1174, 1154), (1189, 1151), (1185, 1131), (1182, 1131), (1181, 1127)],
    '252': [(442, 92), (443, 100), (497, 90), (495, 82), (488, 83), (488, 86), (472, 89), (471, 86), (458, 89), (459, 91), (450, 93), (450, 90)],
    '253': [(459, 126), (458, 118), (491, 113), (492, 120)],
    '254': [(533, 160), (524, 113), (534, 111), (543, 155), (539, 156), (539, 159)],
    '255': [(615, 117), (619, 139), (629, 137), (624, 115)],
    '256': [(612, 101), (613, 110), (623, 108), (622, 99)],
    '257': [(629, 122), (631, 131), (635, 130), (633, 122)],
    '258': [(629, 147), (630, 154), (638, 152), (637, 146)],
    '259': [(768, 381), (771, 396), (816, 389), (813, 373)],
    '260': [(760, 411), (761, 418), (769, 416), (768, 410)],
    '261': [(790, 292), (803, 362), (736, 374), (723, 305)],
    '262': [(1342, 1943), (1348, 1973), (1359, 1971), (1357, 1962), (1354, 1962), (1353, 1955), (1360, 1954), (1360, 1955), (1365, 1954), (1363, 1940)],
    '263': [(1162, 1459), (1170, 1457), (1173, 1472), (1165, 1474)],
    '264': [(790, 994), (783, 999), (772, 984), (780, 979)],
    '265': [(1232, 785), (1229, 785), (1229, 788), (1233, 788)],
    '266': [(1216, 702), (1217, 709), (1209, 711), (1207, 704)],
    '267': [(1559, 1709), (1556, 1694), (1604, 1685), (1609, 1684), (1612, 1698), (1570, 1707)],
    '268': [(1409, 1468), (1412, 1485), (1428, 1482), (1425, 1465)],
    '269': [(1578, 1055), (1583, 1075), (1624, 1067), (1621, 1047)],
    '270': [(1097, 1411), (1099, 1424), (1093, 1424), (1098, 1456), (1124, 1451), (1115, 1408)],
    '271': [(1586, 1868), (1588, 1882), (1577, 1884), (1574, 1870)],
    '272': [(1552, 1851), (1553, 1859), (1586, 1853), (1585, 1846)],
    '273': [(1552, 1824), (1553, 1831), (1580, 1826), (1579, 1819)],
    '274': [(1481, 1527), (1482, 1532), (1490, 1531), (1489, 1526)],
    '275': [(1731, 1717), (1732, 1725), (1741, 1724), (1740, 1715)],
    '276': [(1360, 1044), (1378, 1041), (1374, 1023), (1372, 1024), (1372, 1021), (1366, 1022), (1366, 1024), (1364, 1024), (1364, 1023), (1359, 1024), (1359, 1026), (1357, 1027)],
    '277': [(1327, 1029), (1333, 1057), (1350, 1053), (1345, 1025)],
    '278': [(1171, 1305), (1176, 1326), (1226, 1317), (1221, 1295)],
    '279': [(1177, 1335), (1182, 1358), (1236, 1347), (1232, 1324)],
    '280': [(1192, 1786), (1126, 1799), (1131, 1823), (1154, 1818), (1153, 1811), (1159, 1810), (1161, 1819), (1132, 1825), (1134, 1834), (1164, 1828), (1165, 1831), (1135, 1837), (1136, 1842), (1168, 1835), (1167, 1831), (1197, 1825), (1196, 1818), (1167, 1824), (1166, 1820), (1195, 1814), (1194, 1806), (1164, 1812), (1163, 1809), (1195, 1802)],
    '281': [(1483, 1434), (1496, 1431), (1488, 1389), (1476, 1392)],
    '282': [(1514, 1570), (1509, 1571), (1508, 1567), (1513, 1565)],
    '283': [(702, 957), (705, 962), (706, 961), (704, 956)],
    '284': [(662, 951), (663, 952), (667, 948), (666, 947)],
    '285': [(682, 937), (681, 939), (687, 941), (688, 938)],
    '286': [(703, 949), (703, 950), (705, 949), (705, 948)],
    '287': [(1578, 1006), (1580, 1009), (1582, 1008), (1580, 1004)],
    '288': [(939, 398), (939, 403), (938, 403), (939, 406), (933, 407), (934, 412), (941, 410), (943, 420), (1001, 410), (997, 388)],
    '289': [(1452, 1013), (1462, 1012), (1459, 997), (1450, 999)],
}
