BUILDING_POLY = {
    '00': [(1107, 1039), (1150, 1042), (1157, 937), (1160, 937), (1162, 915), (1165, 915), (1164, 922), (1176, 936), (1188, 925), (1190, 885), (1180, 873), (1169, 883), (1168, 889), (1166, 889), (1167, 869), (1161, 869), (1165, 815), (1122, 812), (1119, 867), (1103, 866), (1101, 899), (1099, 934), (1114, 934)],
    '01': [(705, 348), (699, 361), (691, 358), (687, 368), (671, 361), (639, 442), (658, 450), (640, 496), (643, 497), (639, 508), (675, 523), (657, 567), (678, 576), (670, 596), (728, 619), (734, 604), (745, 577), (741, 576), (751, 552), (755, 554), (820, 393), (752, 366)],
    '02': [(687, 870), (668, 1078), (704, 1081), (721, 875), (883, 890), (886, 851), (732, 836), (698, 832), (694, 870)],
    '03': [(653, 1148), (681, 1145), (841, 1124), (840, 1116), (837, 1098), (834, 1070), (646, 1094), (650, 1121)],
    '04': [(1039, 184), (1009, 224), (1049, 255), (1082, 279), (1079, 283), (1084, 287), (1313, 456), (1321, 461), (1325, 455), (1373, 495), (1391, 471), (1398, 462), (1337, 416), (1346, 404)],
    '05': [(1322, 487), (1359, 519), (1371, 529), (1381, 538), (1372, 549), (1378, 554), (1337, 605), (1271, 552), (1305, 508)],
    '06': [(1550, 543), (1517, 589), (1505, 581), (1486, 606), (1499, 615), (1480, 640), (1490, 647), (1496, 652), (1539, 682), (1609, 586)],
    '07': [(1056, 577), (1024, 564), (995, 637), (1027, 649)],
    '08': [(884, 975), (953, 977), (951, 1084), (949, 1107), (879, 1104), (880, 1097)],
    '09': [(1120, 1947), (1120, 1973), (1034, 1970), (1019, 1960), (1001, 1934), (996, 1921), (1030, 1921), (1030, 1904), (1058, 1906), (1057, 1946), (1080, 1947)],
    '10': [(1134, 1699), (1050, 1700), (1050, 1671), (1082, 1671), (1081, 1650), (1100, 1650), (1100, 1671), (1133, 1670)],
    '11': [(1281, 617), (1353, 644), (1367, 609), (1434, 635), (1371, 793), (1327, 775), (1313, 770), (1344, 691), (1325, 684), (1264, 660)],
    '12': [(1451, 664), (1457, 666), (1477, 674), (1472, 684), (1478, 686), (1485, 689), (1499, 694), (1496, 701), (1444, 845), (1420, 837), (1416, 844), (1392, 836), (1382, 833), (1387, 818), (1390, 809), (1397, 811), (1401, 799), (1445, 687), (1441, 686)],
    '13': [(1366, 795), (1358, 814), (1348, 810), (1341, 826), (1336, 840), (1328, 861), (1224, 820), (1228, 810), (1231, 801), (1234, 793), (1244, 797), (1250, 782), (1237, 776), (1259, 721), (1304, 738), (1318, 744), (1307, 771), (1326, 779)],
    '14': [(1230, 979), (1167, 975), (1162, 1062), (1160, 1097), (1186, 1099), (1185, 1116), (1173, 1115), (1172, 1126), (1195, 1127), (1197, 1100), (1223, 1101)],
    '15': [(1036, 718), (1035, 738), (1050, 739), (1051, 719)],
    '16': [(648, 1210), (643, 1174), (651, 1173), (840, 1148), (842, 1164), (829, 1166), (831, 1186), (803, 1190)],
    '17': [(966, 1204), (971, 1203), (971, 1200), (980, 1200), (978, 1188), (969, 1189), (963, 1135), (959, 1136), (953, 1137), (862, 1150), (868, 1191), (924, 1183), (927, 1200), (928, 1208), (929, 1215), (957, 1419), (989, 1413), (987, 1394), (969, 1222)],
    '18': [(1005, 766), (996, 941), (989, 1084), (988, 1090), (1027, 1092), (1043, 768), (1036, 767)],
    '19': [(1199, 858), (1228, 860), (1227, 876), (1238, 877), (1239, 866), (1271, 868), (1269, 883), (1277, 884), (1277, 874), (1310, 876), (1309, 894), (1335, 896), (1332, 892), (1328, 885), (1327, 877), (1329, 870), (1333, 863), (1339, 858), (1347, 856), (1355, 856), (1361, 858), (1367, 862), (1371, 868), (1373, 875), (1373, 882), (1371, 889), (1367, 895), (1360, 899), (1353, 902), (1347, 1017), (1307, 1014), (1311, 957), (1283, 955), (1192, 949)],
    '20': [(1264, 1090), (1288, 1091), (1290, 1055), (1332, 1058), (1330, 1090), (1321, 1090), (1317, 1155), (1292, 1154), (1289, 1197), (1257, 1195)],
    '21': [(1407, 517), (1420, 501), (1502, 568), (1527, 535), (1445, 472), (1440, 479), (1416, 461), (1406, 475), (1410, 478), (1401, 489), (1393, 482), (1368, 517), (1390, 536), (1381, 547), (1387, 552), (1459, 612), (1483, 581)],
    '22': [(1063, 1512), (1066, 1557), (1084, 1559), (1232, 1563), (1233, 1520)],
    '23': [(750, 626), (692, 770), (698, 772), (684, 794), (681, 814), (677, 813), (652, 1077), (641, 1078), (638, 1153), (615, 1157), (641, 880), (648, 809), (669, 811), (669, 799), (657, 799), (657, 785), (651, 784), (652, 740), (650, 716), (644, 716), (642, 694), (643, 666), (663, 665), (657, 638), (643, 629), (641, 578), (615, 437), (623, 420), (614, 417), (613, 385), (634, 333), (675, 349), (671, 361), (639, 442), (658, 450), (640, 496), (643, 497), (639, 508), (675, 523), (657, 567), (678, 576), (670, 596), (728, 619), (734, 604), (744, 610)],
    '24': [(729, 356), (685, 315), (701, 298), (758, 237), (766, 229), (782, 219), (784, 210), (802, 191), (807, 185), (817, 175), (914, 82), (957, 126), (907, 171), (943, 207), (970, 173), (1014, 209), (1008, 217), (989, 243), (1011, 262), (994, 284), (970, 314), (946, 292), (940, 300), (933, 307), (860, 241), (854, 235), (863, 226), (859, 222), (850, 229), (846, 233), (831, 249), (823, 257), (810, 271), (803, 279), (745, 340)],
    '25': [(1283, 1515), (1179, 1509), (1084, 1504), (1054, 1502), (1046, 1501), (1047, 1486), (1037, 1485), (1039, 1449), (1039, 1444), (1056, 1444), (1067, 1445), (1140, 1449), (1148, 1450), (1151, 1344), (1127, 1342), (1124, 1425), (1123, 1432), (1080, 1430), (1086, 1299), (1092, 1165), (1053, 1162), (1054, 1130), (1093, 1132), (1096, 1076), (1123, 1078), (1139, 1078), (1137, 1136), (1238, 1144), (1250, 1145), (1248, 1177), (1235, 1176), (1134, 1168), (1133, 1208), (1129, 1306), (1156, 1308), (1161, 1213), (1167, 1213), (1226, 1217), (1211, 1452), (1222, 1453), (1283, 1457)],
    '26': [(1281, 617), (1264, 660), (1213, 790), (1176, 776), (1190, 740), (1246, 598), (1258, 568), (1295, 583), (1287, 602)],
    '27': [(1190, 740), (1184, 737), (1155, 726), (1210, 584), (1240, 595), (1246, 598)],
    '28': [(923, 1317), (723, 1341), (713, 1275), (706, 1231), (655, 1239), (662, 1281), (672, 1346), (679, 1396), (760, 1389), (835, 1382), (943, 1410), (938, 1380), (925, 1373), (922, 1347), (928, 1346)],
    '29': [(1054, 1738), (1050, 1882), (1120, 1888), (1124, 1740)],
    '30': [(1496, 652), (1494, 650), (1490, 647), (1478, 686), (1481, 687), (1485, 689)],
}
