BUILDING_POLY = {
    '00': [(121, 880), (134, 878), (204, 867), (272, 856), (277, 855), (279, 868), (289, 866), (288, 860), (325, 854), (326, 857), (348, 854), (361, 935), (355, 941), (340, 943), (354, 1029), (356, 1040), (338, 1043), (317, 1046), (317, 1043), (264, 1052), (248, 1055), (256, 1116), (243, 1118), (244, 1128), (217, 1133), (216, 1124), (192, 1128), (194, 1136), (155, 1142), (144, 1077), (113, 882)],
    '01': [(194, 1136), (195, 1144), (218, 1140), (217, 1133), (244, 1128), (246, 1136), (255, 1135), (254, 1127), (270, 1125), (281, 1189), (303, 1186), (313, 1241), (293, 1245), (301, 1299), (278, 1303), (281, 1314), (186, 1327), (175, 1262), (178, 1258), (195, 1256), (194, 1249), (211, 1246), (213, 1253), (249, 1248), (253, 1244), (248, 1208), (241, 1203), (204, 1208), (205, 1215), (187, 1218), (186, 1212), (169, 1214), (165, 1210), (155, 1142)],
    '02': [(318, 656), (319, 665), (323, 687), (327, 711), (251, 723), (254, 739), (272, 856), (204, 867), (184, 748), (158, 753), (102, 763), (99, 763), (88, 695), (200, 677)],
    '03': [(253, 468), (255, 488), (238, 490), (251, 583), (341, 569), (337, 537), (320, 388), (295, 391), (297, 406), (266, 447), (268, 466)],
    '04': [(488, 1763), (461, 1606), (688, 1568), (697, 1622), (723, 1618), (727, 1605), (731, 1603), (737, 1601), (744, 1603), (750, 1607), (755, 1613), (1028, 1569), (1029, 1564), (1031, 1558), (1036, 1554), (1042, 1553), (1048, 1555), (1056, 1564), (1058, 1575), (1106, 1568), (1107, 1577), (1271, 1551), (1267, 1521), (1293, 1517), (1279, 1427), (1316, 1421), (1345, 1417), (1369, 1413), (1460, 1399), (1455, 1366), (1505, 1358), (1510, 1389), (1513, 1407), (1524, 1477), (1542, 1589), (1545, 1607), (1537, 1608), (1440, 1623), (1412, 1628), (1387, 1632), (1388, 1638), (1282, 1655), (1281, 1648), (1149, 1669), (1147, 1657), (1070, 1669), (1072, 1679), (1067, 1683), (1055, 1685), (1047, 1684), (1049, 1696), (1050, 1706), (1032, 1708), (1029, 1687), (899, 1708), (790, 1727), (758, 1732), (753, 1733), (746, 1731), (742, 1725), (716, 1729), (716, 1734), (618, 1751), (616, 1741)],
    '05': [(1488, 1268), (1496, 1321), (1505, 1358), (1455, 1366), (1460, 1399), (1369, 1413), (1352, 1295), (1350, 1289), (1406, 1280)],
    '06': [(381, 651), (384, 675), (387, 692), (388, 700), (418, 695), (434, 831), (445, 830), (469, 826), (502, 821), (498, 796), (526, 792), (513, 700), (511, 688), (547, 683), (580, 679), (572, 624), (486, 635)],
    '07': [(2012, 372), (2016, 395), (2031, 392), (2038, 391), (2041, 411), (2096, 401), (2094, 390), (2097, 389), (2099, 384), (2099, 380), (2096, 377), (2091, 374), (2087, 351), (2030, 362), (2031, 368)],
    '08': [(289, 1363), (194, 1378), (191, 1355), (186, 1327), (281, 1314)],
    '09': [(1361, 517), (1391, 679), (1304, 695), (1292, 697), (1277, 608), (1145, 630), (1130, 632), (1127, 613), (925, 647), (923, 633), (855, 642), (849, 602)],
    '10': [(1421, 817), (1328, 832), (1338, 898), (1432, 883), (1426, 845)],
    '11': [(1256, 747), (1182, 759), (1133, 767), (957, 796), (885, 808), (882, 796), (881, 791), (855, 642), (923, 633), (925, 647), (1127, 613), (1130, 632), (1145, 630), (1158, 708), (1175, 705), (1247, 693)],
    '12': [(599, 1423), (611, 1500), (644, 1494), (677, 1490), (678, 1501), (726, 1493), (724, 1481), (771, 1474), (768, 1459), (860, 1445), (851, 1385)],
    '13': [(438, 1512), (505, 1501), (508, 1517), (611, 1500), (599, 1423), (592, 1424), (589, 1405), (423, 1432), (427, 1455), (410, 1458), (414, 1477), (431, 1475)],
    '14': [(438, 1512), (505, 1501), (508, 1517), (611, 1500), (644, 1494), (647, 1510), (661, 1508), (668, 1550), (517, 1575), (444, 1587), (434, 1530), (441, 1529)],
    '15': [(363, 1144), (348, 1050), (516, 1022), (521, 1021), (577, 1012), (652, 1000), (674, 996), (909, 958), (910, 962), (919, 1021), (900, 1024), (904, 1051), (850, 1059), (544, 1109), (531, 1111), (381, 1136), (382, 1141)],
    '16': [(426, 858), (417, 859), (414, 843), (446, 838), (445, 830), (469, 826), (475, 860), (567, 846), (565, 835), (638, 824), (638, 832), (721, 819), (800, 809), (807, 867), (810, 879), (800, 880), (799, 873), (695, 892), (659, 897), (670, 969), (671, 976), (674, 996), (652, 1000), (648, 981), (647, 974), (646, 965), (583, 976), (572, 916), (532, 922), (536, 940), (516, 944), (521, 985), (446, 998)],
    '17': [(1391, 679), (1304, 695), (1328, 832), (1421, 817), (1398, 677)],
    '18': [(947, 1258), (1093, 1235), (1245, 1211), (1243, 1201), (1237, 1162), (1237, 1160), (1212, 1163), (1196, 1060), (1062, 1081), (1002, 1090), (1001, 1078), (999, 1066), (997, 1052), (995, 1045), (996, 1036), (937, 1046), (940, 1062), (965, 1206), (939, 1210)],
    '19': [(1328, 1293), (1252, 1304), (1243, 1311), (1243, 1321), (1250, 1329), (1262, 1327), (1266, 1352), (1261, 1352), (1148, 1371), (1147, 1368), (1126, 1371), (1122, 1351), (1079, 1358), (1080, 1368), (1027, 1377), (1028, 1382), (1036, 1429), (1043, 1428), (1047, 1450), (1060, 1531), (1069, 1529), (1070, 1534), (1180, 1516), (1162, 1406), (1266, 1389), (1309, 1381), (1311, 1389), (1316, 1421), (1345, 1417), (1328, 1299)],
    '20': [(1475, 1169), (1443, 967), (1350, 981), (1338, 898), (1328, 832), (1421, 817), (1398, 677), (1391, 679), (1304, 695), (1292, 697), (1249, 705), (1256, 747), (1269, 833), (1271, 850), (1219, 858), (1232, 937), (1267, 1156), (1246, 1160), (1237, 1162), (1243, 1201), (1254, 1198), (1274, 1195), (1275, 1201)],
    '21': [(851, 1385), (860, 1445), (867, 1490), (723, 1512), (722, 1516), (713, 1518), (721, 1567), (730, 1565), (733, 1582), (855, 1562), (855, 1564), (881, 1560), (880, 1557), (891, 1555), (891, 1557), (1060, 1531), (1047, 1450), (1035, 1451), (1032, 1429), (1036, 1429), (1028, 1382), (1017, 1384), (1011, 1344), (1016, 1343), (1013, 1328), (954, 1337), (956, 1354), (861, 1369), (862, 1378), (850, 1380)],
    '22': [(1037, 968), (1042, 998), (1048, 1037), (1050, 1051), (1184, 1030), (1181, 1011), (1175, 973), (1171, 947), (1093, 959)],
    '23': [(405, 1362), (581, 1333), (561, 1208), (568, 1207), (574, 1205), (576, 1204), (576, 1203), (577, 1202), (576, 1200), (572, 1176), (571, 1174), (569, 1173), (567, 1174), (562, 1175), (555, 1177), (551, 1153), (546, 1125), (544, 1109), (531, 1111), (381, 1136), (382, 1141), (399, 1232), (383, 1235)],
    '24': [(937, 1046), (996, 1036), (991, 1005), (987, 980), (982, 952), (981, 945), (978, 927), (957, 796), (885, 808), (893, 857), (906, 937), (909, 958), (910, 962), (919, 1021), (924, 1048)],
    '25': [(155, 1142), (194, 1136), (195, 1144), (218, 1140), (217, 1133), (244, 1128), (246, 1136), (255, 1135), (254, 1127), (270, 1125), (281, 1189), (303, 1186), (313, 1241), (293, 1245), (301, 1299), (278, 1303), (281, 1314), (186, 1327), (175, 1262), (178, 1258), (195, 1256), (194, 1249), (211, 1246), (213, 1253), (249, 1248), (253, 1244), (248, 1208), (241, 1203), (204, 1208), (205, 1215), (187, 1218), (186, 1212), (169, 1214), (165, 1210)],
    '26': [(623, 529), (619, 499), (611, 500), (592, 361), (572, 364), (558, 366), (562, 388), (543, 391), (558, 498), (480, 509), (411, 519), (392, 387), (354, 392), (350, 363), (328, 366), (324, 366), (325, 376), (319, 377), (320, 388), (325, 421), (340, 420), (356, 535), (337, 537), (341, 569), (486, 548)],
    '27': [(328, 366), (350, 363), (389, 357), (456, 348), (536, 338), (546, 336), (548, 348), (569, 345), (572, 364), (592, 361), (584, 296), (583, 292), (322, 329), (323, 335)],
    '28': [(1586, 489), (1686, 470), (1779, 451), (1767, 373), (1762, 344), (1605, 369), (1606, 378), (1569, 384)],
    '29': [(1507, 706), (1502, 678), (1491, 680), (1489, 669), (1499, 667), (1494, 642), (1485, 643), (1482, 628), (1492, 627), (1575, 611), (1590, 692)],
    '30': [(1492, 627), (1485, 584), (1488, 584), (1487, 576), (1507, 573), (1506, 566), (1539, 561), (1541, 573), (1567, 569), (1575, 611)],
    '31': [(1512, 746), (1508, 721), (1499, 722), (1497, 707), (1507, 706), (1590, 692), (1597, 731)],
    '32': [(1526, 826), (1522, 802), (1512, 804), (1509, 788), (1605, 770), (1612, 809)],
    '33': [(1531, 867), (1525, 868), (1522, 854), (1530, 852), (1526, 826), (1612, 809), (1620, 849)],
    '34': [(1545, 947), (1538, 949), (1535, 933), (1544, 932), (1540, 910), (1628, 893), (1635, 930)],
    '35': [(1545, 947), (1635, 930), (1643, 977), (1606, 983), (1608, 994), (1591, 996), (1589, 986), (1552, 991)],
    '36': [(1509, 788), (1507, 772), (1516, 770), (1512, 746), (1597, 731), (1605, 770)],
    '37': [(1540, 910), (1532, 911), (1529, 894), (1535, 893), (1531, 867), (1620, 849), (1628, 893)],
    '38': [(695, 892), (698, 913), (691, 914), (699, 965), (702, 982), (795, 967), (823, 963), (821, 951), (812, 893), (803, 894), (800, 880), (799, 873)],
    '39': [(2125, 958), (2134, 1008), (2114, 1012), (2115, 1018), (2092, 1022), (2092, 1025), (2070, 1029), (2071, 1033), (2051, 1037), (2052, 1042), (2028, 1047), (2024, 1029), (2015, 977)],
    '40': [(2015, 977), (2024, 1029), (1994, 1034), (1995, 1042), (1979, 1045), (1980, 1049), (1956, 1053), (1956, 1057), (1937, 1060), (1937, 1065), (1910, 1069), (1906, 1047), (1897, 999)],
    '41': [(1897, 999), (1906, 1047), (1891, 1050), (1892, 1055), (1866, 1060), (1867, 1065), (1846, 1069), (1847, 1073), (1820, 1078), (1821, 1083), (1794, 1089), (1791, 1072), (1765, 1075), (1756, 1023)],
    '42': [(547, 683), (580, 679), (615, 673), (638, 824), (565, 835), (565, 827), (559, 787), (547, 789), (538, 723), (552, 721)],
    '43': [(707, 656), (711, 684), (703, 685), (719, 797), (721, 819), (800, 809), (780, 675), (766, 677), (762, 647)],
    '44': [(800, 809), (862, 800), (863, 811), (885, 808), (893, 857), (807, 867)],
    '45': [(1767, 373), (1829, 363), (1845, 441), (1779, 451)],
    '46': [(1829, 363), (1954, 344), (1969, 420), (1845, 441)],
    '47': [(1994, 482), (2045, 477), (2049, 522), (2053, 522), (2055, 544), (2058, 544), (2060, 565), (2066, 564), (2068, 590), (2084, 589), (2085, 607), (2093, 606), (2094, 620), (2057, 623), (2007, 628)],
    '48': [(2007, 628), (2057, 623), (2060, 647), (2063, 647), (2066, 666), (2070, 665), (2073, 689), (2077, 689), (2079, 709), (2083, 709), (2086, 729), (2095, 728), (2098, 753), (2104, 752), (2105, 765), (2075, 769), (2022, 774)],
    '49': [(2022, 774), (2075, 769), (2077, 791), (2083, 790), (2085, 810), (2091, 810), (2092, 827), (2098, 826), (2100, 849), (2104, 848), (2106, 870), (2110, 870), (2112, 893), (2083, 896), (2085, 911), (2057, 914), (2056, 910), (2036, 912)],
    '50': [(1769, 1098), (1781, 1096), (1782, 1105), (1915, 1082), (1919, 1110), (1775, 1134)],
    '51': [(1756, 1023), (1727, 1028), (1746, 1139), (1775, 1134), (1769, 1098), (1765, 1075)],
    '52': [(827, 896), (833, 935), (879, 928), (873, 889)],
    '53': [(264, 1088), (322, 1079), (327, 1114), (269, 1123)],
    '54': [(1954, 344), (2005, 335), (2012, 372), (2016, 395), (2020, 411), (1969, 420)],
    '55': [(341, 790), (315, 794), (323, 848), (349, 844)],
    '56': [(784, 1150), (786, 1161), (789, 1178), (791, 1195), (793, 1205), (806, 1203), (822, 1201), (839, 1198), (848, 1197), (846, 1184), (843, 1169), (841, 1154), (839, 1142), (827, 1144), (811, 1146), (796, 1148)],
    '57': [(1328, 1299), (1343, 1297), (1352, 1295), (1369, 1413), (1345, 1417)],
    '58': [(646, 965), (583, 976), (571, 978), (573, 987), (574, 992), (577, 1012), (652, 1000), (648, 981), (647, 974)],
    '59': [(260, 730), (263, 751), (297, 745), (294, 724)],
    '60': [(113, 882), (110, 867), (117, 866), (132, 863), (134, 878)],
}
