BUILDING_POLY = {
    '00': [(1778, 263), (1763, 249), (1768, 243), (1759, 234), (1765, 228), (1774, 236), (1787, 221), (1795, 228), (1786, 239), (1788, 240), (1785, 243), (1791, 248)],
    '01': [(1662, 535), (1685, 512), (1714, 539), (1703, 551), (1711, 560), (1700, 571), (1691, 563)],
    '02': [(1650, 635), (1612, 667), (1608, 672), (1592, 658), (1585, 670), (1570, 656), (1603, 598), (1618, 611), (1615, 616)],
    '03': [(587, 296), (564, 321), (564, 321), (556, 331), (555, 331), (533, 355), (530, 358), (527, 359), (526, 358), (524, 357), (524, 355), (522, 351), (520, 346), (519, 339), (518, 332), (520, 329), (522, 327), (523, 325), (524, 322), (524, 318), (525, 314), (524, 309), (521, 302)],
    '04': [(1607, 807), (1596, 798), (1575, 782), (1620, 723), (1657, 654), (1688, 675), (1708, 677), (1716, 697), (1723, 703), (1742, 704), (1749, 723), (1759, 729), (1777, 731), (1780, 748), (1789, 755), (1810, 756), (1814, 775), (1826, 783), (1844, 783), (1847, 799), (1851, 802), (1751, 921), (1725, 901), (1617, 793)],
    '05': [(1512, 1166), (1508, 1172), (1524, 1186), (1531, 1177), (1519, 1166), (1516, 1170)],
    '06': [(1358, 839), (1420, 767), (1455, 797), (1463, 789), (1498, 802), (1455, 865), (1432, 911), (1387, 885), (1401, 870)],
    '07': [(1755, 293), (1726, 267), (1707, 287), (1736, 313)],
    '08': [(1647, 295), (1675, 319), (1706, 285), (1679, 260)],
    '09': [(1683, 257), (1696, 244), (1702, 243), (1721, 261), (1705, 278)],
    '10': [(1611, 391), (1645, 420), (1669, 393), (1643, 370), (1638, 376), (1630, 369)],
    '11': [(1611, 346), (1643, 310), (1668, 332), (1636, 368)],
    '12': [(1500, 698), (1513, 702), (1534, 744), (1511, 770), (1471, 749), (1468, 736)],
    '13': [(1252, 841), (1241, 832), (1228, 831), (1223, 826), (1220, 824), (1219, 825), (1218, 826), (1203, 811), (1178, 840), (1191, 852), (1193, 850), (1225, 877), (1244, 854), (1243, 852)],
    '14': [(1642, 178), (1675, 210), (1652, 236), (1617, 205)],
    '15': [(1282, 141), (1392, 241), (1339, 300), (1314, 278), (1359, 229), (1273, 151)],
    '16': [(720, 139), (723, 140), (725, 141), (727, 143), (728, 145), (729, 147), (730, 151), (730, 156), (729, 160), (729, 162), (728, 163), (727, 164), (726, 164), (725, 165), (724, 166), (723, 166), (723, 168), (724, 169), (724, 170), (725, 171), (726, 172), (728, 173), (732, 175), (737, 178), (741, 180), (745, 183), (747, 186), (750, 190), (752, 193), (752, 195), (753, 198), (753, 201), (753, 204), (752, 207), (752, 210), (751, 212), (749, 215), (748, 217), (745, 219), (742, 222), (740, 223), (737, 224), (734, 225), (730, 225), (726, 225), (723, 224), (719, 222), (718, 222), (716, 221), (713, 218), (710, 215), (707, 212), (706, 209), (705, 205), (704, 201), (705, 197), (706, 190), (706, 185), (706, 184), (705, 183), (704, 183), (703, 183), (701, 183), (696, 183), (692, 183), (689, 181), (687, 180), (686, 178), (685, 176), (684, 174), (685, 172), (685, 170), (685, 168), (687, 166), (688, 164), (690, 163), (692, 162), (694, 162), (696, 162), (698, 162), (700, 161), (701, 160), (702, 160), (702, 160), (703, 159), (703, 158), (703, 156), (703, 154), (704, 151), (704, 148), (705, 147), (706, 145), (707, 142), (710, 140), (713, 139), (715, 138), (717, 138)],
    '17': [(1882, 283), (1895, 295), (1899, 290), (1904, 295), (1899, 302), (1906, 308), (1911, 301), (1931, 318), (1929, 321), (1935, 327), (1937, 324), (1943, 329), (1967, 301), (1952, 288), (1947, 294), (1913, 265), (1920, 257), (1926, 263), (1950, 236), (1935, 223)],
    '18': [(1960, 272), (1982, 292), (1993, 279), (1972, 260)],
    '19': [(1746, 1339), (1759, 1350), (1770, 1336), (1757, 1326)],
    '20': [(1914, 1488), (1928, 1499), (1951, 1469), (1937, 1458)],
    '21': [(1442, 633), (1458, 616), (1475, 598), (1465, 589), (1457, 597), (1432, 624)],
    '22': [(1854, 422), (1864, 411), (1800, 354), (1790, 365), (1799, 373)],
    '23': [(1718, 447), (1727, 456), (1684, 501), (1675, 492)],
    '24': [(1737, 535), (1747, 545), (1798, 489), (1788, 480)],
    '25': [(1831, 457), (1824, 464), (1855, 492), (1863, 484), (1859, 481), (1875, 463), (1845, 436), (1828, 454)],
    '26': [(1825, 640), (1843, 657), (1847, 653), (1853, 659), (1882, 628), (1873, 621), (1866, 628), (1850, 613)],
    '27': [(1837, 690), (1905, 742), (1915, 728), (1904, 719), (1849, 675)],
    '28': [(1734, 600), (1751, 581), (1757, 587), (1782, 559), (1812, 586), (1787, 614), (1839, 661), (1822, 680)],
    '29': [(1885, 415), (1873, 429), (1909, 459), (1868, 504), (1913, 544), (1933, 522), (1965, 486)],
    '30': [(1912, 583), (1923, 593), (1974, 539), (1963, 528)],
    '31': [(1790, 528), (1814, 550), (1833, 529), (1809, 508)],
    '32': [(1956, 409), (1957, 414), (1967, 422), (1974, 413), (1972, 411), (1974, 409), (1963, 400)],
    '33': [(1967, 423), (1981, 435), (1989, 424), (1976, 413)],
    '34': [(1538, 1175), (1523, 1162), (1533, 1151), (1548, 1164)],
    '35': [(1663, 1108), (1736, 1166), (1748, 1151), (1715, 1125), (1752, 1079), (1718, 1053), (1683, 1097), (1676, 1091)],
    '36': [(1408, 203), (1416, 211), (1441, 184), (1433, 176)],
    '37': [(1284, 249), (1312, 274), (1330, 253), (1303, 228)],
    '38': [(1153, 136), (1165, 122), (1291, 234), (1278, 248), (1267, 238)],
    '39': [(1551, 1137), (1563, 1147), (1588, 1117), (1588, 1111), (1569, 1094), (1558, 1107), (1565, 1113), (1556, 1125), (1559, 1128)],
    '40': [(1534, 1146), (1541, 1152), (1540, 1153), (1548, 1160), (1554, 1153), (1552, 1151), (1554, 1148), (1545, 1139), (1542, 1142), (1539, 1140)],
    '41': [(1496, 1038), (1517, 1057), (1517, 1063), (1511, 1071), (1510, 1072), (1509, 1071), (1510, 1069), (1495, 1056), (1493, 1058), (1485, 1051)],
    '42': [(878, 518), (873, 524), (882, 532), (874, 534), (886, 554), (901, 571), (900, 576), (922, 594), (914, 606), (924, 616), (925, 625), (938, 637), (968, 599), (961, 593), (966, 587), (943, 569), (919, 550)],
    '43': [(410, 310), (426, 322), (421, 353), (440, 356), (444, 329), (451, 327), (476, 320), (471, 301), (442, 309), (422, 294)],
    '44': [(431, 381), (449, 399), (443, 429), (459, 432), (463, 415), (466, 402), (497, 395), (493, 379), (464, 385), (460, 381), (445, 366)],
    '45': [(1117, 980), (1163, 933), (1166, 878), (1145, 873), (1136, 914), (1135, 916), (1134, 918), (1132, 920), (1130, 922), (1127, 924), (1123, 925), (1119, 926), (1115, 925), (1112, 924), (1108, 923), (1105, 920), (1103, 918), (1100, 914), (1099, 909), (1093, 849), (1094, 844), (1095, 839), (1096, 834), (1099, 830), (1102, 826), (1106, 822), (1111, 820), (1116, 819), (1120, 819), (1125, 820), (1130, 821), (1133, 823), (1136, 826), (1138, 829), (1140, 833), (1168, 803), (1136, 774), (1081, 833), (1054, 862), (1057, 867), (1055, 868), (1054, 870), (1053, 872), (1053, 874), (1053, 875), (1053, 879), (1054, 882), (1069, 913), (1072, 913), (1080, 914), (1082, 915), (1083, 916)],
    '46': [(621, 351), (640, 389), (633, 392), (646, 420), (654, 416), (675, 457), (705, 441), (699, 409), (687, 401), (671, 409), (658, 381), (672, 374), (673, 359), (652, 335)],
    '47': [(1917, 1309), (1929, 1321), (1946, 1332), (1958, 1338), (1970, 1346), (1985, 1361), (1997, 1376), (2006, 1385), (2017, 1389), (2029, 1375), (1999, 1351), (1987, 1343), (1985, 1345), (1961, 1326), (1959, 1324), (1943, 1310), (1942, 1312), (1940, 1314), (1923, 1300)],
    '48': [(1925, 1298), (1936, 1285), (1971, 1314), (1961, 1326), (1943, 1310), (1942, 1312)],
    '49': [(1939, 1261), (1989, 1300), (2004, 1281), (1954, 1242)],
    '50': [(480, 651), (480, 658), (574, 744), (603, 769), (666, 695), (660, 681), (651, 673), (632, 636), (585, 551), (575, 550)],
    '51': [(996, 1220), (1004, 1226), (1001, 1228), (1006, 1238), (1004, 1239), (1014, 1259), (1028, 1252), (1018, 1233), (1042, 1221), (1037, 1212), (1034, 1214), (1029, 1209), (1043, 1195), (1031, 1183)],
    '52': [(491, 1893), (490, 1884), (490, 1875), (492, 1871), (495, 1868), (496, 1864), (497, 1855), (494, 1849), (489, 1851), (485, 1845), (479, 1840), (472, 1838), (467, 1838), (460, 1838), (454, 1841), (449, 1847), (448, 1850), (447, 1855), (449, 1860), (450, 1863), (454, 1866), (458, 1870), (461, 1872), (464, 1873), (465, 1895), (439, 1908), (447, 1923), (450, 1922), (454, 1930), (453, 1931), (456, 1935), (452, 1940), (473, 1957), (478, 1951), (483, 1956), (512, 1918), (508, 1915), (511, 1911), (493, 1897)],
    '53': [(1569, 840), (1632, 892), (1650, 869), (1597, 826), (1588, 817)],
    '54': [(1861, 873), (1881, 888), (1912, 847), (1945, 872), (1962, 850), (1908, 810)],
    '55': [(1838, 899), (1892, 942), (1910, 920), (1856, 876)],
    '56': [(1813, 930), (1855, 962), (1871, 941), (1829, 909)],
    '57': [(1787, 989), (1803, 969), (1840, 1000), (1824, 1020)],
    '58': [(1818, 1040), (1760, 991), (1726, 1031), (1783, 1080)],
    '59': [(1758, 1148), (1785, 1172), (1827, 1124), (1799, 1101)],
    '60': [(1812, 1178), (1830, 1193), (1857, 1163), (1838, 1147)],
    '61': [(1963, 875), (1989, 897), (1977, 911), (1966, 901), (1945, 926), (1931, 914)],
    '62': [(1880, 1006), (1917, 1036), (1891, 1069), (1876, 1057), (1894, 1034), (1872, 1017)],
    '63': [(1918, 961), (1933, 972), (1941, 960), (1954, 969), (1925, 1008), (1914, 1000), (1926, 983), (1911, 971)],
    '64': [(1882, 1086), (1898, 1097), (1887, 1113), (1871, 1102)],
    '65': [(1857, 1049), (1866, 1057), (1849, 1078), (1848, 1084), (1867, 1099), (1858, 1109), (1846, 1094), (1843, 1083), (1841, 1068)],
    '66': [(1889, 1079), (1904, 1091), (1919, 1071), (1927, 1077), (1945, 1057), (1922, 1037)],
    '67': [(1964, 1069), (2002, 1097), (1934, 1179), (1894, 1148)],
    '68': [(1424, 294), (1409, 310), (1449, 345), (1463, 330)],
    '69': [(1468, 363), (1454, 379), (1497, 418), (1512, 402)],
    '70': [(1552, 404), (1537, 420), (1580, 459), (1594, 443)],
    '71': [(1512, 1296), (1529, 1310), (1537, 1301), (1559, 1319), (1551, 1330), (1539, 1320), (1536, 1317), (1526, 1329), (1501, 1309)],
    '72': [(1500, 1347), (1533, 1377), (1557, 1351), (1590, 1380), (1568, 1404), (1544, 1384), (1533, 1397), (1539, 1402), (1526, 1417), (1478, 1376), (1487, 1366), (1496, 1373), (1506, 1362), (1495, 1352)],
    '73': [(1593, 1344), (1585, 1352), (1599, 1365), (1607, 1356)],
    '74': [(1622, 1378), (1595, 1411), (1607, 1420), (1599, 1429), (1589, 1420), (1582, 1425), (1593, 1433), (1584, 1444), (1581, 1441), (1560, 1466), (1578, 1481), (1601, 1453), (1615, 1464), (1594, 1489), (1613, 1505), (1637, 1475), (1647, 1482), (1625, 1509), (1636, 1518), (1663, 1485), (1672, 1492), (1679, 1484), (1611, 1430), (1641, 1394)],
    '75': [(1904, 1746), (1953, 1776), (1962, 1763), (1912, 1736)],
    '76': [(1863, 1774), (1924, 1823), (1935, 1814), (1872, 1762)],
    '77': [(1830, 1813), (1865, 1842), (1874, 1834), (1838, 1803)],
    '78': [(1872, 1845), (1909, 1874), (1916, 1866), (1919, 1869), (1935, 1852), (1924, 1841), (1911, 1856), (1881, 1834)],
    '79': [(1751, 1803), (1802, 1848), (1811, 1838), (1759, 1793)],
    '80': [(1816, 1858), (1861, 1895), (1868, 1886), (1823, 1849)],
    '81': [(1742, 1938), (1759, 1964), (1769, 1958), (1754, 1932)],
    '82': [(1656, 1953), (1684, 1955), (1685, 1937), (1658, 1935)],
    '83': [(1636, 1911), (1660, 1913), (1662, 1895), (1638, 1893)],
    '84': [(1663, 1880), (1686, 1881), (1688, 1863), (1663, 1862)],
    '85': [(1699, 1892), (1720, 1909), (1738, 1927), (1748, 1920), (1728, 1901), (1707, 1883)],
    '86': [(1715, 1843), (1769, 1888), (1779, 1876), (1726, 1830)],
    '87': [(1781, 1903), (1827, 1940), (1838, 1926), (1793, 1889)],
    '88': [(1628, 1633), (1644, 1649), (1652, 1640), (1637, 1624)],
    '89': [(1656, 1657), (1676, 1673), (1684, 1664), (1664, 1648)],
    '90': [(1698, 1669), (1706, 1665), (1714, 1680), (1735, 1681), (1735, 1694), (1706, 1693), (1706, 1684)],
    '91': [(1648, 1587), (1653, 1577), (1671, 1587), (1690, 1579), (1696, 1594), (1668, 1606), (1663, 1595)],
    '92': [(1688, 1536), (1699, 1564), (1729, 1552), (1724, 1539), (1705, 1547), (1699, 1532)],
    '93': [(1727, 1491), (1740, 1518), (1772, 1502), (1766, 1490), (1745, 1500), (1739, 1485)],
    '94': [(1794, 1544), (1806, 1569), (1830, 1558), (1824, 1546), (1809, 1552), (1803, 1540)],
    '95': [(1784, 1591), (1785, 1616), (1813, 1614), (1812, 1602), (1795, 1603), (1795, 1591)],
    '96': [(1768, 1641), (1774, 1647), (1764, 1658), (1762, 1668), (1739, 1665), (1740, 1652), (1754, 1654)],
    '97': [(1377, 1489), (1402, 1498), (1414, 1471), (1404, 1468), (1399, 1478), (1384, 1472)],
    '98': [(1460, 1418), (1469, 1422), (1458, 1449), (1433, 1438), (1441, 1420), (1456, 1427)],
    '99': [(1440, 1516), (1439, 1544), (1410, 1542), (1411, 1525), (1429, 1526), (1430, 1516)],
    '100': [(1458, 1573), (1451, 1593), (1479, 1603), (1486, 1582)],
    '101': [(1487, 1628), (1483, 1648), (1511, 1655), (1516, 1635)],
    '102': [(1603, 1518), (1585, 1561), (1599, 1567), (1617, 1524)],
    '103': [(1537, 1452), (1517, 1505), (1499, 1499), (1503, 1489), (1498, 1487), (1494, 1497), (1480, 1491), (1490, 1467), (1516, 1477), (1526, 1449)],
    '104': [(1575, 1871), (1588, 1897), (1592, 1892), (1619, 1861), (1609, 1853), (1604, 1860), (1599, 1855), (1589, 1867), (1582, 1862)],
    '105': [(1571, 1863), (1589, 1844), (1578, 1835), (1570, 1842), (1559, 1830), (1553, 1835)],
    '106': [(1578, 1799), (1589, 1809), (1606, 1789), (1593, 1779)],
    '107': [(1598, 1825), (1629, 1851), (1652, 1824), (1640, 1814), (1634, 1819), (1624, 1810), (1613, 1823), (1605, 1816)],
    '108': [(1648, 1804), (1650, 1806), (1648, 1813), (1657, 1819), (1670, 1802), (1670, 1794), (1660, 1786)],
    '109': [(1632, 1793), (1642, 1801), (1656, 1784), (1647, 1776)],
    '110': [(1616, 1783), (1626, 1791), (1630, 1787), (1633, 1790), (1645, 1775), (1635, 1767), (1624, 1781), (1620, 1778)],
    '111': [(1605, 1772), (1599, 1766), (1615, 1749), (1628, 1761), (1616, 1775), (1613, 1772), (1619, 1765), (1614, 1761)],
    '112': [(1631, 1733), (1643, 1742), (1639, 1747), (1645, 1752), (1666, 1726), (1647, 1712)],
    '113': [(1672, 1771), (1650, 1754), (1676, 1721), (1704, 1743), (1701, 1747), (1710, 1753), (1698, 1768), (1684, 1757)],
    '114': [(1813, 1796), (1814, 1798), (1834, 1773), (1833, 1772)],
    '115': [(1833, 1769), (1818, 1758), (1820, 1756), (1834, 1767)],
    '116': [(1807, 1749), (1809, 1747), (1790, 1734), (1788, 1736)],
    '117': [(1797, 1707), (1806, 1714), (1801, 1719), (1814, 1729), (1820, 1723), (1835, 1735), (1829, 1741), (1841, 1751), (1849, 1742), (1860, 1752), (1848, 1769), (1786, 1721)],
    '118': [(1820, 1752), (1814, 1746), (1810, 1752), (1816, 1757)],
    '119': [(1815, 1676), (1834, 1690), (1825, 1701), (1827, 1703), (1816, 1719), (1797, 1704), (1807, 1691), (1804, 1688)],
    '120': [(1846, 1695), (1842, 1701), (1836, 1709), (1841, 1713), (1828, 1729), (1835, 1734), (1847, 1718), (1873, 1738), (1884, 1723)],
    '121': [(1866, 1612), (1883, 1624), (1862, 1651), (1845, 1638), (1844, 1637)],
    '122': [(1926, 1598), (1941, 1609), (1932, 1621), (1941, 1627), (1951, 1614), (1964, 1624), (1948, 1646), (1929, 1631), (1932, 1628), (1927, 1624), (1909, 1647), (1923, 1657), (1930, 1647), (1941, 1655), (1923, 1678), (1887, 1651), (1896, 1639), (1899, 1641), (1903, 1636), (1899, 1633)],
    '123': [(1880, 1631), (1893, 1640), (1898, 1633), (1885, 1624)],
    '124': [(1877, 1657), (1894, 1671), (1892, 1673), (1875, 1659)],
    '125': [(1917, 1688), (1915, 1690), (1904, 1683), (1906, 1680)],
    '126': [(1898, 1671), (1904, 1677), (1900, 1681), (1894, 1675)],
    '127': [(1836, 1708), (1842, 1700), (1834, 1694), (1828, 1701)],
    '128': [(1587, 371), (1603, 384), (1609, 377), (1610, 356), (1604, 350), (1588, 366)],
    '129': [(922, 594), (943, 569), (919, 550), (901, 571), (900, 576)],
    '130': [(878, 518), (919, 550), (901, 571), (886, 554), (874, 534), (882, 532), (873, 524)],
    '131': [(754, 1549), (781, 1574), (822, 1531), (795, 1506)],
    '132': [(807, 1478), (826, 1494), (808, 1515), (789, 1498)],
    '133': [(911, 1479), (971, 1541), (950, 1562), (889, 1500)],
    '134': [(839, 1663), (795, 1620), (722, 1695), (766, 1738)],
    '135': [(771, 1812), (819, 1855), (873, 1795), (825, 1752)],
    '136': [(839, 1892), (904, 1950), (883, 1973), (818, 1915)],
    '137': [(962, 1763), (970, 1758), (967, 1751), (998, 1734), (992, 1723), (1058, 1687), (1100, 1766), (1098, 1784), (1025, 1905), (1011, 1897), (1059, 1817), (1055, 1811), (1046, 1816), (1049, 1821), (1013, 1842), (1000, 1821), (994, 1824), (984, 1805), (966, 1814), (954, 1790), (972, 1781)],
    '138': [(301, 1149), (309, 1159), (323, 1155), (325, 1166), (311, 1168), (310, 1179), (299, 1177), (303, 1163), (295, 1156)],
    '139': [(349, 1187), (379, 1210), (401, 1212), (400, 1222), (381, 1221), (380, 1236), (373, 1235), (373, 1219), (341, 1196)],
    '140': [(305, 1293), (312, 1301), (348, 1268), (341, 1259)],
    '141': [(253, 1327), (257, 1323), (268, 1330), (289, 1305), (298, 1314), (276, 1336), (276, 1352), (263, 1353), (262, 1337)],
    '142': [(193, 1266), (205, 1279), (204, 1295), (218, 1295), (219, 1275), (240, 1253), (231, 1245), (209, 1266), (201, 1258)],
    '143': [(249, 1221), (260, 1232), (293, 1197), (282, 1186)],
    '144': [(447, 1287), (435, 1278), (430, 1285), (443, 1295), (442, 1307), (452, 1309), (451, 1295), (461, 1290), (459, 1280)],
    '145': [(479, 1311), (517, 1344), (529, 1339), (534, 1350), (520, 1355), (518, 1367), (506, 1365), (509, 1354), (471, 1321)],
    '146': [(446, 1433), (479, 1401), (470, 1392), (437, 1424)],
    '147': [(401, 1483), (413, 1482), (411, 1462), (426, 1448), (419, 1441), (401, 1458), (389, 1451), (384, 1457), (397, 1467)],
    '148': [(380, 1355), (414, 1318), (427, 1330), (393, 1367)],
    '149': [(332, 1391), (341, 1401), (366, 1381), (371, 1387), (349, 1404), (350, 1422), (334, 1422), (334, 1408), (325, 1397)],
    '150': [(563, 1393), (573, 1401), (582, 1393), (588, 1400), (578, 1407), (576, 1417), (566, 1415), (567, 1406), (559, 1400)],
    '151': [(605, 1439), (614, 1447), (625, 1441), (627, 1449), (618, 1452), (617, 1460), (608, 1460), (607, 1451), (598, 1445)],
    '152': [(544, 1515), (555, 1524), (587, 1491), (577, 1482)],
    '153': [(474, 1530), (480, 1520), (504, 1540), (497, 1549)],
    '154': [(507, 1558), (508, 1568), (521, 1569), (519, 1556), (541, 1534), (533, 1527), (511, 1549)],
    '155': [(721, 1213), (778, 1269), (772, 1275), (742, 1247), (727, 1262), (757, 1292), (748, 1301), (692, 1246), (702, 1235), (719, 1252), (732, 1239), (714, 1221)],
    '156': [(446, 707), (468, 723), (484, 714), (492, 723), (477, 730), (477, 743), (465, 743), (465, 731), (441, 714)],
    '157': [(511, 759), (533, 777), (547, 769), (552, 777), (537, 786), (538, 798), (525, 798), (525, 785), (504, 768)],
    '158': [(376, 792), (394, 811), (410, 804), (416, 816), (400, 823), (398, 838), (385, 836), (387, 821), (369, 805)],
    '159': [(433, 847), (454, 868), (471, 865), (472, 873), (456, 876), (458, 887), (447, 888), (446, 879), (423, 857)],
    '160': [(422, 792), (433, 801), (466, 764), (455, 755)],
    '161': [(591, 832), (615, 856), (629, 847), (633, 854), (622, 863), (621, 872), (610, 872), (609, 861), (586, 840)],
    '162': [(649, 887), (669, 907), (684, 898), (690, 907), (677, 917), (677, 926), (663, 926), (663, 917), (641, 894)],
    '163': [(504, 921), (527, 939), (547, 928), (553, 938), (536, 947), (535, 962), (524, 962), (521, 948), (497, 929)],
    '164': [(563, 980), (582, 1000), (582, 1014), (595, 1014), (595, 1002), (607, 991), (600, 983), (591, 992), (571, 972)],
    '165': [(552, 909), (563, 920), (594, 889), (583, 878)],
    '166': [(728, 960), (754, 986), (768, 977), (774, 984), (761, 994), (761, 1007), (748, 1007), (746, 994), (720, 967)],
    '167': [(782, 1012), (804, 1035), (818, 1030), (822, 1040), (808, 1045), (808, 1059), (795, 1058), (795, 1044), (773, 1020)],
    '168': [(684, 1031), (695, 1041), (725, 1017), (713, 1004)],
    '169': [(649, 1045), (669, 1065), (685, 1056), (691, 1066), (675, 1074), (674, 1085), (661, 1084), (662, 1074), (638, 1051)],
    '170': [(702, 1095), (727, 1119), (743, 1108), (752, 1119), (734, 1130), (734, 1141), (720, 1141), (719, 1127), (694, 1103)],
    '171': [(1181, 1844), (1202, 1884), (1209, 1880), (1219, 1890), (1235, 1872), (1214, 1849), (1206, 1832)],
    '172': [(1216, 1834), (1222, 1850), (1229, 1848), (1242, 1858), (1258, 1839), (1250, 1820)],
    '173': [(1180, 1842), (1198, 1832), (1197, 1829), (1218, 1821), (1210, 1795), (1191, 1792), (1168, 1820)],
    '174': [(1163, 1813), (1146, 1782), (1148, 1769), (1178, 1718), (1202, 1758), (1192, 1772), (1183, 1756), (1171, 1779), (1160, 1780), (1173, 1805)],
    '175': [(1253, 1811), (1270, 1824), (1293, 1798), (1295, 1791), (1293, 1784), (1264, 1732), (1255, 1751), (1258, 1753), (1244, 1764), (1252, 1776), (1266, 1764), (1261, 1775), (1260, 1783), (1263, 1792), (1265, 1798)],
    '176': [(1317, 1677), (1350, 1737), (1326, 1749), (1293, 1690)],
    '177': [(1201, 1592), (1229, 1576), (1214, 1549), (1186, 1565)],
    '178': [(1289, 1570), (1315, 1622), (1327, 1616), (1320, 1601), (1327, 1597), (1331, 1605), (1337, 1601), (1340, 1607), (1349, 1602), (1346, 1596), (1347, 1596), (1328, 1563), (1315, 1569), (1304, 1549), (1291, 1555), (1294, 1560), (1289, 1563)],
    '179': [(1790, 365), (1799, 373), (1741, 435), (1732, 426)],
    '180': [(1082, 521), (1072, 533), (1099, 556), (1109, 544)],
    '181': [(1444, 348), (1402, 308), (1422, 287), (1466, 329), (1477, 318), (1423, 267), (1383, 308), (1436, 357)],
    '182': [(1534, 424), (1524, 434), (1578, 483), (1615, 444), (1560, 394), (1553, 401), (1600, 444), (1580, 466)],
    '183': [(1484, 326), (1473, 337), (1520, 381), (1531, 369)],
    '184': [(1553, 331), (1545, 339), (1562, 355), (1583, 333), (1576, 326), (1563, 340)],
    '185': [(1915, 728), (1970, 663), (1959, 654), (1904, 719)],
    '186': [(621, 351), (640, 389), (658, 381), (672, 374), (673, 359), (652, 335)],
    '187': [(654, 416), (671, 409), (687, 401), (699, 409), (705, 441), (675, 457)],
    '188': [(922, 594), (914, 606), (924, 616), (925, 625), (938, 637), (968, 599), (961, 593), (966, 587), (943, 569)],
    '189': [(1956, 409), (1957, 414), (1967, 422), (1974, 413), (1972, 411), (1974, 409), (1963, 400)],
    '190': [(1967, 422), (1974, 413), (1972, 411), (1974, 409), (1963, 400), (1956, 409), (1957, 414)],
    '191': [(692, 712), (754, 684), (757, 689), (805, 788), (761, 811), (769, 828), (754, 835), (695, 718)],
    '192': [(695, 1607), (732, 1640), (714, 1659), (704, 1649), (687, 1668), (661, 1645)],
    '193': [(1962, 1040), (1928, 1013), (1942, 997), (1974, 1023)],
    '194': [(1575, 782), (1546, 815), (1530, 828), (1454, 903), (1518, 944), (1588, 864), (1566, 844), (1569, 840), (1588, 817), (1597, 826), (1607, 807), (1596, 798)],
    '195': [(1517, 1201), (1498, 1184), (1473, 1214), (1488, 1226), (1495, 1226)],
    '196': [(654, 820), (655, 822), (713, 874), (717, 876), (720, 878), (724, 879), (728, 878), (732, 877), (736, 875), (740, 872), (742, 869), (744, 864), (743, 858), (741, 853), (706, 785), (705, 781), (702, 778), (700, 776), (698, 776), (696, 777), (692, 782), (656, 816), (654, 818)],
    '197': [(311, 855), (273, 897), (305, 924), (307, 922), (338, 923), (340, 923), (368, 891), (367, 890), (356, 880), (349, 888)],
    '198': [(268, 785), (302, 816), (303, 819), (283, 841), (247, 808)],
    '199': [(591, 254), (607, 253), (625, 245), (606, 206), (600, 209), (600, 207), (524, 214), (525, 229), (531, 229), (531, 229), (535, 229), (535, 230), (554, 229), (554, 228), (554, 228), (554, 229), (572, 241), (574, 240), (578, 239), (581, 239), (584, 240), (587, 242), (589, 244), (590, 247), (591, 250)],
    '200': [(400, 261), (395, 261), (392, 264), (392, 269), (561, 253), (562, 253), (563, 253), (566, 249), (562, 246), (561, 248), (548, 238), (527, 239), (521, 245), (514, 239), (514, 240), (504, 241), (504, 240), (493, 240), (494, 242), (488, 242), (488, 241), (469, 242), (469, 244), (460, 245), (460, 243), (452, 244), (447, 252), (448, 253), (447, 254), (448, 255), (448, 255), (439, 249), (430, 254), (402, 263)],
    '201': [(965, 82), (991, 105), (990, 107), (988, 110), (992, 114), (994, 111), (996, 107), (998, 103), (999, 100), (1001, 99), (1003, 97), (1007, 96), (1030, 118), (1029, 121), (1027, 125), (1026, 129), (1025, 131), (1024, 133), (1022, 135), (1020, 136), (1018, 137), (1019, 138), (1019, 138), (1021, 138), (1023, 137), (1026, 135), (1029, 139), (1029, 136), (1029, 134), (1030, 132), (1031, 131), (1033, 130), (1034, 128), (1036, 128), (1038, 128), (1039, 128), (1041, 129), (1042, 130), (1044, 131), (1045, 133), (1046, 135), (1047, 136), (1047, 138), (1047, 141), (1046, 142), (1045, 144), (1044, 146), (1043, 147), (1042, 149), (1040, 151), (1039, 152), (1040, 153), (1041, 152), (1042, 152), (1043, 153), (1043, 154), (1043, 155), (1044, 160), (1043, 162), (1043, 164), (1027, 255), (1025, 255), (1024, 255), (1022, 254), (1021, 252), (1008, 242), (973, 211), (971, 208), (968, 206), (966, 205), (965, 205), (964, 204), (963, 202), (963, 201), (963, 200), (963, 198), (964, 197), (965, 196), (965, 196), (966, 194), (970, 183), (971, 180), (972, 178), (974, 177), (976, 176), (978, 176), (980, 177), (982, 178), (984, 179), (986, 179), (988, 179), (954, 147), (958, 142), (954, 138), (949, 143), (927, 124), (928, 123), (954, 93)],
    '202': [(996, 481), (1025, 504), (1014, 519), (984, 495)],
    '203': [(970, 476), (975, 469), (986, 478), (965, 506), (956, 499), (973, 478)],
    '204': [(948, 467), (959, 476), (957, 479), (964, 484), (957, 493), (952, 489), (950, 492), (947, 489), (942, 496), (941, 497), (937, 494), (937, 493), (943, 486), (938, 482), (940, 480), (935, 476), (942, 467), (945, 470)],
    '205': [(939, 466), (933, 474), (924, 467), (922, 468), (918, 465), (919, 463), (915, 460), (913, 461), (907, 457), (911, 452), (909, 451), (913, 446), (929, 458), (932, 455), (939, 460), (936, 464)],
    '206': [(900, 422), (887, 439), (879, 433), (884, 427), (881, 425), (885, 420), (887, 422), (892, 416)],
    '207': [(913, 445), (907, 453), (903, 450), (902, 452), (897, 448), (898, 446), (894, 443), (892, 445), (887, 441), (891, 436), (890, 435), (894, 431)],
    '208': [(990, 407), (986, 413), (989, 415), (984, 422), (992, 429), (1003, 416)],
    '209': [(984, 429), (979, 435), (983, 437), (977, 444), (986, 451), (996, 438)],
    '210': [(951, 452), (954, 454), (960, 446), (956, 443), (954, 445), (945, 439), (947, 436), (941, 432), (939, 435), (936, 432), (932, 437), (934, 439), (932, 442), (936, 445), (938, 442), (940, 444), (938, 447), (943, 451), (946, 447), (948, 449), (946, 452), (949, 455)],
    '211': [(922, 428), (925, 430), (931, 422), (927, 418), (924, 421), (916, 415), (918, 412), (912, 408), (910, 410), (906, 408), (903, 413), (905, 415), (903, 418), (907, 421), (909, 418), (911, 419), (909, 423), (914, 427), (917, 423), (919, 425), (917, 428), (920, 431)],
    '212': [(950, 397), (946, 401), (948, 403), (942, 411), (940, 409), (936, 414), (938, 416), (936, 419), (943, 424), (944, 423), (948, 426), (963, 407)],
    '213': [(968, 384), (973, 388), (971, 391), (979, 397), (980, 394), (985, 398), (979, 405), (976, 403), (974, 405), (978, 408), (976, 410), (968, 404), (972, 399), (969, 397), (968, 399), (970, 401), (968, 404), (960, 398), (962, 395), (965, 397), (966, 395), (963, 393), (959, 398), (956, 395), (960, 390), (958, 389), (962, 383), (966, 386)],
    '214': [(1081, 584), (1090, 591), (1094, 586), (1087, 581), (1099, 565), (1123, 584), (1111, 599), (1109, 597), (1099, 610), (1085, 598), (1086, 597), (1077, 590)],
    '215': [(1068, 583), (1073, 576), (1063, 567), (1067, 563), (1053, 552), (1066, 536), (1050, 523), (1026, 553), (1056, 577), (1058, 575)],
    '216': [(784, 244), (779, 246), (783, 256), (789, 253)],
    '217': [(794, 281), (797, 289), (806, 285), (802, 277)],
    '218': [(793, 286), (830, 348), (790, 358), (786, 359), (759, 312), (758, 309), (771, 304), (781, 301)],
    '219': [(785, 284), (787, 288), (795, 285), (793, 281)],
    '220': [(883, 193), (881, 197), (885, 199), (887, 200), (891, 203), (892, 204), (894, 207), (895, 210), (895, 212), (895, 217), (900, 217), (900, 213), (899, 209), (898, 205), (896, 202), (893, 199), (889, 196), (887, 195)],
    '221': [(835, 372), (836, 384), (805, 398), (804, 384), (816, 383)],
    '222': [(829, 410), (853, 399), (845, 381), (834, 385), (837, 391), (823, 397)],
    '223': [(1369, 684), (1367, 686), (1361, 692), (1368, 699), (1370, 701), (1378, 692)],
    '224': [(1365, 670), (1370, 671), (1369, 676), (1364, 674)],
    '225': [(1264, 675), (1263, 675), (1261, 676), (1259, 677), (1258, 678), (1257, 680), (1256, 681), (1256, 684), (1255, 686), (1256, 688), (1257, 689), (1258, 690), (1259, 691), (1261, 692), (1262, 692), (1263, 692), (1265, 691), (1267, 690), (1268, 689), (1269, 687), (1270, 686), (1270, 683), (1270, 681), (1270, 679), (1268, 677), (1267, 676), (1266, 676)],
    '226': [(1127, 299), (1127, 304), (1135, 305), (1136, 299)],
    '227': [(1246, 460), (1249, 461), (1250, 464), (1248, 467), (1244, 466), (1244, 463)],
    '228': [(1306, 368), (1308, 370), (1308, 374), (1305, 375), (1302, 373), (1302, 370)],
    '229': [(1149, 425), (1154, 424), (1155, 428), (1150, 430)],
    '230': [(315, 207), (352, 202), (353, 212), (315, 217)],
    '231': [(388, 226), (405, 224), (405, 226), (427, 223), (427, 226), (430, 225), (437, 239), (424, 245), (424, 244), (422, 245), (423, 248), (418, 252), (398, 258), (397, 256), (390, 259), (389, 253), (386, 254), (383, 235), (382, 235), (381, 228), (383, 227), (383, 226)],
    '232': [(440, 222), (441, 237), (450, 236), (450, 238), (460, 237), (459, 235), (469, 234), (469, 236), (478, 235), (478, 233), (493, 232), (493, 234), (506, 233), (506, 231), (521, 230), (520, 215), (505, 217), (505, 215), (492, 216), (492, 218), (478, 219), (478, 217), (469, 218), (469, 220), (461, 220), (461, 219), (453, 219), (453, 221)],
    '233': [(519, 372), (520, 369), (520, 367), (519, 364), (516, 353), (514, 347), (513, 341), (502, 342), (503, 345), (504, 347), (504, 351), (505, 354), (505, 357), (505, 359), (505, 362), (504, 366), (502, 370), (500, 373), (497, 376), (495, 378), (493, 379), (497, 395)],
    '234': [(497, 395), (481, 413), (463, 415), (466, 402)],
    '235': [(499, 292), (517, 302), (517, 303), (521, 302), (587, 296), (594, 288), (582, 278), (530, 283), (526, 286), (503, 288)],
    '236': [(1256, 1217), (1283, 1188), (1298, 1173), (1328, 1140), (1306, 1120), (1276, 1092), (1231, 1140), (1204, 1170), (1228, 1192)],
    '237': [(1218, 1196), (1228, 1203), (1242, 1229), (1233, 1239), (1212, 1199)],
    '238': [(1492, 1092), (1494, 1089), (1501, 1082), (1500, 1081), (1505, 1077), (1505, 1077), (1509, 1073), (1494, 1060), (1488, 1067), (1488, 1067), (1486, 1070), (1486, 1069), (1477, 1079)],
    '239': [(1475, 1112), (1488, 1096), (1482, 1091), (1479, 1088), (1477, 1090), (1471, 1085), (1469, 1088), (1467, 1086), (1462, 1092), (1465, 1094), (1461, 1099)],
    '240': [(1458, 1101), (1442, 1118), (1456, 1131), (1459, 1127), (1460, 1128), (1462, 1126), (1461, 1125), (1466, 1119), (1468, 1117), (1469, 1118), (1471, 1116), (1470, 1115), (1472, 1113)],
    '241': [(1453, 1136), (1446, 1130), (1434, 1119), (1431, 1123), (1429, 1122), (1427, 1125), (1428, 1126), (1421, 1135), (1431, 1143), (1432, 1142), (1441, 1150)],
    '242': [(313, 1480), (290, 1504), (317, 1531), (325, 1523), (309, 1507), (324, 1491)],
    '243': [(275, 1444), (264, 1457), (267, 1460), (257, 1471), (268, 1481), (256, 1493), (239, 1478), (231, 1488), (255, 1509), (251, 1514), (248, 1511), (237, 1524), (249, 1535), (263, 1519), (269, 1524), (262, 1532), (288, 1555), (307, 1534), (269, 1501), (277, 1493), (284, 1500), (296, 1487), (292, 1484), (304, 1471)],
    '244': [(1562, 1484), (1573, 1489), (1556, 1531), (1537, 1523), (1541, 1513), (1549, 1516)],
    '245': [(643, 808), (690, 761), (675, 729), (663, 740), (658, 735), (653, 742), (666, 754), (647, 773), (639, 766), (619, 785)],
    '246': [(606, 772), (663, 704), (672, 721), (658, 735), (657, 737), (653, 742), (616, 781)],
    '247': [(768, 635), (803, 618), (817, 643), (811, 646), (815, 653), (809, 655), (821, 680), (856, 712), (841, 729), (839, 727), (833, 734), (804, 710), (817, 694), (807, 687), (791, 694), (779, 670), (783, 667)],
    '248': [(1773, 1402), (1766, 1398), (1764, 1400), (1756, 1394), (1750, 1403), (1758, 1408), (1759, 1407), (1761, 1408), (1760, 1410), (1765, 1413)],
    '249': [(818, 1424), (801, 1443), (861, 1498), (878, 1480), (863, 1466)],
    '250': [(883, 1385), (868, 1402), (897, 1459), (914, 1440)],
    '251': [(879, 1386), (878, 1387), (859, 1407), (849, 1398), (862, 1384), (862, 1384), (861, 1382), (862, 1381), (863, 1381), (864, 1380), (866, 1380), (877, 1384)],
    '252': [(375, 1899), (364, 1911), (440, 1970), (446, 1963), (438, 1956), (440, 1951), (435, 1942), (431, 1946), (418, 1932), (383, 1904)],
    '253': [(1268, 1301), (1284, 1329), (1304, 1318), (1289, 1289)],
    '254': [(1289, 1339), (1305, 1367), (1326, 1355), (1310, 1327)],
    '255': [(1252, 1273), (1266, 1298), (1290, 1284), (1272, 1252), (1260, 1259), (1265, 1266)],
    '256': [(1320, 1393), (1307, 1370), (1330, 1357), (1349, 1389), (1337, 1395), (1333, 1397), (1328, 1397), (1324, 1397)],
    '257': [(1280, 1245), (1310, 1297), (1316, 1308), (1325, 1298), (1345, 1276), (1294, 1229)],
    '258': [(1340, 1301), (1370, 1328), (1345, 1355), (1349, 1359), (1346, 1363), (1361, 1376), (1395, 1339), (1404, 1328), (1355, 1285)],
    '259': [(1369, 1265), (1399, 1290), (1408, 1280), (1380, 1255), (1389, 1245), (1433, 1286), (1432, 1295), (1412, 1319), (1361, 1274)],
    '260': [(1394, 1237), (1400, 1230), (1410, 1219), (1420, 1227), (1433, 1212), (1469, 1245), (1470, 1249), (1449, 1276), (1439, 1278)],
    '261': [(1331, 1180), (1380, 1225), (1405, 1198), (1356, 1154)],
    '262': [(1297, 1217), (1349, 1264), (1371, 1240), (1319, 1193)],
}
