BUILDING_POLY = {
    '00': [(1152, 343), (1131, 386), (1124, 399), (1135, 405), (1051, 551), (989, 656), (981, 671), (940, 649), (927, 672), (948, 683), (920, 734), (800, 667), (677, 598), (697, 569), (653, 546), (634, 576), (494, 493), (672, 178), (762, 156)],
    '01': [(1474, 559), (1440, 616), (1301, 532), (1344, 459), (1417, 498), (1436, 463), (1597, 556), (1639, 581), (1607, 635)],
    '02': [(389, 1462), (400, 1468), (398, 1472), (423, 1486), (426, 1481), (437, 1487), (484, 1404), (535, 1433), (488, 1516), (501, 1524), (498, 1529), (525, 1545), (528, 1541), (536, 1546), (589, 1453), (577, 1447), (581, 1441), (591, 1447), (596, 1438), (576, 1427), (580, 1421), (540, 1399), (537, 1403), (510, 1388), (513, 1383), (471, 1359), (469, 1362), (450, 1351), (445, 1360), (453, 1364), (449, 1370), (443, 1367)],
    '03': [(526, 1160), (631, 983), (654, 997), (664, 980), (779, 1049), (750, 1098), (736, 1091), (674, 1197), (664, 1192), (655, 1208), (679, 1220), (650, 1267), (533, 1201), (551, 1174)],
    '04': [(1056, 988), (1021, 1047), (1055, 1067), (1051, 1074), (1084, 1094), (1087, 1090), (1250, 1186), (1249, 1189), (1281, 1208), (1287, 1198), (1323, 1219), (1357, 1163), (1287, 1122), (1281, 1133), (1235, 1106), (1267, 1051), (1203, 1013), (1170, 1068), (1116, 1037), (1122, 1027)],
    '05': [(1590, 1389), (1558, 1445), (1573, 1468), (1668, 1522), (1690, 1519), (1719, 1468), (1712, 1443), (1619, 1391)],
    '06': [(1800, 844), (1770, 896), (1783, 945), (1756, 991), (1762, 1011), (1734, 1026), (1713, 1037), (1710, 1046), (1712, 1053), (1719, 1057), (1718, 1075), (1702, 1098), (1724, 1112), (1736, 1133), (1735, 1162), (1727, 1179), (1727, 1200), (1726, 1217), (1779, 1233), (1802, 1223), (1851, 1125), (1885, 1129), (1901, 1098), (1861, 994), (1909, 910), (1851, 876), (1861, 857), (1843, 846), (1833, 862)],
    '07': [(1983, 821), (2035, 857), (2109, 725), (2134, 677), (1872, 547), (1868, 556), (1833, 635), (2033, 731), (2022, 752)],
    '08': [(1007, 1751), (977, 1808), (1043, 1843), (1050, 1835), (1063, 1843), (1059, 1852), (1146, 1899), (1155, 1885), (1161, 1889), (1186, 1847), (1176, 1841), (1179, 1835), (1154, 1824), (1152, 1830), (1142, 1824), (1136, 1810), (1122, 1814), (1090, 1796), (1086, 1802), (1077, 1798), (1073, 1804), (1069, 1802), (1075, 1789)],
    '09': [(156, 256), (140, 285), (133, 281), (88, 364), (116, 378), (156, 303), (190, 322), (168, 363), (196, 378), (222, 330), (212, 325), (229, 294)],
    '10': [(240, 286), (257, 258), (226, 239), (208, 266)],
    '11': [(289, 272), (456, 370), (495, 304), (550, 337), (477, 460), (255, 329)],
    '12': [(1116, 776), (1322, 438), (1240, 391), (1134, 577), (1036, 730)],
    '13': [(120, 1153), (137, 1130), (213, 1179), (161, 1259), (125, 1237), (148, 1202), (133, 1192), (147, 1171)],
    '14': [(1291, 550), (1267, 590), (1308, 615), (1331, 574)],
    '15': [(1339, 798), (1407, 838), (1439, 785), (1482, 715), (1469, 707), (1413, 675), (1351, 778)],
    '16': [(1204, 696), (1188, 722), (1167, 757), (1149, 787), (1306, 881), (1461, 975), (1553, 821), (1664, 636), (1655, 631), (1672, 602), (1639, 582), (1552, 731), (1483, 844), (1454, 893), (1395, 859), (1407, 838), (1339, 798), (1334, 806), (1325, 819), (1288, 797), (1311, 757)],
    '17': [(1484, 1532), (1617, 1612), (1654, 1555), (1522, 1474)],
    '18': [(1600, 1604), (1631, 1621), (1544, 1774), (1529, 1765), (1486, 1835), (1356, 1752), (1397, 1686), (1513, 1755)],
    '19': [(1597, 1347), (1647, 1374), (1697, 1280), (1649, 1253)],
    '20': [(1915, 927), (1966, 955), (1913, 1050), (1907, 1047), (1883, 978)],
    '21': [(1019, 767), (996, 810), (1025, 826), (1040, 797), (1048, 782)],
    '22': [(1494, 697), (1482, 715), (1439, 785), (1462, 798), (1447, 825), (1483, 844), (1552, 731)],
    '23': [(861, 1720), (866, 1742), (888, 1737), (883, 1716)],
    '24': [(330, 544), (563, 661), (551, 686), (304, 561)],
}
