BUILDING_POLY = {
    '00': [(1195, 1258), (1249, 1388), (1101, 1449), (1047, 1320)],
    '01': [(834, 118), (836, 134), (848, 133), (877, 342), (845, 330), (834, 250), (748, 262), (730, 132)],
    '02': [(1285, 888), (1283, 911), (1260, 911), (1239, 916), (1231, 935), (1212, 948), (1194, 966), (1228, 993), (1232, 989), (1245, 982), (1257, 979), (1269, 980), (1282, 984), (1293, 992), (1303, 1003), (1308, 1019), (1308, 1035), (1302, 1050), (1291, 1062), (1284, 1066), (1309, 1125), (1342, 1104), (1366, 1076), (1377, 1083), (1389, 1052), (1394, 1018), (1377, 1018), (1374, 998), (1369, 977), (1355, 949), (1334, 928), (1345, 909), (1320, 897)],
    '03': [(1155, 1485), (1229, 1457), (1237, 1478), (1294, 1456), (1320, 1523), (1258, 1546), (1280, 1602), (1297, 1648), (1226, 1674), (1161, 1500)],
    '04': [(1308, 1907), (1304, 1963), (1450, 1973), (1460, 1827), (1447, 1826), (1447, 1819), (1380, 1815), (1377, 1854), (1427, 1858), (1423, 1915)],
    '05': [(1190, 1902), (1250, 1905), (1248, 1966), (1188, 1963)],
    '06': [(1269, 1709), (1324, 1734), (1348, 1681), (1334, 1675), (1371, 1659), (1357, 1627), (1343, 1615), (1321, 1608), (1312, 1601), (1307, 1589), (1280, 1602), (1297, 1648)],
    '07': [(1452, 1544), (1460, 1560), (1466, 1574), (1458, 1578), (1464, 1593), (1523, 1568), (1534, 1596), (1559, 1656), (1518, 1673), (1527, 1696), (1567, 1680), (1607, 1663), (1560, 1550), (1575, 1544), (1581, 1525), (1575, 1515), (1565, 1507), (1551, 1507), (1528, 1517), (1525, 1511)],
    '08': [(985, 1570), (1091, 1529), (1109, 1574), (1163, 1713), (1134, 1724), (1081, 1585), (1030, 1604), (1053, 1663), (1025, 1673)],
    '09': [(1140, 1766), (1194, 1742), (1203, 1760), (1191, 1766), (1198, 1782), (1168, 1795), (1160, 1778), (1148, 1784)],
    '10': [(1145, 1916), (1149, 1858), (1163, 1859), (1167, 1810), (1139, 1807), (1135, 1852), (1119, 1851), (1114, 1913)],
    '11': [(1326, 1284), (1346, 1333), (1403, 1310), (1434, 1386), (1378, 1409), (1399, 1458), (1490, 1422), (1469, 1371), (1462, 1374), (1431, 1297), (1443, 1293), (1424, 1244)],
    '12': [(1265, 1171), (1376, 1125), (1391, 1161), (1376, 1167), (1401, 1226), (1368, 1240), (1346, 1187), (1300, 1206), (1296, 1197), (1279, 1205)],
    '13': [(1036, 944), (1004, 956), (974, 879), (899, 907), (880, 859), (987, 818)],
    '14': [(938, 1028), (1037, 988), (1054, 1028), (1041, 1033), (1070, 1103), (1077, 1120), (1093, 1118), (1110, 1159), (1004, 1202), (986, 1158), (1057, 1129), (1049, 1111), (1012, 1126), (995, 1085), (1031, 1070), (1020, 1046), (956, 1072)],
    '15': [(718, 294), (762, 283), (780, 359), (737, 369)],
    '16': [(615, 150), (722, 136), (727, 178), (620, 192)],
    '17': [(626, 237), (734, 221), (740, 264), (632, 279)],
    '18': [(870, 1787), (943, 1719), (1023, 1765), (978, 1842), (1011, 1860), (994, 1889), (932, 1853)],
    '19': [(827, 1278), (891, 1256), (904, 1293), (893, 1297), (897, 1310), (869, 1320), (886, 1370), (862, 1378)],
    '20': [(778, 1218), (817, 1189), (807, 1175), (830, 1159), (860, 1199), (835, 1218), (832, 1213), (795, 1241)],
    '21': [(910, 95), (976, 82), (992, 161), (926, 174)],
    '22': [(801, 1427), (860, 1424), (866, 1540), (806, 1543)],
    '23': [(1081, 1585), (1109, 1574), (1163, 1713), (1134, 1724)],
}
