BUILDING_POLY = {
    '00': [(1450, 878), (1441, 878), (1442, 856), (1452, 856), (1453, 849), (1575, 850), (1574, 893), (1561, 892), (1561, 900), (1587, 900), (1587, 940), (1537, 939), (1537, 900), (1552, 900), (1552, 892), (1456, 891), (1456, 928), (1449, 928)],
    '01': [(802, 503), (822, 503), (821, 544), (828, 544), (827, 567), (820, 567), (820, 572), (801, 572), (801, 571), (786, 570), (786, 552), (801, 552)],
    '02': [(882, 202), (883, 163), (1038, 167), (1037, 206), (919, 203), (918, 231), (911, 231), (911, 203)],
    '03': [(919, 645), (1002, 646), (1001, 737), (918, 736)],
    '04': [(883, 352), (923, 353), (920, 465), (880, 464)],
    '05': [(1456, 1019), (1540, 1020), (1540, 1061), (1455, 1060)],
    '06': [(1242, 962), (1286, 963), (1286, 1027), (1241, 1026), (1241, 991), (1101, 989), (1102, 950), (1242, 952)],
    '07': [(1079, 1400), (1075, 1476), (948, 1470), (951, 1394)],
    '08': [(625, 805), (655, 804), (655, 845), (626, 845)],
    '09': [(922, 231), (921, 243), (932, 243), (933, 244), (935, 248), (935, 251), (933, 253), (931, 253), (922, 253), (921, 269), (814, 267), (814, 230), (911, 231), (918, 231)],
    '10': [(1094, 1109), (1096, 1150), (1215, 1154), (1222, 1198), (1244, 1196), (1241, 1154), (1231, 1148), (1229, 1112)],
    '11': [(1297, 1151), (1297, 1196), (1448, 1199), (1450, 1119), (1413, 1119), (1412, 1154)],
    '12': [(1956, 943), (1953, 1014), (2068, 1018), (2071, 947)],
    '13': [(1660, 969), (1662, 1034), (1905, 1044), (1904, 976)],
    '14': [(1596, 820), (1744, 822), (1745, 770), (1610, 767), (1609, 783), (1596, 782)],
    '15': [(1603, 734), (1585, 732), (1585, 762), (1628, 760), (1631, 734), (1750, 737), (1749, 696), (1591, 692), (1591, 709), (1606, 708)],
    '16': [(880, 1436), (881, 1485), (867, 1485), (869, 1547), (900, 1549), (900, 1436)],
    '17': [(1857, 752), (1859, 804), (1947, 805), (1950, 828), (2012, 830), (2011, 788), (2023, 777), (2021, 755), (2007, 747), (1994, 758), (1934, 755)],
    '18': [(1481, 1368), (1482, 1425), (1654, 1425), (1654, 1386), (1637, 1384), (1638, 1365), (1605, 1366), (1599, 1353), (1584, 1352), (1575, 1365)],
    '19': [(1128, 1349), (1128, 1372), (1120, 1372), (1121, 1401), (1235, 1402), (1235, 1345), (1187, 1345), (1187, 1351)],
    '20': [(1227, 1449), (1222, 1495), (1275, 1501), (1279, 1454)],
    '21': [(1390, 1588), (1384, 1635), (1376, 1634), (1375, 1686), (1382, 1685), (1385, 1732), (1410, 1732), (1406, 1661), (1414, 1589)],
    '22': [(734, 1488), (735, 1515), (746, 1515), (747, 1533), (848, 1534), (847, 1511), (854, 1512), (855, 1489)],
    '23': [(843, 1209), (846, 1265), (910, 1267), (912, 1278), (933, 1278), (934, 1267), (994, 1272), (997, 1217)],
    '24': [(864, 1099), (863, 1144), (962, 1152), (962, 1138), (976, 1123), (963, 1123), (963, 1115), (956, 1115), (955, 1104)],
    '25': [(811, 1366), (814, 1404), (894, 1405), (891, 1366)],
    '26': [(1096, 699), (1094, 753), (1146, 754), (1146, 745), (1293, 748), (1293, 738), (1304, 738), (1304, 754), (1355, 755), (1354, 795), (1401, 796), (1403, 712), (1317, 710), (1316, 721), (1294, 720), (1294, 704), (1149, 701), (1148, 715), (1134, 715), (1135, 700)],
    '27': [(736, 1134), (736, 1279), (815, 1282), (824, 1178), (839, 1175), (837, 1134)],
    '28': [(1190, 82), (1190, 190), (1252, 190), (1252, 82)],
    '29': [(922, 879), (923, 894), (908, 894), (909, 979), (1036, 981), (1032, 934), (1009, 930), (1009, 910), (996, 896), (971, 894), (972, 875), (965, 869), (958, 873), (957, 881)],
    '30': [(1456, 928), (1479, 928), (1479, 964), (1354, 963), (1354, 945), (1354, 927), (1449, 928)],
    '31': [(461, 1393), (520, 1394), (521, 1425), (684, 1423), (682, 1371), (628, 1370), (628, 1358), (462, 1356)],
    '32': [(217, 1578), (308, 1577), (306, 1534), (184, 1535), (192, 1685), (310, 1683), (307, 1644), (220, 1644)],
    '33': [(353, 1563), (356, 1627), (351, 1633), (344, 1634), (348, 1670), (380, 1669), (379, 1649), (386, 1649), (381, 1561)],
    '34': [(1937, 605), (1815, 604), (1815, 618), (1761, 617), (1761, 609), (1751, 609), (1751, 647), (1816, 647), (1816, 665), (1853, 665), (1853, 639), (1937, 639)],
    '35': [(1280, 89), (1280, 133), (1384, 132), (1383, 86)],
    '36': [(1760, 479), (1758, 516), (1970, 527), (1973, 484)],
    '37': [(1945, 313), (1943, 450), (1978, 452), (1978, 314)],
    '38': [(1598, 422), (1596, 447), (1620, 448), (1621, 464), (1721, 464), (1721, 424)],
    '39': [(554, 1259), (554, 1285), (605, 1283), (605, 1276), (644, 1276), (645, 1271), (660, 1272), (660, 1259), (668, 1259), (669, 1224), (638, 1222), (637, 1243), (569, 1245), (567, 1225), (551, 1224), (552, 1219), (502, 1218), (502, 1224), (479, 1224), (468, 1213), (466, 1244), (460, 1245), (463, 1256)],
    '40': [(1695, 295), (1655, 295), (1652, 285), (1644, 294), (1604, 292), (1605, 329), (1711, 330), (1715, 334), (1722, 329), (1725, 292), (1797, 293), (1801, 300), (1806, 293), (1842, 296), (1842, 254), (1717, 250), (1717, 259), (1684, 256), (1684, 289), (1714, 289), (1714, 310), (1693, 311)],
    '41': [(1010, 1477), (1008, 1495), (953, 1493), (953, 1567), (1076, 1571), (1076, 1503), (1027, 1500), (1027, 1478)],
    '42': [(1372, 1471), (1327, 1473), (1325, 1510), (1317, 1511), (1318, 1535), (1388, 1534), (1395, 1524), (1417, 1525), (1417, 1463), (1372, 1463)],
    '43': [(485, 1787), (466, 1871), (458, 1875), (461, 1948), (490, 1949), (494, 1875), (512, 1793)],
    '44': [(519, 1564), (520, 1546), (528, 1545), (528, 1533), (671, 1534), (670, 1542), (687, 1544), (688, 1569)],
    '45': [(290, 1404), (289, 1413), (258, 1412), (263, 1480), (154, 1481), (155, 1518), (299, 1512), (297, 1438), (387, 1435), (384, 1403)],
    '46': [(381, 1865), (386, 1930), (381, 1938), (372, 1938), (370, 1945), (359, 1945), (360, 1958), (389, 1958), (394, 1964), (412, 1964), (415, 1935), (406, 1862)],
    '47': [(251, 1857), (251, 1882), (266, 1882), (268, 1907), (281, 1909), (281, 1933), (288, 1933), (287, 1953), (304, 1954), (304, 1960), (315, 1961), (316, 1973), (357, 1971), (353, 1940), (334, 1942), (333, 1934), (321, 1934), (320, 1911), (304, 1908), (303, 1883), (288, 1883), (288, 1857)],
    '48': [(151, 1411), (152, 1441), (247, 1440), (246, 1410)],
    '49': [(1379, 458), (1376, 482), (1405, 482), (1401, 458)],
    '50': [(1296, 216), (1294, 253), (1433, 254), (1433, 219)],
    '51': [(1328, 370), (1328, 348), (1336, 349), (1336, 329), (1394, 329), (1398, 269), (1435, 270), (1432, 371)],
    '52': [(1924, 202), (1924, 185), (1911, 185), (1909, 203), (1898, 204), (1897, 222), (1923, 222), (1923, 228), (1895, 227), (1894, 281), (1955, 282), (1956, 203)],
    '53': [(593, 1686), (592, 1736), (638, 1737), (638, 1717), (687, 1718), (688, 1688), (643, 1687)],
    '54': [(511, 1663), (445, 1661), (444, 1692), (505, 1692), (499, 1716), (503, 1720), (497, 1721), (487, 1773), (517, 1779), (527, 1730), (523, 1725), (529, 1722), (535, 1680), (534, 1673), (532, 1668), (527, 1664), (522, 1662), (517, 1663)],
    '55': [(1641, 469), (1512, 466), (1512, 501), (1643, 503)],
    '56': [(1513, 587), (1512, 630), (1648, 633), (1648, 617), (1676, 618), (1677, 591)],
    '57': [(383, 1247), (357, 1248), (355, 1308), (254, 1306), (251, 1338), (384, 1340)],
    '58': [(328, 1201), (245, 1200), (244, 1223), (233, 1220), (176, 1286), (200, 1312), (255, 1249), (245, 1238), (249, 1232), (258, 1237), (327, 1235)],
}
