BUILDING_POLY = {
    '00': [(439, 743), (433, 741), (428, 741), (424, 742), (420, 745), (418, 748), (415, 752), (415, 756), (415, 759), (416, 762), (419, 765), (422, 768), (425, 770), (427, 772), (417, 792), (408, 787), (402, 782), (395, 774), (391, 763), (391, 750), (394, 739), (401, 729), (412, 722), (421, 718), (431, 719), (439, 720), (448, 724)],
    '01': [(997, 1283), (988, 1282), (989, 1275), (934, 1267), (937, 1247), (986, 1255), (990, 1228), (1009, 1230), (1005, 1257), (1022, 1260), (1019, 1279), (998, 1276)],
    '02': [(1601, 1003), (1617, 1048), (1605, 1052), (1580, 1061), (1577, 1062), (1572, 1063), (1546, 989), (1590, 973)],
    '03': [(270, 536), (271, 511), (291, 511), (289, 573), (270, 573), (271, 552), (248, 552), (248, 535)],
    '04': [(465, 395), (468, 409), (506, 401), (515, 442), (497, 446), (491, 421), (458, 428), (451, 398)],
    '05': [(1871, 933), (1922, 916), (1930, 937), (1878, 954)],
    '06': [(572, 1328), (566, 1338), (558, 1346), (547, 1350), (535, 1351), (524, 1349), (514, 1343), (507, 1334), (502, 1323), (502, 1312), (504, 1300), (511, 1290), (522, 1282), (534, 1279), (546, 1279), (558, 1284), (567, 1293), (573, 1304), (575, 1316)],
    '07': [(555, 1415), (604, 1383), (597, 1372), (616, 1360), (643, 1402), (656, 1448), (612, 1476)],
    '08': [(1138, 743), (1161, 749), (1152, 782), (1129, 776)],
    '09': [(651, 1022), (725, 1030), (723, 1048), (649, 1041)],
    '10': [(1073, 775), (1089, 779), (1086, 792), (1070, 788)],
    '11': [(1049, 1335), (1089, 1340), (1085, 1368), (1045, 1362)],
    '12': [(1848, 875), (1842, 858), (1898, 839), (1904, 856)],
    '13': [(1022, 813), (1027, 794), (1109, 817), (1104, 836)],
    '14': [(680, 927), (692, 930), (702, 939), (702, 965), (684, 966), (684, 953), (672, 947), (636, 948), (636, 929)],
    '15': [(777, 1167), (773, 1191), (766, 1234), (740, 1229), (739, 1234), (766, 1239), (762, 1261), (711, 1253), (721, 1188), (726, 1162), (726, 1159)],
    '16': [(883, 1145), (895, 1138), (925, 1131), (927, 1138), (939, 1135), (946, 1161), (931, 1165), (932, 1171), (893, 1181)],
    '17': [(930, 1327), (1013, 1340), (1012, 1348), (1010, 1359), (926, 1346)],
    '18': [(706, 692), (743, 702), (739, 716), (713, 709), (710, 719), (699, 716)],
    '19': [(472, 806), (461, 772), (476, 767), (490, 809), (498, 811), (495, 821), (469, 815)],
    '20': [(830, 1258), (814, 1256), (818, 1228), (834, 1230)],
    '21': [(934, 973), (957, 973), (960, 1044), (947, 1044), (937, 1044)],
    '22': [(990, 874), (990, 859), (954, 860), (939, 860), (939, 871), (913, 871), (912, 836), (972, 835), (972, 833), (999, 832), (999, 855), (998, 855), (998, 859), (1020, 859), (1021, 873)],
    '23': [(1103, 1276), (1087, 1274), (1089, 1258), (1106, 1261), (1107, 1257), (1142, 1262), (1142, 1266), (1140, 1281), (1103, 1276)],
    '24': [(664, 675), (686, 681), (681, 700), (659, 695)],
    '25': [(635, 973), (692, 978), (690, 997), (633, 992)],
    '26': [(577, 1238), (556, 1236), (556, 1236), (545, 1235), (546, 1228), (550, 1229), (551, 1218), (557, 1219), (558, 1210), (580, 1212)],
    '27': [(88, 994), (98, 987), (122, 1023), (113, 1029)],
    '28': [(1124, 820), (1195, 838), (1189, 860), (1118, 842)],
    '29': [(385, 1114), (389, 1131), (375, 1134), (366, 1089), (380, 1086), (383, 1102), (399, 1099), (401, 1111)],
    '30': [(842, 1331), (841, 1337), (824, 1334), (828, 1312), (834, 1313), (835, 1307), (911, 1319), (907, 1341)],
    '31': [(755, 963), (778, 962), (781, 1050), (757, 1051)],
    '32': [(1650, 807), (1632, 752), (1662, 742), (1680, 797)],
    '33': [(101, 985), (110, 979), (134, 1014), (125, 1021)],
    '34': [(727, 1090), (787, 1095), (786, 1111), (726, 1105)],
    '35': [(873, 736), (875, 715), (975, 726), (973, 747)],
    '36': [(243, 1084), (267, 1078), (330, 1062), (356, 1056), (360, 1073), (334, 1078), (271, 1094), (247, 1100)],
    '37': [(655, 738), (659, 723), (745, 744), (741, 759)],
    '38': [(468, 1199), (539, 1205), (538, 1222), (467, 1217)],
    '39': [(1323, 983), (1315, 959), (1368, 941), (1376, 966)],
    '40': [(1007, 1106), (1035, 1105), (1066, 1104), (1082, 1080), (1097, 1088), (1083, 1113), (1074, 1122), (1036, 1123), (999, 1125), (999, 1118), (994, 1115), (992, 1117), (977, 1097), (992, 1085), (1007, 1105)],
    '41': [(750, 1462), (753, 1444), (800, 1452), (801, 1444), (815, 1446), (811, 1472)],
    '42': [(1127, 960), (1117, 923), (1131, 919), (1129, 914), (1130, 913), (1141, 910), (1142, 917), (1157, 913), (1166, 950), (1151, 954), (1147, 955)],
    '43': [(1116, 1190), (1113, 1173), (1115, 1173), (1114, 1167), (1135, 1163), (1136, 1168), (1155, 1164), (1159, 1183)],
    '44': [(760, 1509), (763, 1492), (768, 1493), (768, 1491), (788, 1495), (788, 1496), (798, 1498), (798, 1496), (822, 1500), (821, 1502), (827, 1503), (824, 1520), (818, 1519), (795, 1515), (785, 1513), (765, 1510)],
    '45': [(1066, 1019), (1104, 1017), (1106, 1048), (1104, 1048), (1105, 1060), (1096, 1060), (1096, 1075), (1063, 1076), (1062, 1058), (1066, 1058), (1065, 1047), (1068, 1047)],
    '46': [(1039, 1403), (1041, 1391), (1064, 1395), (1063, 1405), (1069, 1406), (1067, 1421), (1037, 1416), (1037, 1415), (1034, 1415), (1032, 1412), (1031, 1409), (1032, 1405), (1034, 1402)],
    '47': [(1478, 1035), (1471, 1016), (1468, 1007), (1532, 985), (1535, 994), (1542, 1014)],
    '48': [(894, 1519), (903, 1520), (901, 1533), (837, 1526), (839, 1510), (869, 1514), (869, 1512), (849, 1509), (851, 1496), (912, 1503), (911, 1515), (895, 1513)],
    '49': [(786, 949), (785, 926), (921, 924), (921, 933), (922, 947)],
    '50': [(1137, 1004), (1129, 974), (1142, 971), (1141, 966), (1149, 964), (1147, 955), (1151, 954), (1154, 964), (1163, 962), (1164, 966), (1182, 961), (1190, 990)],
    '51': [(1746, 905), (1741, 892), (1806, 870), (1799, 850), (1814, 845), (1825, 879), (1811, 884)],
    '52': [(553, 1116), (578, 1119), (608, 1122), (610, 1107), (621, 1108), (617, 1146), (582, 1142), (581, 1149), (574, 1148), (574, 1141), (537, 1137), (542, 1100), (554, 1101)],
    '53': [(169, 940), (178, 937), (198, 1004), (152, 1018), (132, 953), (143, 949), (138, 932), (164, 924)],
    '54': [(716, 939), (715, 921), (774, 920), (774, 938), (767, 938)],
    '55': [(2092, 833), (2080, 793), (2099, 787), (2112, 827)],
    '56': [(1098, 719), (1127, 726), (1121, 750), (1091, 742)],
    '57': [(747, 646), (762, 643), (768, 678), (753, 680)],
    '58': [(1346, 1080), (1339, 1062), (1413, 1036), (1420, 1055)],
    '59': [(333, 1178), (401, 1178), (401, 1196), (365, 1196), (365, 1203), (333, 1203)],
    '60': [(556, 852), (556, 844), (591, 846), (589, 866), (547, 864), (548, 851)],
    '61': [(1152, 1121), (1163, 1119), (1164, 1124), (1235, 1111), (1234, 1105), (1243, 1103), (1246, 1116), (1241, 1117), (1242, 1123), (1160, 1139), (1159, 1133), (1152, 1134), (1155, 1147), (1134, 1151), (1128, 1119), (1151, 1115)],
    '62': [(738, 1312), (727, 1310), (714, 1308), (717, 1287), (742, 1291), (759, 1294), (800, 1300), (792, 1346), (734, 1337)],
    '63': [(778, 699), (794, 703), (789, 724), (772, 719)],
    '64': [(303, 1231), (346, 1222), (350, 1240), (307, 1250)],
    '65': [(894, 1430), (936, 1435), (934, 1453), (892, 1448), (892, 1450), (853, 1445), (856, 1422), (894, 1427)],
    '66': [(882, 840), (898, 840), (899, 873), (883, 873)],
    '67': [(1042, 989), (1041, 986), (1041, 976), (1084, 974), (1085, 993), (1046, 995), (1047, 1006), (1035, 1006), (996, 1008), (995, 991)],
    '68': [(803, 733), (813, 736), (811, 744), (846, 753), (842, 772), (760, 753), (765, 733), (801, 742)],
    '69': [(211, 1124), (259, 1112), (264, 1133), (270, 1131), (283, 1184), (269, 1187), (272, 1199), (257, 1203), (247, 1166), (224, 1171)],
    '70': [(1133, 1104), (1130, 1088), (1208, 1073), (1211, 1089)],
    '71': [(1095, 1370), (1095, 1367), (1115, 1369), (1116, 1363), (1123, 1364), (1127, 1366), (1131, 1370), (1134, 1376), (1133, 1381), (1130, 1380), (1128, 1396), (1092, 1391), (1094, 1380), (1088, 1379), (1090, 1369)],
    '72': [(1108, 1200), (1118, 1198), (1119, 1204), (1126, 1208), (1164, 1202), (1165, 1214), (1125, 1221), (1110, 1212)],
    '73': [(901, 830), (901, 833), (885, 834), (884, 808), (899, 808), (899, 814), (916, 814), (916, 830)],
    '74': [(881, 1025), (923, 1024), (923, 1040), (877, 1041), (878, 1052), (859, 1052), (859, 1059), (849, 1060), (849, 1054), (830, 1054), (829, 1047), (788, 1048), (787, 1030), (827, 1029), (827, 1021), (818, 1022), (817, 1005), (826, 1004), (826, 997), (817, 997), (787, 998), (786, 982), (839, 980), (839, 996), (831, 997), (832, 1033), (877, 1031), (876, 993), (865, 993), (865, 979), (922, 977), (922, 991), (880, 993), (880, 1000), (887, 1000), (887, 1018), (881, 1019)],
    '75': [(695, 1056), (717, 1059), (713, 1086), (718, 1087), (716, 1096), (713, 1100), (706, 1103), (652, 1096), (654, 1079), (692, 1083)],
    '76': [(846, 1571), (849, 1555), (879, 1560), (877, 1576)],
    '77': [(541, 787), (597, 790), (596, 803), (541, 800)],
    '78': [(565, 874), (584, 889), (594, 891), (615, 884), (621, 901), (592, 911), (588, 931), (573, 928), (577, 907), (554, 888)],
    '79': [(1250, 1067), (1278, 1063), (1287, 1115), (1260, 1120)],
    '80': [(1986, 826), (1978, 802), (1995, 797), (2052, 778), (2060, 801), (2015, 816), (2012, 808), (2000, 812), (1997, 813), (2000, 821)],
    '81': [(631, 829), (625, 829), (620, 825), (607, 825), (608, 809), (619, 810), (619, 816), (622, 817), (626, 813), (632, 813), (636, 817), (636, 824)],
    '82': [(262, 449), (305, 441), (308, 453), (276, 458), (265, 465), (247, 496), (235, 488)],
    '83': [(401, 556), (396, 535), (471, 519), (476, 540)],
    '84': [(358, 588), (336, 582), (343, 559), (365, 566), (387, 546), (400, 561), (379, 580), (385, 610), (364, 615)],
    '85': [(358, 530), (346, 535), (333, 536), (331, 535), (319, 530), (309, 522), (324, 498), (351, 492), (375, 508), (369, 520), (360, 529)],
    '86': [(1142, 1266), (1180, 1271), (1179, 1278), (1207, 1282), (1204, 1301), (1165, 1296), (1166, 1289), (1139, 1285), (1140, 1281)],
    '87': [(902, 1235), (917, 1236), (913, 1267), (898, 1265)],
    '88': [(769, 812), (845, 811), (846, 874), (803, 875), (770, 875), (770, 838)],
    '89': [(585, 1218), (594, 1212), (594, 1204), (613, 1206), (613, 1213), (623, 1223), (622, 1238), (611, 1248), (592, 1247), (583, 1235)],
    '90': [(1037, 906), (1063, 905), (1063, 934), (1056, 934), (1038, 934), (1037, 927), (1032, 927), (1030, 927), (1030, 933), (1014, 933), (1004, 934), (1004, 921), (1004, 911), (1030, 910), (1030, 912), (1037, 911)],
    '91': [(223, 768), (212, 704), (244, 699), (255, 763)],
    '92': [(561, 443), (555, 459), (541, 462), (539, 452), (553, 449), (551, 441), (532, 434), (536, 425), (576, 439), (573, 448)],
    '93': [(1489, 797), (1505, 844), (1556, 826), (1550, 810), (1577, 801), (1566, 770), (1540, 779)],
    '94': [(663, 1151), (659, 1177), (721, 1188), (726, 1162), (724, 1162)],
    '95': [(609, 1279), (617, 1331), (658, 1325), (643, 1227), (628, 1229), (635, 1275)],
    '96': [(950, 1429), (946, 1458), (1009, 1465), (1025, 1467), (1028, 1438)],
    '97': [(935, 911), (935, 928), (935, 939), (954, 939), (957, 939), (983, 938), (983, 921), (982, 910), (959, 910)],
    '98': [(1214, 1013), (1221, 1051), (1273, 1041), (1265, 1004)],
    '99': [(1233, 919), (1230, 920), (1229, 917), (1223, 918), (1219, 920), (1222, 931), (1209, 935), (1216, 959), (1229, 955), (1229, 956), (1238, 954), (1241, 949), (1241, 946)],
    '100': [(388, 1264), (376, 1282), (361, 1272), (372, 1254)],
    '101': [(495, 1037), (500, 1048), (497, 1049), (492, 1038)],
    '102': [(555, 1079), (567, 1079), (567, 1082), (555, 1082)],
    '103': [(836, 1231), (891, 1238), (893, 1224), (838, 1217)],
    '104': [(485, 531), (523, 523), (533, 499), (522, 495), (514, 511), (482, 519)],
    '105': [(476, 1019), (486, 1020), (487, 1010), (492, 1011), (493, 1001), (477, 1000)],
    '106': [(1475, 995), (1519, 980), (1515, 966), (1470, 981)],
    '107': [(1757, 984), (1765, 982), (1768, 980), (1774, 978), (1755, 923), (1738, 929)],
    '108': [(1770, 995), (1777, 1016), (1791, 1012), (1792, 1015), (1778, 1020), (1787, 1045), (1866, 1019), (1857, 994), (1850, 971), (1802, 987), (1805, 996), (1796, 999), (1792, 988), (1789, 989), (1784, 991)],
    '109': [(2001, 1043), (2077, 1018), (2070, 997), (2047, 1004), (2048, 1009), (1995, 1026)],
    '110': [(2097, 927), (2102, 941), (2105, 940), (2109, 938), (2112, 946), (2120, 943), (2118, 937), (2124, 935), (2132, 937), (2134, 928), (2126, 926), (2123, 919)],
    '111': [(1900, 813), (1947, 798), (1943, 783), (1895, 798)],
    '112': [(1865, 784), (1913, 770), (1908, 754), (1861, 769)],
    '113': [(2037, 909), (1998, 921), (1989, 924), (1982, 902), (2030, 887)],
    '114': [(1982, 902), (1953, 912), (1960, 933), (1989, 924)],
    '115': [(1960, 933), (1973, 973), (2002, 964), (2011, 961), (2008, 949), (2004, 938), (1998, 921), (1989, 924)],
    '116': [(785, 1622), (805, 1624), (806, 1613), (786, 1611)],
    '117': [(833, 1272), (880, 1279), (882, 1264), (835, 1258)],
    '118': [(1195, 925), (1223, 918), (1215, 886), (1187, 893)],
    '119': [(786, 1511), (785, 1513), (785, 1517), (794, 1518), (795, 1515), (795, 1513)],
    '120': [(760, 1509), (763, 1492), (768, 1493), (766, 1508), (765, 1510)],
    '121': [(818, 1519), (819, 1517), (821, 1502), (827, 1503), (824, 1520)],
    '122': [(766, 1508), (786, 1511), (795, 1513), (819, 1517), (821, 1502), (798, 1498), (788, 1496), (768, 1493)],
    '123': [(788, 1496), (798, 1498), (797, 1504), (787, 1502)],
    '124': [(786, 1515), (787, 1515), (787, 1516), (786, 1516)],
    '125': [(793, 1516), (794, 1516), (794, 1517), (792, 1517)],
    '126': [(1676, 1071), (1673, 1062), (1700, 1052), (1704, 1064), (1755, 1047), (1747, 1025), (1733, 1030), (1728, 1015), (1747, 1009), (1745, 1002), (1743, 997), (1730, 959), (1718, 963), (1714, 964), (1691, 972), (1664, 981), (1659, 971), (1647, 968), (1646, 964), (1661, 959), (1673, 958), (1688, 946), (1686, 940), (1697, 936), (1705, 934), (1697, 911), (1694, 912), (1694, 911), (1697, 910), (1690, 887), (1679, 890), (1677, 884), (1680, 883), (1682, 879), (1682, 873), (1680, 868), (1678, 865), (1674, 863), (1667, 862), (1663, 862), (1659, 864), (1655, 867), (1653, 871), (1652, 874), (1610, 889), (1642, 984), (1629, 988), (1631, 993), (1614, 998), (1628, 1036), (1633, 1051), (1644, 1082)],
    '127': [(1673, 1062), (1668, 1051), (1662, 1033), (1659, 1025), (1650, 1028), (1651, 1031), (1639, 1035), (1637, 1033), (1628, 1036), (1633, 1051), (1644, 1082), (1676, 1071)],
    '128': [(1668, 1051), (1714, 1035), (1708, 1018), (1673, 1029), (1666, 1008), (1699, 996), (1691, 972), (1664, 981), (1631, 993), (1614, 998), (1628, 1036), (1637, 1033), (1650, 1028), (1659, 1025), (1662, 1033)],
    '129': [(1631, 993), (1629, 988), (1642, 984), (1610, 889), (1652, 874), (1653, 871), (1655, 867), (1659, 864), (1663, 862), (1667, 862), (1674, 863), (1678, 865), (1680, 868), (1682, 873), (1682, 879), (1680, 883), (1677, 884), (1679, 890), (1671, 893), (1669, 888), (1660, 890), (1636, 899), (1646, 927), (1694, 911), (1694, 912), (1697, 911), (1705, 934), (1697, 936), (1686, 940), (1642, 954), (1646, 964), (1647, 968), (1659, 971), (1664, 981)],
    '130': [(1636, 899), (1646, 927), (1650, 938), (1632, 944), (1613, 890), (1656, 876), (1667, 862), (1673, 854), (1682, 860), (1678, 865), (1660, 890)],
    '131': [(1636, 899), (1646, 927), (1694, 911), (1697, 910), (1690, 887), (1679, 890), (1671, 893), (1678, 913), (1669, 916), (1660, 890)],
    '132': [(1605, 1052), (1606, 1055), (1608, 1059), (1608, 1060), (1633, 1051), (1628, 1036), (1614, 998), (1601, 1003), (1617, 1048)],
    '133': [(1577, 1062), (1577, 1063), (1573, 1064), (1578, 1080), (1590, 1075), (1585, 1060), (1580, 1062), (1580, 1061)],
    '134': [(1743, 997), (1768, 989), (1771, 988), (1787, 983), (1789, 989), (1784, 991), (1783, 989), (1745, 1002)],
    '135': [(1765, 982), (1768, 989), (1771, 988), (1768, 980)],
    '136': [(1698, 911), (1707, 939), (1700, 941), (1707, 962), (1712, 960), (1717, 959), (1722, 957), (1706, 909)],
    '137': [(1717, 959), (1718, 963), (1714, 964), (1712, 960)],
    '138': [(1550, 810), (1556, 826), (1505, 844), (1489, 797), (1540, 779)],
    '139': [(1478, 1035), (1542, 1014), (1535, 994), (1471, 1016)],
    '140': [(1549, 1068), (1552, 1075), (1553, 1078), (1555, 1084), (1549, 1086), (1551, 1091), (1544, 1094), (1546, 1098), (1545, 1099), (1540, 1100), (1544, 1111), (1526, 1118), (1521, 1120), (1519, 1115), (1507, 1120), (1508, 1123), (1491, 1130), (1490, 1127), (1486, 1128), (1480, 1111), (1487, 1109), (1490, 1117), (1491, 1116), (1483, 1092), (1489, 1090), (1486, 1084), (1516, 1073), (1519, 1079)],
    '141': [(1519, 1079), (1549, 1068), (1552, 1075), (1553, 1078), (1555, 1084), (1549, 1086), (1551, 1091), (1544, 1094), (1546, 1098), (1545, 1099), (1540, 1100), (1544, 1111), (1526, 1118), (1521, 1120), (1519, 1115), (1516, 1106), (1511, 1107), (1510, 1104), (1505, 1105), (1502, 1096), (1498, 1097), (1494, 1088)],
    '142': [(1551, 1122), (1556, 1134), (1549, 1137), (1551, 1144), (1545, 1146), (1547, 1154), (1499, 1170), (1489, 1143), (1544, 1124), (1549, 1123)],
    '143': [(1545, 1146), (1551, 1144), (1549, 1137), (1504, 1151), (1507, 1159)],
    '144': [(1456, 1127), (1450, 1110), (1379, 1133), (1382, 1143), (1385, 1150)],
    '145': [(1382, 1143), (1385, 1150), (1390, 1167), (1408, 1161), (1419, 1158), (1421, 1163), (1421, 1168), (1419, 1175), (1414, 1180), (1384, 1190), (1382, 1187), (1375, 1184), (1364, 1149)],
    '146': [(1796, 999), (1798, 1005), (1826, 995), (1827, 999), (1834, 996), (1836, 1001), (1857, 994), (1866, 1019), (1787, 1045), (1778, 1020), (1792, 1015), (1791, 1012), (1777, 1016), (1770, 995), (1784, 991), (1789, 989), (1792, 988)],
    '147': [(1746, 905), (1741, 892), (1806, 870), (1811, 884)],
    '148': [(2000, 812), (1995, 797), (2052, 778), (2060, 801), (2015, 816), (2012, 808)],
    '149': [(1995, 941), (1989, 924), (1998, 921), (2004, 938)],
    '150': [(1998, 952), (2008, 949), (2011, 961), (2002, 964)],
    '151': [(2002, 964), (1998, 952), (1995, 941), (1989, 924), (1960, 933), (1973, 973)],
    '152': [(1606, 1055), (1552, 1075), (1553, 1078), (1608, 1059)],
    '153': [(1545, 1099), (1549, 1112), (1545, 1113), (1549, 1123), (1544, 1124), (1541, 1115), (1527, 1120), (1526, 1118), (1544, 1111), (1540, 1100)],
    '154': [(1546, 1098), (1545, 1099), (1549, 1112), (1545, 1113), (1549, 1123), (1551, 1122), (1559, 1119), (1553, 1102), (1548, 1104)],
    '155': [(267, 1078), (271, 1094), (334, 1078), (330, 1062)],
    '156': [(608, 1057), (608, 1059), (608, 1060), (609, 1061), (610, 1062), (611, 1062), (613, 1062), (614, 1061), (615, 1061), (615, 1060), (615, 1058), (615, 1057), (615, 1056), (614, 1055), (613, 1055), (612, 1055), (611, 1055), (609, 1055), (609, 1056)],
    '157': [(371, 1289), (364, 1298), (347, 1286), (354, 1276)],
    '158': [(1352, 927), (1344, 903), (1307, 916), (1289, 865), (1274, 870), (1300, 944)],
    '159': [(728, 1635), (740, 1632), (742, 1637), (766, 1631), (764, 1624), (776, 1621), (783, 1646), (771, 1649), (769, 1641), (745, 1648), (748, 1656), (735, 1660)],
    '160': [(1069, 915), (1076, 914), (1077, 926), (1070, 926)],
    '161': [(334, 1030), (337, 1043), (293, 1054), (290, 1042)],
    '162': [(286, 1043), (288, 1051), (267, 1057), (265, 1049)],
    '163': [(558, 1023), (564, 1013), (560, 1010), (551, 1005), (545, 1015)],
    '164': [(411, 1122), (412, 1144), (460, 1144), (485, 1107), (468, 1097), (453, 1122), (432, 1122), (432, 1101), (410, 1103)],
    '165': [(1207, 964), (1212, 983), (1228, 978), (1232, 990), (1250, 985), (1241, 954)],
    '166': [(1208, 1055), (1200, 1019), (1145, 1031), (1149, 1049), (1139, 1071)],
}
