BUILDING_POLY = {
    '00': [(585, 1357), (591, 1228), (655, 1229), (654, 1262), (748, 1265), (748, 1232), (822, 1232), (821, 1329), (742, 1327), (741, 1364), (720, 1363)],
    '01': [(1322, 142), (1323, 125), (1338, 126), (1339, 84), (1197, 82), (1197, 101), (1176, 101), (1176, 121), (1153, 121), (1150, 251), (1173, 251), (1172, 306), (1152, 305), (1150, 432), (1171, 432), (1170, 456), (1195, 456), (1194, 484), (1317, 486), (1317, 468), (1329, 468), (1330, 423), (1215, 421), (1217, 310), (1319, 312), (1320, 293), (1331, 293), (1332, 254), (1209, 252), (1211, 140)],
    '02': [(1530, 869), (1532, 914), (1533, 943), (1522, 947), (1508, 954), (1496, 961), (1485, 970), (1474, 983), (1463, 995), (1450, 1006), (1437, 1014), (1419, 1021), (1406, 1024), (1393, 1024), (1393, 1032), (1378, 1032), (1378, 1073), (1409, 1073), (1429, 1069), (1451, 1061), (1472, 1049), (1484, 1040), (1489, 1036), (1498, 1029), (1504, 1021), (1516, 1008), (1524, 1001), (1533, 996), (1541, 993), (1551, 991), (1559, 990), (1570, 990), (1606, 989), (1606, 979), (1618, 979), (1617, 940), (1548, 940), (1548, 869), (1813, 873), (1814, 857), (1845, 858), (1845, 832), (1831, 831), (1831, 806), (1375, 796), (1375, 782), (1153, 776), (1152, 711), (1110, 710), (1087, 716), (1050, 728), (1028, 741), (1001, 761), (982, 782), (969, 799), (960, 813), (1028, 854), (1021, 864), (1014, 878), (1011, 892), (1009, 903), (1003, 928), (909, 925), (909, 977), (1066, 982), (1072, 991), (1086, 1005), (1102, 1017), (1120, 1024), (1139, 1027), (1159, 1026), (1161, 853), (1376, 856), (1376, 843), (1390, 842), (1392, 867)],
    '03': [(1404, 1268), (1497, 1270), (1494, 1374), (1545, 1376), (1542, 1476), (1583, 1520), (1396, 1514)],
    '04': [(254, 1320), (357, 1321), (360, 1240), (324, 1240), (324, 1226), (289, 1225), (290, 1239), (256, 1239)],
    '05': [(262, 1143), (643, 1154), (645, 1056), (261, 1046)],
    '06': [(179, 1907), (335, 1910), (337, 1815), (181, 1812)],
    '07': [(622, 1798), (831, 1802), (831, 1846), (896, 1847), (902, 1843), (912, 1840), (919, 1840), (926, 1843), (930, 1847), (993, 1848), (994, 1836), (1120, 1839), (1120, 1854), (1124, 1869), (1122, 1889), (1118, 1899), (1118, 1913), (1020, 1912), (1020, 1925), (940, 1926), (939, 1967), (926, 1973), (907, 1972), (894, 1969), (894, 1924), (803, 1924), (803, 1908), (620, 1904)],
    '08': [(1950, 1898), (1949, 1923), (1923, 1923), (1923, 1933), (1784, 1932), (1784, 1950), (1568, 1948), (1568, 1931), (1423, 1929), (1423, 1917), (1403, 1917), (1403, 1864), (1415, 1864), (1415, 1850), (1596, 1852), (1596, 1869), (1613, 1869), (1613, 1864), (1647, 1864), (1647, 1871), (1712, 1871), (1713, 1864), (1716, 1857), (1724, 1856), (1729, 1860), (1729, 1867), (1741, 1867), (1741, 1874), (1758, 1875), (1759, 1769), (2043, 1772), (2042, 1899)],
    '09': [(1939, 1683), (2005, 1684), (2007, 1567), (1940, 1566)],
    '10': [(1669, 1406), (1691, 1406), (1690, 1471), (1837, 1474), (1838, 1409), (1991, 1412), (1993, 1317), (1671, 1312)],
    '11': [(1587, 277), (1719, 280), (1716, 395), (1584, 392)],
}
