BUILDING_POLY = {
    '00': [(1101, 450), (1156, 466), (1153, 475), (1164, 493), (1148, 547), (1130, 552), (1128, 561), (1074, 545), (1077, 538), (1064, 522), (1071, 498), (1075, 490), (1083, 465), (1098, 460)],
    '01': [(303, 956), (316, 956), (404, 953), (403, 942), (419, 941), (418, 933), (417, 889), (409, 890), (392, 890), (393, 926), (350, 928), (302, 929)],
    '02': [(300, 871), (398, 868), (397, 857), (397, 841), (344, 843), (300, 844)],
    '03': [(284, 773), (407, 766), (406, 739), (300, 746), (296, 677), (278, 678)],
    '04': [(256, 766), (258, 809), (259, 840), (260, 849), (212, 851), (211, 839), (234, 838), (230, 767)],
    '05': [(268, 957), (266, 887), (236, 888), (238, 931), (212, 932), (213, 959)],
    '06': [(199, 1049), (197, 1018), (256, 1015), (256, 1030), (272, 1020), (282, 1036), (285, 1037), (301, 1062), (292, 1067), (294, 1070), (286, 1075), (284, 1072), (274, 1078), (257, 1052), (258, 1046)],
    '07': [(764, 574), (769, 575), (768, 578), (764, 577), (750, 623), (743, 621), (739, 631), (730, 629), (733, 618), (726, 616), (745, 552), (756, 555), (758, 549), (765, 549), (770, 552)],
    '08': [(542, 760), (520, 728), (539, 718), (534, 706), (546, 702), (556, 700), (566, 700), (575, 700), (592, 702), (602, 705), (621, 715), (630, 723), (636, 731), (642, 740), (644, 748), (645, 756), (647, 766), (647, 777), (645, 786), (650, 797), (627, 810), (594, 753), (573, 744)],
    '09': [(1034, 755), (1124, 764), (1121, 795), (1031, 786)],
    '10': [(710, 460), (726, 448), (683, 387), (666, 398), (688, 429)],
    '11': [(696, 513), (681, 498), (654, 525), (638, 521), (633, 543), (643, 546), (665, 620), (685, 615), (665, 545)],
    '12': [(654, 696), (720, 676), (715, 660), (698, 665), (692, 659), (672, 665), (672, 674), (649, 681)],
    '13': [(633, 408), (561, 377), (565, 367), (578, 372), (614, 289), (626, 283), (649, 293), (615, 372), (644, 384)],
    '14': [(950, 354), (945, 353), (960, 302), (1000, 316), (1008, 318), (993, 371), (986, 369), (978, 370), (956, 363)],
    '15': [(925, 418), (933, 391), (916, 386), (932, 334), (937, 335), (943, 317), (891, 302), (866, 385), (862, 399), (883, 406), (893, 409), (900, 410)],
    '16': [(842, 352), (850, 326), (756, 296), (748, 322)],
    '17': [(919, 240), (927, 211), (816, 178), (808, 207)],
    '18': [(782, 291), (799, 227), (770, 220), (753, 283)],
    '19': [(754, 219), (762, 190), (689, 169), (681, 198)],
    '20': [(717, 291), (724, 263), (679, 252), (644, 229), (628, 253), (668, 279)],
    '21': [(1060, 651), (1089, 654), (1117, 656), (1118, 645), (1137, 647), (1140, 618), (1114, 616), (1113, 628), (1101, 627), (1102, 618), (1084, 617), (1083, 625), (1070, 623), (1071, 613), (1046, 611), (1044, 638), (1061, 640)],
    '22': [(1186, 683), (1277, 691), (1278, 678), (1279, 671), (1280, 660), (1189, 653)],
    '23': [(1295, 681), (1324, 683), (1330, 603), (1301, 601), (1296, 671), (1295, 678)],
    '24': [(1193, 563), (1334, 576), (1337, 546), (1299, 543), (1298, 555), (1280, 553), (1281, 542), (1255, 540), (1254, 550), (1234, 548), (1235, 537), (1196, 533)],
    '25': [(1279, 521), (1343, 528), (1353, 437), (1323, 434), (1316, 501), (1282, 497)],
    '26': [(1361, 421), (1364, 392), (1267, 381), (1264, 409)],
    '27': [(1261, 408), (1264, 379), (1123, 363), (1119, 392)],
    '28': [(985, 758), (949, 739), (983, 675), (1019, 694), (988, 753)],
    '29': [(515, 922), (506, 910), (497, 916), (489, 905), (484, 908), (478, 898), (483, 894), (480, 889), (507, 870), (503, 863), (546, 833), (554, 844), (550, 847), (554, 853), (558, 850), (578, 878)],
    '30': [(1189, 920), (1193, 934), (1247, 919), (1236, 881), (1232, 879), (1229, 883), (1230, 888), (1200, 897), (1180, 913)],
    '31': [(546, 1167), (571, 1203), (587, 1195), (606, 1225), (616, 1218), (621, 1224), (632, 1217), (629, 1211), (632, 1209), (605, 1161), (598, 1153), (582, 1162), (576, 1157), (570, 1150)],
    '32': [(652, 1204), (666, 1204), (672, 1219), (707, 1202), (691, 1167), (675, 1176), (652, 1137), (623, 1151)],
    '33': [(479, 1046), (523, 1111), (546, 1095), (502, 1030)],
    '34': [(541, 1083), (556, 1103), (587, 1079), (602, 1098), (617, 1087), (612, 1081), (600, 1066), (586, 1048)],
    '35': [(572, 971), (640, 1059), (612, 1081), (600, 1066), (586, 1048), (544, 993)],
    '36': [(1455, 1110), (1486, 1114), (1507, 1110), (1546, 1088), (1533, 1065), (1493, 1084), (1451, 1086), (1452, 1094), (1453, 1101)],
    '37': [(1529, 1170), (1516, 1174), (1518, 1178), (1520, 1180), (1532, 1176), (1531, 1173)],
    '38': [(1944, 653), (2015, 642), (2019, 669), (1948, 678)],
    '39': [(2010, 622), (2067, 616), (2064, 593), (2066, 584), (2083, 583), (2087, 613), (2089, 629), (2012, 638)],
    '40': [(1645, 925), (1706, 928), (1737, 920), (1731, 894), (1704, 900), (1648, 895)],
    '41': [(1761, 918), (1817, 903), (1875, 886), (1866, 855), (1751, 891)],
    '42': [(100, 801), (88, 825), (126, 843), (134, 847), (187, 843), (185, 820), (175, 821), (153, 823), (146, 823), (134, 817)],
    '43': [(152, 775), (153, 810), (162, 809), (174, 809), (187, 808), (186, 774)],
    '44': [(1434, 857), (1433, 882), (1517, 883), (1517, 858)],
    '45': [(1215, 780), (1266, 780), (1266, 770), (1283, 769), (1283, 778), (1303, 778), (1303, 799), (1262, 799), (1215, 799)],
    '46': [(1657, 1082), (1592, 1068), (1590, 1095), (1651, 1108), (1693, 1116), (1710, 1118), (1716, 1119), (1740, 1117), (1797, 1071), (1771, 1043), (1724, 1080), (1724, 1069), (1693, 1060), (1661, 1060)],
    '47': [(1957, 844), (1933, 852), (1906, 859), (1912, 883), (1993, 860), (1969, 777), (1954, 772), (1922, 779), (1913, 784), (1920, 812), (1937, 809), (1946, 813)],
    '48': [(1991, 788), (2001, 819), (2071, 798), (2092, 792), (2105, 804), (2134, 796), (2119, 749)],
    '49': [(1891, 940), (1960, 921), (1969, 955), (1897, 971)],
    '50': [(1967, 920), (1987, 913), (2009, 988), (2002, 997), (1989, 1002)],
    '51': [(1415, 1089), (1422, 1101), (1421, 1132), (1433, 1132), (1433, 1158), (1420, 1161), (1415, 1171), (1382, 1178), (1381, 1158), (1389, 1155), (1388, 1094), (1400, 1094)],
    '52': [(1431, 924), (1446, 924), (1456, 925), (1470, 926), (1470, 922), (1478, 921), (1480, 925), (1481, 926), (1489, 929), (1493, 933), (1497, 940), (1499, 947), (1500, 955), (1500, 963), (1496, 970), (1493, 974), (1484, 981), (1483, 991), (1437, 991), (1436, 979), (1434, 976), (1430, 973)],
    '53': [(1465, 1017), (1470, 1038), (1453, 1052), (1466, 1065), (1481, 1052), (1498, 1057), (1505, 1039), (1488, 1035), (1481, 1012)],
    '54': [(1572, 784), (1578, 812), (1598, 830), (1611, 809), (1605, 785)],
    '55': [(1551, 994), (1550, 1013), (1597, 1015), (1638, 1016), (1640, 1021), (1654, 1021), (1656, 996), (1639, 995), (1637, 988), (1560, 986), (1560, 994)],
    '56': [(1158, 997), (1160, 980), (1169, 975), (1216, 979), (1223, 974), (1233, 978), (1243, 985), (1246, 996), (1244, 1010), (1229, 1020), (1217, 1020), (1213, 1016), (1168, 1011)],
    '57': [(1349, 617), (1342, 682), (1367, 676), (1371, 649), (1405, 654), (1414, 655), (1415, 661), (1447, 665), (1449, 641), (1451, 629)],
    '58': [(1460, 643), (1467, 672), (1483, 666), (1493, 673), (1507, 683), (1518, 689), (1515, 695), (1516, 703), (1520, 712), (1525, 715), (1555, 707), (1548, 683), (1540, 669), (1489, 635)],
    '59': [(467, 611), (468, 643), (488, 643), (488, 650), (502, 650), (502, 643), (525, 642), (525, 610)],
    '60': [(326, 604), (328, 641), (311, 642), (312, 662), (426, 656), (426, 636), (410, 637), (408, 600)],
    '61': [(222, 706), (243, 705), (245, 752), (225, 753)],
    '62': [(409, 1208), (381, 1176), (359, 1144), (399, 1113), (423, 1104), (428, 1083), (443, 1100), (468, 1133), (482, 1129), (488, 1138), (483, 1185), (466, 1196), (456, 1187), (409, 1229)],
    '63': [(503, 1222), (520, 1250), (429, 1319), (407, 1293)],
    '64': [(1198, 519), (1223, 521), (1222, 533), (1197, 531)],
    '65': [(1912, 1139), (1886, 1166), (1840, 1214), (1825, 1247), (1865, 1281), (1957, 1177)],
    '66': [(670, 1014), (714, 987), (724, 1003), (708, 1013), (679, 1030)],
    '67': [(1260, 760), (1263, 728), (1176, 720), (1173, 753), (1187, 754), (1182, 806), (1196, 807), (1207, 808), (1212, 756)],
    '68': [(1422, 1093), (1452, 1094), (1453, 1101), (1422, 1101)],
    '69': [(284, 1196), (343, 1285), (366, 1269), (307, 1181)],
    '70': [(328, 1201), (374, 1265), (393, 1251), (350, 1187)],
    '71': [(599, 1265), (617, 1333), (665, 1319), (649, 1258), (646, 1258), (644, 1252), (632, 1256), (627, 1257), (611, 1262)],
    '72': [(744, 1077), (742, 1101), (820, 1106), (820, 1100), (821, 1094), (821, 1082)],
    '73': [(821, 1094), (826, 1093), (825, 1100), (820, 1100)],
    '74': [(827, 1079), (826, 1093), (825, 1100), (825, 1109), (870, 1113), (872, 1082)],
    '75': [(796, 1132), (819, 1133), (821, 1129), (830, 1129), (831, 1134), (870, 1136), (869, 1164), (782, 1158), (782, 1151), (780, 1144), (780, 1139), (784, 1137), (796, 1138)],
    '76': [(672, 1233), (696, 1227), (712, 1279), (700, 1282), (711, 1324), (688, 1333), (674, 1286), (685, 1283)],
    '77': [(707, 1343), (734, 1336), (750, 1389), (739, 1393), (753, 1437), (727, 1444), (712, 1397), (723, 1395)],
    '78': [(665, 1361), (671, 1360), (670, 1352), (681, 1349), (716, 1464), (699, 1468)],
    '79': [(640, 1480), (648, 1479), (647, 1471), (675, 1462), (682, 1471), (687, 1471), (688, 1476), (685, 1479), (695, 1510), (655, 1520), (646, 1491), (643, 1490)],
    '80': [(1917, 1133), (1912, 1139), (1886, 1166), (1878, 1154), (1888, 1137), (1905, 1124)],
    '81': [(786, 1336), (849, 1351), (899, 1329), (906, 1347), (877, 1373), (864, 1373), (855, 1384), (781, 1362)],
    '82': [(996, 1378), (985, 1324), (936, 1324), (938, 1303), (988, 1303), (993, 1315), (1007, 1319), (1016, 1377)],
    '83': [(808, 1019), (812, 998), (897, 1014), (893, 1035)],
    '84': [(746, 537), (778, 547), (795, 491), (764, 480), (760, 492), (720, 483), (711, 514), (750, 525)],
    '85': [(1618, 1126), (1660, 1136), (1704, 1143), (1740, 1117), (1759, 1143), (1719, 1174), (1614, 1152)],
    '86': [(843, 168), (850, 149), (830, 142), (833, 131), (821, 127), (810, 158)],
    '87': [(797, 1375), (855, 1390), (850, 1408), (793, 1392)],
    '88': [(951, 112), (991, 136), (982, 150), (943, 127)],
    '89': [(1101, 968), (1130, 965), (1132, 979), (1103, 983)],
    '90': [(1388, 326), (1388, 361), (1389, 372), (1422, 424), (1449, 406), (1417, 356), (1415, 314), (1410, 303), (1383, 313)],
    '91': [(1124, 278), (1152, 282), (1144, 341), (1116, 337)],
    '92': [(1158, 274), (1156, 291), (1194, 296), (1196, 278)],
    '93': [(1305, 319), (1360, 326), (1353, 362), (1300, 355)],
    '94': [(228, 1124), (226, 1126), (222, 1120), (230, 1114), (231, 1116), (235, 1116), (237, 1120), (236, 1124), (233, 1126), (230, 1125)],
    '95': [(245, 1143), (252, 1137), (254, 1140), (252, 1142), (255, 1144), (247, 1151), (244, 1149), (247, 1146)],
    '96': [(329, 1160), (334, 1165), (311, 1182), (307, 1176)],
    '97': [(1076, 880), (1079, 891), (1101, 888), (1100, 883), (1097, 883), (1096, 877)],
    '98': [(687, 1029), (701, 1022), (707, 1033), (693, 1040)],
    '99': [(708, 1013), (713, 1021), (729, 1011), (724, 1003)],
    '100': [(334, 579), (335, 588), (331, 588), (331, 596), (364, 593), (363, 580), (351, 581), (347, 578)],
    '101': [(515, 521), (518, 536), (543, 531), (538, 508), (522, 511), (524, 519)],
    '102': [(1036, 306), (1021, 301), (1018, 311), (1028, 314), (1030, 308), (1035, 309)],
    '103': [(1798, 826), (1804, 843), (1854, 831), (1847, 813), (1830, 814), (1824, 810), (1809, 813), (1811, 819)],
    '104': [(1757, 802), (1772, 810), (1758, 834), (1744, 827)],
    '105': [(1782, 806), (1795, 813), (1790, 825), (1777, 819)],
    '106': [(1556, 680), (1581, 674), (1593, 678), (1597, 701), (1579, 706), (1576, 691), (1560, 695)],
    '107': [(1647, 875), (1669, 876), (1668, 891), (1652, 889), (1652, 883), (1647, 883)],
    '108': [(1733, 770), (1744, 759), (1769, 788), (1757, 796)],
    '109': [(1450, 550), (1451, 540), (1462, 536), (1473, 544), (1474, 556), (1464, 562), (1455, 559)],
    '110': [(1737, 1000), (1736, 985), (1815, 977), (1817, 986), (1845, 966), (1857, 981), (1807, 1013), (1800, 1013), (1745, 1017), (1744, 1003), (1762, 1002), (1762, 998)],
    '111': [(790, 115), (813, 121), (817, 108), (794, 102)],
    '112': [(774, 133), (784, 135), (780, 161), (769, 158)],
    '113': [(1930, 515), (1897, 529), (1884, 498), (1915, 485), (1918, 491), (1936, 484), (1944, 504), (1928, 511)],
    '114': [(1694, 1409), (1684, 1419), (1681, 1416), (1686, 1411), (1688, 1407), (1691, 1404)],
    '115': [(174, 809), (175, 821), (153, 823), (162, 809)],
    '116': [(1278, 678), (1295, 678), (1296, 671), (1279, 671)],
    '117': [(849, 1453), (813, 1490), (836, 1510), (831, 1515), (844, 1528), (887, 1486), (943, 1483), (943, 1457), (860, 1462)],
    '118': [(1900, 1077), (1910, 1070), (1914, 1078), (1904, 1084)],
    '119': [(1441, 540), (1451, 540), (1450, 530), (1442, 525), (1435, 532)],
    '120': [(762, 1863), (800, 1826), (818, 1841), (861, 1893), (815, 1938), (768, 1953), (722, 1921), (742, 1889), (748, 1883)],
    '121': [(1561, 1390), (1640, 1465), (1672, 1437), (1643, 1414), (1644, 1398), (1625, 1384), (1609, 1385), (1585, 1364)],
    '122': [(1725, 1292), (1756, 1322), (1784, 1347), (1757, 1377), (1698, 1321)],
    '123': [(1550, 1286), (1532, 1279), (1538, 1253), (1553, 1220), (1569, 1227), (1564, 1237), (1567, 1239), (1585, 1217), (1603, 1231), (1577, 1262), (1574, 1283), (1573, 1307), (1549, 1305)],
    '124': [(394, 1317), (368, 1331), (357, 1315), (361, 1312), (358, 1307), (365, 1302), (360, 1292), (370, 1288), (377, 1291), (383, 1298)],
}
