BUILDING_POLY = {
    '00': [(434, 1379), (477, 1407), (453, 1445), (410, 1419)],
    '01': [(1432, 566), (1441, 570), (1445, 576), (1548, 504), (1518, 463), (1438, 524), (1420, 528), (1423, 545), (1420, 547)],
    '02': [(1286, 506), (1305, 531), (1313, 526), (1325, 539), (1367, 510), (1375, 518), (1414, 487), (1382, 440)],
    '03': [(1331, 395), (1359, 433), (1441, 372), (1415, 331)],
    '04': [(1245, 449), (1276, 492), (1350, 438), (1318, 395)],
    '05': [(1737, 676), (1791, 742), (1818, 723), (1761, 659)],
    '06': [(1623, 772), (1643, 803), (1729, 750), (1718, 737), (1723, 731), (1701, 695), (1677, 710), (1690, 728)],
    '07': [(1680, 882), (1709, 925), (1717, 920), (1723, 931), (1811, 872), (1798, 846), (1804, 839), (1786, 814), (1766, 826), (1774, 842), (1718, 879), (1702, 862)],
    '08': [(1602, 1184), (1602, 1203), (1601, 1231), (1625, 1231), (1625, 1225), (1655, 1226), (1655, 1241), (1685, 1241), (1685, 1226), (1715, 1227), (1715, 1232), (1742, 1232), (1742, 1187), (1717, 1186), (1717, 1191), (1688, 1191), (1688, 1166), (1659, 1166), (1659, 1190), (1627, 1189), (1627, 1184)],
    '09': [(1462, 1221), (1516, 1223), (1517, 1240), (1517, 1251), (1517, 1272), (1500, 1272), (1485, 1271), (1463, 1271)],
    '10': [(1510, 1685), (1521, 1680), (1531, 1676), (1542, 1674), (1553, 1671), (1569, 1670), (1726, 1672), (1740, 1672), (1750, 1674), (1763, 1679), (1780, 1688), (1777, 1697), (1782, 1698), (1774, 1709), (1764, 1703), (1758, 1700), (1749, 1697), (1741, 1695), (1732, 1694), (1567, 1690), (1559, 1691), (1551, 1691), (1544, 1693), (1536, 1695), (1528, 1698), (1520, 1701), (1516, 1693), (1513, 1693)],
    '11': [(509, 657), (513, 654), (516, 657), (613, 591), (611, 576), (614, 574), (602, 556), (597, 557), (588, 550), (542, 579), (536, 582), (500, 609), (508, 619), (499, 625), (492, 634), (500, 645)],
    '12': [(1480, 286), (1432, 322), (1452, 351), (1501, 315)],
    '13': [(1458, 245), (1397, 287), (1421, 321), (1482, 279)],
    '14': [(1629, 369), (1695, 463), (1649, 496), (1589, 412), (1598, 405), (1586, 389), (1592, 386), (1599, 397), (1615, 386), (1612, 379)],
    '15': [(1846, 949), (1812, 980), (1785, 1003), (1842, 1066), (1903, 1009)],
    '16': [(1332, 1020), (1438, 1021), (1437, 1118), (1332, 1115)],
    '17': [(1153, 1490), (1279, 1493), (1278, 1514), (1307, 1515), (1306, 1543), (1286, 1543), (1285, 1597), (1245, 1596), (1247, 1531), (1151, 1530)],
    '18': [(1157, 1555), (1156, 1591), (1143, 1591), (1142, 1603), (1073, 1602), (1073, 1553)],
    '19': [(1126, 1321), (1134, 1321), (1133, 1401), (1168, 1400), (1170, 1269), (1274, 1270), (1275, 1231), (1134, 1231), (1134, 1252), (1128, 1252), (1128, 1239), (1060, 1239), (1059, 1333), (1126, 1333)],
    '20': [(1003, 710), (881, 761), (897, 803), (1020, 747)],
    '21': [(853, 1008), (873, 1034), (800, 1090), (817, 1111), (793, 1128), (771, 1101), (778, 1096), (773, 1089), (792, 1075), (782, 1062)],
    '22': [(1016, 1186), (932, 1186), (932, 1150), (973, 1150), (973, 1136), (947, 1136), (947, 1095), (971, 1096), (971, 1070), (1083, 1073), (1082, 1079), (1099, 1079), (1098, 1056), (1152, 1056), (1152, 1121), (1080, 1120), (1080, 1113), (984, 1113), (983, 1150), (1017, 1151)],
    '23': [(996, 1663), (910, 1708), (874, 1709), (873, 1743), (913, 1743), (913, 1761), (895, 1761), (893, 1798), (979, 1800), (979, 1762), (931, 1759), (932, 1728), (1010, 1689)],
    '24': [(2052, 1591), (1926, 1591), (1914, 1591), (1912, 1690), (2051, 1691)],
    '25': [(1862, 1634), (1901, 1633), (1904, 1634), (1906, 1768), (2063, 1769), (2063, 1809), (1863, 1810)],
    '26': [(1450, 1482), (1591, 1482), (1591, 1549), (1450, 1549)],
    '27': [(1910, 1418), (1786, 1417), (1786, 1395), (1695, 1392), (1693, 1478), (1657, 1479), (1658, 1504), (1687, 1505), (1687, 1512), (1782, 1516), (1780, 1530), (1908, 1530), (1908, 1489), (2018, 1490), (2018, 1439), (1910, 1439)],
    '28': [(969, 1493), (919, 1522), (932, 1546), (925, 1549), (944, 1579), (852, 1631), (801, 1630), (802, 1602), (838, 1603), (881, 1578), (862, 1543), (826, 1564), (803, 1519), (856, 1487), (868, 1509), (950, 1461)],
    '29': [(921, 1398), (852, 1438), (826, 1397), (897, 1356)],
    '30': [(813, 1462), (745, 1502), (718, 1461), (789, 1420)],
    '31': [(2134, 1288), (2100, 1288), (2094, 1440), (2127, 1440)],
    '32': [(1715, 566), (1696, 575), (1702, 587), (1687, 594), (1706, 635), (1739, 619)],
    '33': [(1289, 910), (1207, 898), (1200, 953), (1281, 965)],
    '34': [(1148, 942), (1080, 974), (1057, 925), (1125, 896)],
    '35': [(836, 1283), (830, 1315), (723, 1357), (716, 1344), (712, 1331), (711, 1316), (710, 1303), (711, 1289), (712, 1279), (716, 1265), (721, 1255), (726, 1245), (734, 1236), (743, 1227), (754, 1219), (768, 1209), (774, 1205)],
    '36': [(513, 1513), (624, 1577), (625, 1605), (706, 1605), (707, 1640), (591, 1640), (591, 1618), (566, 1620), (559, 1606), (569, 1586), (495, 1544)],
    '37': [(734, 1542), (736, 1577), (677, 1576), (614, 1535), (631, 1510), (682, 1541)],
    '38': [(500, 1356), (624, 1440), (646, 1405), (630, 1394), (693, 1302), (668, 1286), (602, 1378), (524, 1325)],
    '39': [(230, 1606), (173, 1655), (141, 1649), (150, 1596), (120, 1546), (147, 1426), (421, 1476), (413, 1512), (341, 1499), (331, 1516), (390, 1528), (381, 1566), (315, 1554), (307, 1573), (355, 1583), (348, 1623)],
    '40': [(598, 273), (686, 277), (684, 321), (596, 318)],
    '41': [(688, 1723), (679, 1766), (632, 1756), (628, 1776), (573, 1765), (581, 1727), (620, 1735), (626, 1710)],
    '42': [(143, 1278), (137, 1344), (94, 1339), (88, 1367), (199, 1385), (201, 1375), (212, 1375), (211, 1382), (319, 1402), (326, 1420), (346, 1432), (370, 1431), (385, 1421), (398, 1403), (398, 1387), (395, 1373), (383, 1367), (384, 1346), (335, 1336), (337, 1324), (353, 1328), (354, 1317), (370, 1323), (374, 1312), (353, 1303), (190, 1272), (186, 1289)],
    '43': [(88, 1337), (129, 1342), (135, 1294), (154, 1204), (111, 1195), (94, 1287), (90, 1316)],
    '44': [(1456, 378), (1482, 411), (1486, 408), (1519, 453), (1534, 441), (1537, 444), (1559, 427), (1548, 411), (1540, 416), (1491, 351), (1485, 355), (1481, 349), (1464, 362), (1469, 368)],
    '45': [(501, 1663), (523, 1666), (516, 1710), (495, 1707)],
    '46': [(487, 1414), (474, 1438), (516, 1462), (529, 1438)],
    '47': [(447, 1736), (447, 1739), (451, 1742), (468, 1744), (472, 1743), (474, 1740), (473, 1737), (471, 1734), (452, 1731), (448, 1733)],
    '48': [(468, 1634), (466, 1645), (477, 1646), (478, 1636)],
    '49': [(233, 1642), (241, 1642), (247, 1644), (247, 1634), (241, 1638)],
}
