BUILDING_POLY = {
    '00': [(1718, 872), (1445, 839), (1475, 577), (1642, 596), (1628, 745), (1645, 748), (1650, 693), (1767, 703), (1760, 780), (1745, 779), (1740, 840), (1764, 838), (1776, 857), (1766, 879), (1748, 884)],
    '01': [(1635, 1515), (1657, 1297), (1376, 1269), (1371, 1320), (1309, 1314), (1297, 1434), (1355, 1439), (1350, 1487)],
    '02': [(1254, 1020), (1257, 1013), (1274, 1015), (1269, 1058), (1325, 1065), (1341, 933), (1277, 925), (1279, 907), (840, 855), (837, 880), (782, 873), (777, 914), (828, 920), (822, 971), (985, 991), (975, 1066), (1108, 1082), (1117, 1004)],
    '03': [(1364, 1171), (1488, 1187), (1524, 941), (1402, 925), (1375, 1120), (1358, 1121), (1350, 1146)],
    '04': [(1891, 978), (2105, 998), (2111, 924), (2120, 828), (2078, 824), (2076, 858), (1908, 806), (1897, 916), (1894, 951)],
    '05': [(809, 605), (1374, 660), (1359, 794), (1085, 775), (1061, 764), (792, 738)],
    '06': [(716, 1403), (940, 1426), (961, 1224), (737, 1202)],
    '07': [(612, 1192), (440, 1178), (432, 1228), (378, 1222), (149, 1172), (172, 996), (222, 1005), (222, 1019), (379, 1020), (387, 937), (412, 937), (418, 878), (185, 856), (210, 681), (430, 702), (440, 683), (496, 689), (493, 699), (643, 716), (638, 756), (665, 759), (641, 922), (632, 923), (616, 1062), (625, 1075)],
    '08': [(761, 1620), (623, 1601), (612, 1674), (750, 1689)],
    '09': [(585, 1449), (348, 1425), (337, 1503), (284, 1499), (281, 1517), (185, 1507), (158, 1219), (604, 1265)],
    '10': [(893, 1831), (954, 1830), (956, 1766), (891, 1768)],
    '11': [(1538, 1556), (1517, 1739), (955, 1674), (977, 1492)],
    '12': [(1254, 224), (1511, 253), (1476, 560), (1219, 531)],
    '13': [(2085, 736), (2080, 797), (2117, 801), (2116, 818), (2127, 819), (2134, 740)],
    '14': [(570, 586), (653, 598), (647, 639), (564, 627)],
    '15': [(88, 561), (94, 640), (206, 633), (202, 555)],
    '16': [(98, 693), (189, 688), (173, 922), (157, 923), (155, 939), (140, 938), (137, 971), (113, 971)],
}
