BUILDING_POLY = {
    '00': [(959, 733), (1071, 631), (1193, 764), (1082, 865), (1071, 853), (1060, 864), (981, 778), (991, 768)],
    '01': [(1090, 884), (1207, 779), (1344, 932), (1329, 945), (1343, 960), (1306, 992), (1297, 982), (1262, 1014), (1244, 995), (1238, 999), (1186, 942), (1162, 964)],
    '02': [(623, 801), (697, 736), (686, 724), (703, 709), (714, 720), (900, 556), (997, 666), (719, 910)],
    '03': [(1220, 1135), (1370, 1004), (1590, 1254), (1439, 1385)],
    '04': [(419, 1334), (584, 1200), (600, 1214), (615, 1201), (686, 1280), (668, 1289), (678, 1306), (519, 1449), (501, 1440), (482, 1444), (414, 1371), (431, 1361)],
    '05': [(793, 1649), (941, 1518), (1184, 1792), (1035, 1922)],
    '06': [(409, 1654), (546, 1544), (644, 1664), (539, 1748), (511, 1714), (479, 1740)],
    '07': [(88, 1601), (317, 1414), (405, 1521), (359, 1559), (380, 1586), (340, 1619), (421, 1717), (279, 1833)],
    '08': [(434, 1015), (460, 996), (496, 1034), (474, 1056)],
    '09': [(543, 885), (618, 971), (661, 933), (691, 967), (650, 1002), (724, 1086), (716, 1092), (751, 1131), (761, 1123), (836, 1208), (753, 1280), (680, 1198), (695, 1184), (662, 1147), (650, 1157), (468, 949), (495, 926), (482, 911), (501, 894), (514, 909)],
    '10': [(487, 1079), (512, 1055), (555, 1100), (529, 1125)],
    '11': [(1521, 1490), (1679, 1355), (1730, 1415), (1573, 1550)],
    '12': [(803, 1318), (960, 1184), (1062, 1301), (905, 1435)],
    '13': [(1054, 1546), (1207, 1413), (1343, 1569), (1190, 1702)],
    '14': [(1001, 1385), (1071, 1323), (1152, 1414), (1083, 1476)],
    '15': [(1758, 1154), (2022, 920), (2134, 1045), (1869, 1279)],
    '16': [(1540, 929), (1795, 693), (1879, 783), (1624, 1019)],
    '17': [(1303, 260), (1446, 133), (1573, 273), (1430, 400)],
    '18': [(1400, 502), (1519, 395), (1709, 604), (1593, 708), (1577, 691), (1544, 722), (1559, 738), (1467, 821), (1339, 680), (1424, 604), (1462, 646), (1499, 612)],
    '19': [(1372, 782), (1770, 1218), (1746, 1240), (1348, 804)],
    '20': [(1552, 341), (1622, 277), (1683, 342), (1613, 407)],
    '21': [(1625, 419), (1692, 357), (1814, 488), (1746, 550)],
    '22': [(1964, 738), (2022, 684), (2132, 801), (2045, 882), (1918, 747), (1947, 720)],
    '23': [(1750, 581), (1800, 535), (1939, 681), (1889, 728)],
}
