BUILDING_POLY = {
    '00': [(477, 1690), (490, 1694), (496, 1682), (469, 1674), (476, 1650), (484, 1651), (487, 1642), (493, 1643), (499, 1625), (494, 1622), (502, 1601), (605, 1631), (595, 1658), (598, 1657), (575, 1732), (567, 1729), (564, 1736), (558, 1734), (557, 1739), (469, 1712)],
    '01': [(1698, 1188), (1681, 1185), (1639, 1178), (1639, 1171), (1638, 1162), (1616, 1159), (1616, 1159), (1598, 1136), (1590, 1107), (1594, 1083), (1625, 1088), (1628, 1067), (1666, 1072), (1726, 1082), (1723, 1101), (1739, 1103), (1735, 1125), (1709, 1121), (1706, 1144), (1704, 1152), (1703, 1157), (1779, 1170), (1774, 1201)],
    '02': [(215, 1473), (225, 1450), (234, 1428), (256, 1438), (292, 1452), (329, 1467), (293, 1557), (277, 1551), (272, 1563), (278, 1565), (261, 1609), (255, 1607), (246, 1628), (185, 1604), (166, 1596)],
    '03': [(1518, 1503), (1538, 1501), (1535, 1485), (1565, 1480), (1568, 1495), (1608, 1488), (1621, 1464), (1633, 1471), (1641, 1461), (1628, 1452), (1668, 1398), (1682, 1406), (1693, 1389), (1701, 1394), (1719, 1366), (1742, 1382), (1714, 1423), (1702, 1417), (1661, 1474), (1682, 1485), (1690, 1474), (1742, 1510), (1737, 1515), (1738, 1525), (1708, 1527), (1707, 1516), (1676, 1496), (1676, 1492), (1657, 1479), (1640, 1503), (1542, 1522), (1521, 1524)],
    '04': [(1966, 1136), (1994, 1145), (1980, 1185), (1952, 1176), (1934, 1169), (1934, 1169), (1921, 1173), (1871, 1310), (1840, 1299), (1846, 1282), (1857, 1286), (1871, 1249), (1856, 1244), (1864, 1224), (1876, 1228), (1903, 1154), (1890, 1149), (1903, 1113), (1935, 1125)],
    '05': [(657, 768), (660, 743), (667, 743), (672, 704), (687, 706), (688, 691), (677, 689), (682, 644), (680, 644), (682, 634), (663, 632), (664, 625), (656, 624), (655, 639), (632, 635), (624, 623), (615, 672), (629, 674), (626, 694), (608, 692), (600, 758), (608, 759), (608, 763)],
    '06': [(561, 377), (578, 379), (577, 390), (607, 394), (608, 383), (612, 383), (615, 365), (563, 359)],
    '07': [(1028, 1495), (1006, 1574), (1039, 1583), (1062, 1504)],
    '08': [(1098, 993), (1095, 1012), (1083, 1011), (1081, 1026), (1092, 1027), (1090, 1043), (1120, 1047), (1115, 1083), (1188, 1093), (1242, 1100), (1249, 1047), (1252, 1027), (1238, 1025), (1239, 1015), (1243, 985), (1161, 974), (1157, 1001)],
    '09': [(1315, 1578), (1318, 1598), (1319, 1609), (1409, 1598), (1414, 1636), (1444, 1632), (1435, 1563)],
    '10': [(987, 1695), (1020, 1698), (1029, 1651), (1119, 1644), (1116, 1607), (1005, 1616)],
    '11': [(1139, 1641), (1135, 1608), (1286, 1589), (1289, 1610), (1290, 1623)],
    '12': [(1380, 1726), (1384, 1759), (1540, 1737), (1535, 1707), (1496, 1712), (1486, 1645), (1447, 1650), (1457, 1715)],
    '13': [(1291, 1691), (1288, 1669), (1255, 1674), (1261, 1721), (1360, 1710), (1358, 1684), (1315, 1688)],
    '14': [(1156, 1676), (1159, 1698), (1176, 1696), (1177, 1699), (1226, 1692), (1226, 1687), (1233, 1686), (1232, 1674), (1227, 1675), (1225, 1661), (1218, 1662), (1218, 1658), (1159, 1667), (1160, 1675)],
    '15': [(283, 1003), (340, 870), (475, 928), (457, 971), (418, 1061), (352, 1033)],
    '16': [(498, 802), (510, 841), (489, 876), (507, 896), (548, 862), (630, 893), (640, 869), (570, 837), (541, 826), (509, 792)],
    '17': [(546, 1094), (667, 1143), (671, 1138), (677, 1136), (679, 1129), (681, 1127), (680, 1121), (684, 1117), (683, 1109), (680, 1104), (667, 1097), (666, 1093), (681, 1084), (694, 1054), (658, 1027), (667, 1007), (566, 965), (544, 1018), (549, 1022), (544, 1027), (558, 1032), (541, 1076), (546, 1078), (543, 1085)],
    '18': [(707, 870), (702, 916), (739, 920), (741, 900), (747, 900), (748, 892), (741, 891), (743, 874)],
    '19': [(1339, 968), (1336, 987), (1326, 1053), (1322, 1082), (1319, 1105), (1307, 1183), (1304, 1203), (1324, 1206), (1325, 1198), (1568, 1231), (1571, 1209), (1579, 1211), (1580, 1202), (1463, 1185), (1459, 1184), (1458, 1190), (1450, 1189), (1452, 1175), (1468, 1056), (1436, 1051), (1420, 1170), (1418, 1186), (1370, 1180), (1370, 1176), (1366, 1176), (1366, 1171), (1358, 1170), (1346, 1169), (1354, 1111), (1370, 1113), (1373, 1085), (1377, 1058), (1359, 1056), (1364, 1006), (1381, 1008), (1395, 1009), (1394, 1019), (1411, 1021), (1412, 1021), (1438, 1025), (1605, 1050), (1608, 1030), (1599, 1029), (1604, 998), (1421, 970), (1404, 968), (1401, 984), (1385, 982), (1356, 978), (1357, 971)],
    '20': [(1387, 1119), (1382, 1152), (1409, 1156), (1414, 1123)],
    '21': [(1487, 1085), (1482, 1109), (1487, 1110), (1482, 1134), (1508, 1139), (1555, 1147), (1559, 1123), (1541, 1120), (1543, 1108), (1545, 1096), (1563, 1099), (1567, 1076), (1520, 1068), (1494, 1064), (1490, 1086)],
    '22': [(88, 900), (108, 941), (99, 945), (108, 963), (117, 959), (126, 977), (163, 959), (153, 937), (231, 900), (220, 878), (125, 924), (118, 910), (132, 903), (122, 884)],
    '23': [(209, 694), (194, 729), (204, 733), (196, 751), (188, 747), (174, 781), (212, 797), (242, 810), (288, 829), (302, 795), (310, 775), (324, 743), (279, 724), (249, 711)],
    '24': [(411, 1167), (390, 1210), (385, 1214), (365, 1227), (339, 1216), (294, 1318), (319, 1330), (356, 1248), (386, 1224), (399, 1214), (497, 1257), (508, 1262), (520, 1267), (611, 1307), (630, 1264), (539, 1224), (527, 1218), (516, 1214)],
    '25': [(264, 1409), (272, 1391), (276, 1392), (282, 1380), (275, 1374), (289, 1347), (307, 1356), (374, 1432), (364, 1454), (297, 1424), (299, 1419), (293, 1417), (288, 1414), (284, 1418)],
    '26': [(386, 1439), (406, 1397), (444, 1414), (494, 1304), (535, 1322), (464, 1475)],
    '27': [(1613, 919), (1516, 904), (1513, 924), (1524, 937), (1608, 951)],
    '28': [(589, 524), (705, 551), (747, 375), (714, 367), (705, 405), (692, 402), (670, 496), (599, 480)],
    '29': [(366, 478), (380, 422), (488, 449), (480, 479), (546, 496), (553, 468), (583, 475), (567, 539), (541, 532), (543, 524), (449, 500), (445, 506), (423, 500), (425, 493)],
    '30': [(640, 422), (661, 337), (686, 343), (665, 428)],
    '31': [(749, 428), (757, 400), (766, 401), (768, 390), (831, 403), (827, 425), (853, 430), (864, 424), (880, 358), (907, 365), (907, 371), (914, 372), (894, 472), (759, 444), (761, 431)],
    '32': [(1037, 606), (1033, 630), (1112, 641), (1116, 613), (1104, 611), (1105, 604), (1147, 609), (1134, 586), (1077, 578), (1074, 599), (1080, 600), (1078, 611)],
    '33': [(1051, 1139), (1073, 1133), (1078, 1154), (1088, 1168), (1105, 1183), (1126, 1191), (1145, 1192), (1167, 1189), (1191, 1177), (1205, 1163), (1218, 1140), (1223, 1122), (1226, 1098), (1242, 1100), (1239, 1126), (1247, 1126), (1243, 1142), (1236, 1163), (1230, 1173), (1223, 1183), (1213, 1191), (1201, 1201), (1178, 1214), (1159, 1221), (1138, 1223), (1117, 1222), (1097, 1216), (1081, 1205), (1066, 1193), (1056, 1179), (1046, 1162), (1043, 1142)],
    '34': [(1371, 1361), (1369, 1374), (1368, 1380), (1366, 1391), (1375, 1392), (1374, 1399), (1425, 1405), (1479, 1413), (1479, 1407), (1494, 1409), (1499, 1370), (1504, 1371), (1515, 1281), (1511, 1281), (1511, 1275), (1476, 1271), (1466, 1351), (1463, 1373), (1456, 1372), (1447, 1371), (1379, 1362)],
    '35': [(1429, 331), (1549, 322), (1547, 297), (1494, 301), (1493, 296), (1427, 301)],
    '36': [(1522, 354), (1572, 351), (1578, 452), (1527, 455)],
    '37': [(330, 349), (443, 338), (446, 366), (333, 377)],
    '38': [(1241, 546), (1282, 549), (1282, 560), (1290, 560), (1296, 561), (1297, 551), (1325, 554), (1305, 717), (1288, 715), (1287, 727), (1277, 726), (1279, 712), (1296, 578), (1289, 577), (1284, 577), (1282, 604), (1237, 601)],
    '39': [(1790, 1298), (1898, 1337), (1869, 1418), (1760, 1379)],
    '40': [(1715, 933), (1713, 945), (1721, 946), (1715, 981), (1763, 989), (1761, 998), (1770, 1004), (1780, 996), (1791, 998), (1789, 1007), (1792, 1020), (1804, 1022), (1813, 1014), (1814, 1002), (1819, 1003), (1823, 970), (1790, 966), (1792, 956), (1778, 954), (1768, 952), (1769, 942), (1763, 941)],
    '41': [(1640, 928), (1639, 947), (1657, 951), (1657, 977), (1680, 981), (1682, 932)],
    '42': [(1214, 620), (1202, 711), (1248, 717), (1257, 719), (1262, 685), (1253, 684), (1255, 669), (1260, 626)],
    '43': [(184, 848), (148, 866), (156, 883), (192, 865)],
    '44': [(491, 1501), (470, 1569), (557, 1598), (563, 1583), (549, 1578), (554, 1558), (520, 1546), (531, 1512)],
    '45': [(1220, 723), (1227, 736), (1252, 740), (1251, 750), (1237, 749), (1230, 805), (1241, 806), (1235, 849), (1251, 851), (1257, 852), (1276, 855), (1275, 867), (1478, 895), (1475, 922), (1271, 893), (1256, 891), (1245, 890), (1248, 873), (1232, 871), (1218, 870), (1201, 868), (1202, 855), (1197, 854), (1198, 843), (1211, 746), (1217, 747)],
    '46': [(2008, 1114), (2032, 1132), (2044, 1116), (2020, 1097)],
    '47': [(1977, 1205), (2025, 1220), (2046, 1239), (2108, 1259), (2134, 1182), (2100, 1171), (2086, 1214), (2046, 1201), (2062, 1155), (2043, 1149), (2037, 1167), (2022, 1162), (2014, 1187), (1996, 1182), (1993, 1190), (1983, 1187)],
    '48': [(1888, 1081), (1947, 1104), (1953, 1088), (1963, 1091), (1966, 1083), (1955, 1079), (1960, 1066), (1894, 1042), (1890, 1052), (1883, 1050), (1881, 1057), (1895, 1063)],
}
