BUILDING_POLY = {
    '00': [(1115, 1424), (1117, 1421), (1195, 1323), (1282, 1392), (1234, 1451), (1254, 1466), (1291, 1419), (1322, 1443), (1291, 1482), (1302, 1491), (1335, 1449), (1369, 1476), (1329, 1526), (1342, 1536), (1382, 1486), (1415, 1512), (1384, 1552), (1394, 1560), (1428, 1517), (1465, 1547), (1422, 1601), (1435, 1611), (1425, 1624), (1413, 1614), (1394, 1637), (1362, 1611), (1353, 1623), (1339, 1612), (1348, 1601), (1314, 1575), (1301, 1591), (1287, 1581), (1300, 1565), (1268, 1539), (1253, 1558), (1237, 1545), (1253, 1525), (1221, 1500), (1237, 1479), (1225, 1470), (1209, 1490), (1177, 1464), (1173, 1470)],
    '01': [(1684, 1089), (1760, 993), (1777, 1007), (1815, 1000), (1870, 1045), (1878, 1117), (1834, 1175), (1762, 1184), (1703, 1138), (1701, 1103)],
    '02': [(1198, 514), (1146, 577), (1163, 591), (1166, 594), (1171, 598), (1291, 696), (1304, 707), (1308, 702), (1320, 713), (1370, 652), (1357, 641), (1360, 637), (1219, 523), (1215, 528)],
    '03': [(1549, 1065), (1571, 1036), (1592, 1009), (1655, 927), (1692, 878), (1711, 892), (1716, 885), (1739, 902), (1756, 880), (1800, 914), (1797, 918), (1804, 923), (1818, 934), (1815, 938), (1781, 983), (1757, 964), (1772, 944), (1767, 939), (1632, 1115), (1594, 1086), (1598, 1080), (1590, 1073), (1583, 1083), (1574, 1076), (1570, 1081)],
    '04': [(135, 332), (175, 328), (216, 325), (216, 338), (227, 338), (228, 350), (243, 349), (245, 362), (259, 362), (259, 372), (272, 373), (289, 353), (271, 336), (270, 308), (307, 306), (315, 314), (397, 311), (404, 427), (377, 427), (359, 413), (341, 431), (344, 434), (344, 450), (319, 449), (319, 454), (143, 465)],
    '05': [(1271, 512), (1282, 520), (1280, 526), (1384, 608), (1400, 586), (1459, 629), (1450, 641), (1447, 668), (1448, 670), (1448, 672), (1460, 730), (1566, 810), (1570, 805), (1584, 815), (1596, 800), (1656, 850), (1689, 808), (1532, 682), (1524, 599), (1510, 586), (1503, 593), (1396, 507), (1385, 519), (1325, 476), (1319, 481), (1306, 469)],
    '06': [(1275, 1159), (1250, 1191), (1255, 1195), (1280, 1213), (1292, 1198), (1280, 1189), (1293, 1172), (1280, 1163)],
    '07': [(1314, 1103), (1318, 1098), (1336, 1074), (1358, 1045), (1418, 1090), (1405, 1106), (1392, 1123), (1373, 1148)],
    '08': [(1475, 1558), (1435, 1611), (1425, 1624), (1458, 1649), (1464, 1642), (1524, 1686), (1563, 1639), (1560, 1629), (1558, 1622), (1556, 1617)],
    '09': [(1857, 809), (1869, 888), (1982, 871), (2039, 912), (2058, 997), (2134, 977), (2085, 798), (2066, 782), (2041, 784), (2038, 767), (2024, 768), (2025, 784)],
    '10': [(1456, 1116), (1582, 1209), (1557, 1243), (1553, 1247), (1544, 1260), (1531, 1251), (1519, 1266), (1385, 1167), (1415, 1127), (1405, 1120), (1420, 1100), (1428, 1105), (1447, 1081), (1457, 1089), (1469, 1098)],
    '11': [(1430, 860), (1419, 876), (1386, 920), (1282, 844), (1367, 730), (1440, 784), (1434, 792), (1521, 856), (1531, 842), (1576, 875), (1572, 880), (1583, 889), (1576, 898), (1631, 939), (1598, 983), (1503, 913), (1422, 853), (1427, 846), (1404, 829), (1399, 837)],
    '12': [(794, 1160), (800, 1165), (817, 1177), (829, 1161), (1080, 1347), (1060, 1373), (1069, 1379), (1060, 1392), (1051, 1385), (1038, 1403), (1008, 1443), (974, 1418), (1004, 1378), (1019, 1357), (981, 1329), (965, 1349), (936, 1389), (901, 1363), (931, 1324), (933, 1320), (895, 1292), (893, 1296), (865, 1333), (830, 1307), (858, 1270), (876, 1246), (836, 1216), (818, 1240), (792, 1275), (759, 1250), (785, 1215), (794, 1202), (774, 1187), (786, 1171)],
    '13': [(1425, 1278), (1687, 1478), (1637, 1543), (1625, 1533), (1598, 1568), (1559, 1539), (1566, 1530), (1559, 1524), (1553, 1533), (1514, 1502), (1520, 1494), (1512, 1488), (1506, 1496), (1469, 1467), (1475, 1459), (1465, 1452), (1460, 1459), (1425, 1432), (1416, 1444), (1349, 1392), (1377, 1355), (1359, 1341), (1395, 1294), (1413, 1308), (1427, 1319), (1434, 1309), (1414, 1293)],
    '14': [(1584, 1657), (1563, 1702), (1673, 1749), (1692, 1704)],
    '15': [(188, 847), (212, 814), (203, 808), (291, 689), (300, 696), (304, 690), (324, 704), (340, 682), (313, 663), (323, 648), (318, 644), (386, 551), (391, 555), (400, 543), (457, 584), (445, 600), (448, 602), (382, 691), (376, 687), (360, 708), (370, 716), (357, 735), (429, 787), (433, 782), (419, 771), (520, 633), (575, 672), (472, 812), (470, 815), (450, 843), (438, 834), (345, 962), (296, 926), (371, 824), (313, 781), (238, 883)],
    '16': [(1764, 1283), (1698, 1375), (1752, 1413), (1730, 1444), (1814, 1504), (1779, 1552), (1865, 1613), (1819, 1678), (1839, 1693), (1939, 1554), (1920, 1541), (1887, 1587), (1835, 1550), (1881, 1485), (1787, 1418), (1826, 1364), (1808, 1351), (1788, 1379), (1757, 1357), (1779, 1326), (1794, 1305)],
    '17': [(937, 905), (957, 920), (961, 924), (934, 957), (930, 954), (923, 948), (936, 932), (924, 922)],
    '18': [(1092, 1021), (1134, 1051), (1111, 1081), (1070, 1051)],
    '19': [(343, 592), (245, 724), (230, 713), (197, 759), (211, 770), (173, 821), (179, 825), (138, 880), (88, 844), (272, 595), (295, 612), (321, 576)],
    '20': [(1070, 805), (1213, 915), (1165, 977), (1044, 884), (1079, 838), (1057, 821)],
    '21': [(1241, 933), (1369, 1030), (1358, 1045), (1336, 1074), (1318, 1098), (1190, 1001)],
    '22': [(200, 474), (205, 545), (301, 538), (311, 548), (322, 537), (321, 528), (336, 527), (335, 503), (328, 503), (326, 473), (297, 475), (297, 467)],
    '23': [(1846, 1200), (1870, 1211), (1910, 1143), (1967, 1075), (1947, 1060), (1891, 1131)],
    '24': [(1781, 1253), (1819, 1310), (1849, 1292), (1811, 1236)],
    '25': [(1852, 1301), (1821, 1341), (1848, 1362), (1879, 1321)],
}
