BUILDING_POLY = {
    '00': [(854, 1821), (887, 1741), (832, 1720), (766, 1883), (981, 1973), (1016, 1889)],
    '01': [(806, 82), (1148, 217), (1118, 292), (776, 157)],
    '02': [(1188, 866), (1118, 1042), (1024, 1010), (1026, 990), (1033, 971), (1040, 954), (1045, 941), (1051, 925), (1058, 910), (1064, 897), (1071, 881), (1078, 862), (1086, 848), (1096, 831)],
    '03': [(783, 712), (901, 758), (825, 952), (707, 906)],
    '04': [(1089, 1735), (1071, 1782), (980, 1748), (948, 1828), (889, 1805), (921, 1725), (845, 1695), (864, 1647)],
    '05': [(647, 1679), (662, 1645), (653, 1641), (659, 1626), (637, 1617), (662, 1559), (818, 1625), (791, 1689), (768, 1679), (761, 1695), (755, 1692), (745, 1715), (753, 1718), (729, 1773), (620, 1727), (641, 1676)],
    '06': [(693, 1187), (707, 1154), (665, 1138), (587, 1324), (615, 1331), (603, 1361), (644, 1374), (703, 1223), (689, 1217), (692, 1207), (697, 1212), (705, 1214), (713, 1212), (719, 1207), (721, 1200), (720, 1192), (716, 1186), (710, 1183), (702, 1182), (697, 1184)],
    '07': [(998, 589), (749, 489), (741, 469), (671, 442), (663, 459), (641, 451), (611, 524), (626, 548), (698, 575), (705, 557), (969, 661)],
    '08': [(851, 195), (741, 469), (671, 442), (779, 168)],
    '09': [(1263, 1667), (1488, 1758), (1408, 1943), (1466, 1968), (1563, 1742), (1533, 1730), (1540, 1710), (1423, 1662), (1437, 1630), (1458, 1637), (1604, 1616), (1599, 1583), (1471, 1603), (1440, 1597), (1363, 1565), (1349, 1598), (1401, 1620), (1389, 1650), (1321, 1623), (1312, 1644), (1280, 1631)],
    '10': [(1115, 1774), (1243, 1827), (1268, 1767), (1140, 1714)],
    '11': [(1362, 744), (1635, 852), (1607, 922), (1560, 904), (1539, 958), (1463, 928), (1484, 875), (1333, 816)],
    '12': [(1496, 1034), (1558, 1062), (1575, 1026), (1534, 1007), (1509, 1006)],
}
