BUILDING_POLY = {
    '00': [(1887, 994), (1896, 927), (1900, 928), (1907, 928), (1910, 904), (1903, 903), (1898, 903), (1901, 881), (1903, 869), (1847, 862), (1830, 987)],
    '01': [(1488, 924), (1369, 936), (1365, 894), (1484, 882)],
    '02': [(422, 1278), (501, 1270), (521, 1269), (518, 1235), (419, 1244)],
    '03': [(1024, 1212), (1066, 1208), (1068, 1221), (1151, 1213), (1150, 1202), (1191, 1199), (1188, 1162), (1180, 1163), (1179, 1149), (1155, 1152), (1151, 1112), (1136, 1095), (1121, 1096), (1120, 1080), (1080, 1083), (1081, 1100), (1064, 1101), (1054, 1119), (1058, 1157), (1029, 1160), (1030, 1175), (1021, 1176)],
    '04': [(1010, 853), (1020, 960), (1086, 954), (1151, 948), (1150, 937), (1160, 936), (1159, 930), (1158, 920), (1148, 921), (1148, 912), (1091, 917), (1091, 908), (1082, 909), (1081, 899), (1054, 901), (1052, 877), (1059, 877), (1056, 849)],
    '05': [(849, 821), (854, 928), (804, 989), (700, 1000), (704, 1054), (749, 1049), (751, 1063), (804, 1057), (802, 1035), (828, 1032), (902, 942), (897, 819)],
    '06': [(578, 813), (581, 849), (622, 845), (629, 914), (585, 919), (590, 972), (674, 963), (670, 920), (680, 909), (688, 895), (690, 884), (685, 873), (674, 867), (660, 868), (654, 806)],
    '07': [(1207, 873), (1342, 861), (1340, 838), (1357, 836), (1355, 820), (1396, 817), (1411, 816), (1409, 776), (1285, 785), (1288, 819), (1203, 826), (1206, 864)],
    '08': [(743, 1333), (751, 1406), (801, 1401), (803, 1422), (851, 1417), (847, 1375), (920, 1368), (914, 1316)],
    '09': [(1514, 960), (1529, 1112), (1557, 1110), (1554, 1086), (1622, 1079), (1618, 1038), (1557, 1044), (1548, 956)],
    '10': [(1520, 912), (1511, 825), (1658, 810), (1666, 897)],
    '11': [(576, 787), (616, 784), (612, 727), (637, 696), (664, 692), (666, 707), (712, 704), (713, 695), (765, 647), (740, 626), (708, 657), (659, 662), (657, 649), (616, 654), (569, 703)],
    '12': [(741, 710), (745, 751), (746, 758), (740, 764), (740, 771), (742, 779), (753, 781), (773, 794), (774, 795), (809, 817), (827, 789), (784, 761), (780, 707)],
    '13': [(513, 1191), (534, 1189), (540, 1247), (707, 1232), (705, 1204), (674, 1206), (672, 1189), (671, 1179), (683, 1178), (683, 1168), (691, 1167), (691, 1158), (704, 1156), (699, 1095), (685, 1099), (674, 1108), (667, 1118), (660, 1132), (509, 1146)],
    '14': [(121, 1084), (136, 1084), (150, 1080), (162, 1072), (170, 1060), (174, 1046), (173, 1031), (167, 1018), (157, 1008), (144, 1001), (130, 999), (117, 1002), (105, 1008), (96, 1018), (90, 1031), (88, 1044), (91, 1058), (98, 1069), (109, 1078)],
    '15': [(1381, 612), (1386, 666), (1357, 669), (1352, 615)],
    '16': [(709, 988), (769, 983), (766, 946), (780, 928), (761, 909), (708, 967)],
    '17': [(1170, 839), (1192, 837), (1190, 818), (1227, 815), (1226, 795), (1167, 800)],
    '18': [(306, 1363), (456, 1347), (462, 1410), (439, 1413), (441, 1429), (314, 1443)],
    '19': [(498, 1339), (506, 1415), (592, 1406), (588, 1366), (638, 1361), (638, 1358), (634, 1324)],
    '20': [(1704, 835), (1747, 831), (1750, 867), (1804, 861), (1800, 826), (1832, 823), (1840, 902), (1723, 914), (1721, 891), (1710, 892)],
    '21': [(1637, 1042), (1658, 1040), (1698, 1036), (1702, 1073), (1633, 1081), (1631, 1060), (1639, 1059)],
    '22': [(1188, 1358), (1195, 1360), (1204, 1323), (1197, 1322)],
    '23': [(638, 1358), (669, 1321), (634, 1324)],
    '24': [(2111, 798), (2112, 817), (2088, 819), (2089, 836), (2134, 833), (2131, 796)],
}
