BUILDING_POLY = {
    '00': [(1730, 760), (1727, 763), (1744, 780), (1762, 799), (1739, 822), (1724, 808), (1706, 789), (1700, 783), (1684, 767), (1765, 688), (1768, 691), (1775, 698), (1783, 706), (1753, 735), (1768, 751), (1744, 774)],
    '01': [(646, 1079), (703, 1132), (735, 1097), (750, 1080), (829, 1152), (802, 1182), (758, 1229), (666, 1236), (658, 1229), (585, 1234), (583, 1211), (599, 1210), (598, 1205), (612, 1190), (587, 1167), (605, 1148), (593, 1137), (617, 1111)],
    '02': [(651, 1588), (625, 1544), (758, 1467), (785, 1514), (757, 1530), (745, 1509), (725, 1520), (727, 1523), (694, 1542), (691, 1538), (662, 1554), (674, 1575)],
    '03': [(766, 1562), (765, 1557), (765, 1553), (765, 1548), (767, 1544), (768, 1540), (770, 1537), (771, 1535), (773, 1532), (775, 1530), (778, 1528), (780, 1526), (783, 1525), (785, 1523), (788, 1522), (791, 1522), (794, 1521), (797, 1521), (800, 1521), (803, 1521), (806, 1522), (809, 1522), (812, 1524), (815, 1525), (817, 1526), (820, 1528), (822, 1530), (824, 1533), (826, 1535), (828, 1537), (829, 1540), (830, 1543), (831, 1546), (832, 1549), (832, 1553), (832, 1558), (831, 1562), (830, 1566), (828, 1570), (825, 1574), (823, 1578), (819, 1581), (816, 1583), (811, 1585), (807, 1587), (803, 1587), (798, 1588), (794, 1587), (789, 1586), (785, 1585), (781, 1583), (778, 1580), (774, 1577), (771, 1574), (769, 1570), (767, 1566)],
    '04': [(482, 1427), (515, 1487), (623, 1428), (612, 1407), (575, 1427), (558, 1396), (554, 1393), (550, 1391), (546, 1390), (541, 1389), (536, 1391), (530, 1394), (527, 1397), (525, 1400), (524, 1403), (523, 1407), (524, 1411), (541, 1443), (525, 1452), (505, 1414)],
    '05': [(387, 1478), (402, 1506), (406, 1504), (414, 1518), (481, 1480), (468, 1456), (421, 1482), (411, 1465)],
    '06': [(407, 1551), (459, 1639), (490, 1621), (438, 1533)],
    '07': [(501, 1616), (530, 1670), (483, 1696), (496, 1718), (600, 1662), (588, 1640), (557, 1656), (527, 1602)],
    '08': [(589, 1708), (637, 1797), (668, 1780), (620, 1691)],
    '09': [(773, 1865), (766, 1854), (815, 1828), (823, 1823), (830, 1836), (813, 1846), (819, 1856), (812, 1860), (808, 1854), (793, 1862), (790, 1856)],
    '10': [(828, 1582), (834, 1594), (836, 1598), (857, 1585), (849, 1571)],
    '11': [(826, 1380), (832, 1390), (823, 1395), (831, 1409), (868, 1388), (875, 1390), (882, 1392), (904, 1430), (934, 1414), (901, 1358), (879, 1351)],
    '12': [(499, 1301), (508, 1321), (550, 1329), (556, 1339), (522, 1356), (529, 1370), (587, 1339), (565, 1297), (518, 1292)],
    '13': [(593, 1137), (605, 1148), (587, 1167), (612, 1190), (598, 1205), (599, 1210), (583, 1211), (585, 1234), (658, 1229), (666, 1236), (758, 1229), (802, 1182), (829, 1152), (750, 1080), (735, 1097), (703, 1132), (646, 1079), (617, 1111)],
    '14': [(755, 958), (840, 1033), (812, 1065), (828, 1079), (874, 1027), (872, 1026), (877, 1020), (869, 1013), (873, 1010), (814, 958), (811, 955), (781, 929), (770, 941), (768, 944)],
    '15': [(654, 667), (678, 686), (715, 642), (707, 635), (712, 629), (724, 639), (732, 645), (729, 650), (756, 672), (749, 681), (784, 710), (808, 681), (711, 600), (698, 615)],
    '16': [(1119, 1195), (1187, 1116), (1206, 1133), (1140, 1213)],
    '17': [(513, 279), (506, 279), (499, 280), (491, 281), (484, 284), (479, 286), (474, 289), (466, 297), (463, 301), (459, 306), (457, 317), (456, 324), (456, 332), (457, 338), (458, 345), (460, 351), (463, 356), (467, 362), (472, 367), (476, 371), (481, 375), (494, 382), (508, 388), (520, 392), (529, 393), (538, 401), (534, 406), (548, 418), (547, 407), (556, 396), (562, 402), (567, 399), (571, 396), (575, 393), (579, 389), (582, 386), (585, 382), (588, 377), (591, 371), (594, 366), (589, 361), (594, 353), (584, 344), (583, 346), (576, 340), (574, 334), (571, 328), (562, 313), (554, 303), (545, 294), (540, 290), (535, 286), (527, 283), (521, 281)],
    '18': [(1404, 788), (1361, 834), (1358, 830), (1344, 845), (1364, 864), (1376, 851), (1372, 847), (1395, 823), (1396, 821), (1417, 798), (1422, 803), (1433, 792), (1411, 772), (1400, 785)],
    '19': [(1318, 1053), (1375, 1102), (1396, 1077), (1360, 1047), (1377, 1027), (1356, 1009), (1348, 1018), (1347, 1019)],
    '20': [(1312, 1232), (1280, 1203), (1285, 1198), (1277, 1191), (1271, 1185), (1266, 1190), (1231, 1159), (1216, 1176), (1296, 1249)],
    '21': [(1525, 602), (1551, 574), (1554, 576), (1591, 537), (1579, 526), (1569, 537), (1563, 532), (1546, 550), (1535, 540), (1525, 552), (1519, 546), (1494, 572)],
    '22': [(1461, 575), (1483, 594), (1416, 671), (1394, 653), (1416, 629), (1396, 612), (1420, 584), (1440, 601)],
    '23': [(1517, 633), (1557, 668), (1537, 691), (1497, 655)],
    '24': [(1204, 790), (1208, 788), (1208, 788), (1181, 817), (1194, 831), (1225, 799), (1259, 763), (1243, 750), (1218, 777), (1217, 777), (1220, 767), (1220, 762), (1219, 755), (1217, 750), (1213, 745), (1209, 742), (1205, 738), (1198, 737), (1191, 735), (1185, 736), (1178, 739), (1172, 743), (1167, 749), (1164, 755), (1162, 762), (1163, 770), (1164, 777), (1168, 783), (1172, 788), (1177, 791), (1184, 793), (1192, 793), (1198, 792)],
    '25': [(1403, 735), (1439, 696), (1418, 677), (1383, 717)],
    '26': [(844, 1515), (873, 1497), (915, 1471), (919, 1478), (925, 1474), (934, 1488), (930, 1491), (933, 1495), (871, 1533), (868, 1528), (857, 1535)],
    '27': [(665, 280), (725, 207), (709, 194), (714, 188), (696, 173), (692, 179), (680, 169), (620, 243)],
    '28': [(835, 1198), (868, 1180), (906, 1141), (910, 1136), (933, 1149), (928, 1158), (940, 1165), (937, 1176), (942, 1180), (938, 1185), (946, 1191), (942, 1205), (947, 1213), (888, 1262), (882, 1255), (864, 1263), (850, 1233)],
    '29': [(908, 1437), (936, 1420), (965, 1467), (936, 1485)],
    '30': [(1237, 1009), (1232, 1004), (1239, 995), (1233, 989), (1181, 1048), (1187, 1053), (1183, 1058), (1193, 1067), (1204, 1054), (1200, 1051)],
    '31': [(1449, 735), (1486, 767), (1487, 769), (1488, 770), (1490, 769), (1497, 775), (1496, 777), (1497, 778), (1499, 778), (1500, 778), (1501, 776), (1500, 775), (1506, 768), (1508, 768), (1510, 767), (1510, 766), (1508, 765), (1509, 762), (1537, 731), (1539, 732), (1548, 722), (1545, 719), (1547, 717), (1538, 709), (1536, 712), (1533, 710), (1497, 751), (1462, 720)],
    '32': [(1566, 812), (1591, 833), (1596, 837), (1600, 841), (1623, 860), (1654, 887), (1681, 856), (1699, 831), (1681, 815), (1674, 809), (1664, 800), (1614, 756)],
    '33': [(1419, 1198), (1432, 1209), (1420, 1223), (1436, 1237), (1475, 1192), (1446, 1167), (1438, 1177)],
    '34': [(1341, 1214), (1369, 1240), (1420, 1182), (1413, 1176), (1392, 1158), (1364, 1187)],
    '35': [(622, 1338), (647, 1382), (634, 1390), (648, 1415), (739, 1364), (755, 1355), (770, 1346), (759, 1327), (679, 1371), (651, 1322)],
    '36': [(668, 1309), (676, 1309), (676, 1302), (746, 1303), (746, 1308), (751, 1308), (751, 1323), (709, 1322), (708, 1335), (677, 1335), (677, 1322), (668, 1322)],
    '37': [(1428, 666), (1446, 644), (1459, 655), (1464, 659), (1475, 668), (1456, 690)],
    '38': [(642, 777), (593, 833), (642, 875), (660, 861), (666, 855), (668, 853), (671, 848), (674, 845), (675, 841), (677, 834), (676, 827), (675, 820), (673, 812), (670, 808), (669, 809), (661, 804), (666, 797)],
    '39': [(1673, 656), (1704, 685), (1731, 710), (1757, 683), (1741, 668), (1732, 660), (1698, 629), (1688, 639)],
    '40': [(1761, 463), (1783, 483), (1793, 472), (1798, 476), (1812, 461), (1807, 457), (1826, 436), (1804, 416)],
    '41': [(1721, 445), (1729, 452), (1739, 461), (1752, 447), (1783, 414), (1765, 397)],
    '42': [(1657, 545), (1666, 553), (1674, 561), (1676, 559), (1680, 555), (1701, 533), (1700, 531), (1710, 520), (1716, 514), (1703, 502), (1687, 519), (1684, 517)],
    '43': [(1599, 531), (1618, 549), (1627, 558), (1697, 481), (1692, 477), (1677, 463), (1659, 481), (1663, 485), (1659, 488), (1653, 482), (1625, 512), (1621, 508)],
    '44': [(672, 1884), (707, 1864), (666, 1791), (630, 1810)],
    '45': [(559, 1751), (580, 1740), (562, 1704), (541, 1715)],
    '46': [(944, 1565), (957, 1558), (951, 1547), (961, 1542), (954, 1529), (908, 1555), (913, 1563), (915, 1562), (917, 1566), (938, 1554)],
    '47': [(919, 1651), (947, 1651), (947, 1642), (947, 1598), (938, 1598), (938, 1586), (919, 1586)],
    '48': [(879, 1553), (891, 1546), (886, 1535), (873, 1542)],
    '49': [(824, 1335), (850, 1336), (850, 1323), (864, 1323), (864, 1315), (825, 1315)],
    '50': [(961, 1509), (951, 1491), (888, 1526), (898, 1544)],
    '51': [(657, 1002), (677, 990), (670, 973), (666, 963), (661, 940), (669, 931), (673, 910), (667, 899), (641, 894), (637, 924), (639, 945), (644, 968)],
    '52': [(713, 1023), (723, 1031), (725, 1033), (730, 1037), (690, 1081), (686, 1077), (681, 1073), (674, 1066), (707, 1030), (710, 1027)],
    '53': [(684, 996), (696, 1006), (697, 1007), (701, 1010), (697, 1015), (694, 1019), (639, 1082), (622, 1068)],
    '54': [(539, 746), (556, 760), (598, 710), (560, 679), (547, 695), (568, 712)],
    '55': [(671, 558), (689, 572), (719, 537), (710, 529), (708, 533), (699, 526)],
    '56': [(600, 181), (622, 201), (659, 158), (637, 139)],
    '57': [(658, 594), (674, 576), (635, 542), (618, 542), (595, 568), (613, 583), (626, 568), (630, 568)],
    '58': [(668, 322), (711, 272), (714, 275), (741, 297), (698, 348)],
    '59': [(1098, 600), (1129, 606), (1173, 615), (1178, 594), (1173, 593), (1177, 575), (1106, 560)],
    '60': [(992, 576), (1064, 576), (1064, 556), (992, 557)],
    '61': [(937, 488), (1005, 487), (1005, 468), (937, 469)],
    '62': [(865, 538), (879, 551), (918, 505), (904, 493)],
    '63': [(955, 615), (1004, 614), (1075, 614), (1103, 638), (1117, 623), (1082, 593), (980, 594), (974, 589), (974, 561), (953, 561)],
    '64': [(992, 549), (954, 550), (953, 506), (961, 506), (960, 500), (991, 499), (991, 520), (1014, 519), (1014, 531), (991, 532)],
    '65': [(922, 432), (944, 450), (950, 442), (953, 444), (957, 439), (955, 437), (958, 433), (937, 417), (943, 410), (936, 404), (936, 404), (914, 386), (900, 404), (920, 420), (919, 421), (926, 427)],
    '66': [(1158, 988), (1165, 980), (1168, 983), (1242, 903), (1243, 919), (1239, 923), (1242, 925), (1236, 932), (1238, 933), (1180, 997), (1184, 1000), (1180, 1005), (1172, 997), (1170, 999)],
    '67': [(1174, 877), (1196, 897), (1217, 916), (1189, 947), (1173, 933), (1182, 924), (1174, 917), (1180, 910), (1171, 901), (1174, 898), (1164, 888)],
    '68': [(1165, 1072), (1168, 1119), (1185, 1075), (1179, 1070), (1177, 1068), (1172, 1072)],
    '69': [(1178, 1011), (1191, 1023), (1218, 995), (1204, 983)],
    '70': [(1322, 1246), (1332, 1246), (1344, 1245), (1353, 1245), (1353, 1248), (1358, 1248), (1359, 1258), (1323, 1259)],
    '71': [(1208, 1193), (1208, 1240), (1213, 1240), (1212, 1247), (1225, 1247), (1225, 1258), (1256, 1258), (1256, 1250), (1266, 1250), (1266, 1241), (1266, 1235), (1259, 1230), (1259, 1216), (1246, 1205), (1236, 1205), (1237, 1196), (1223, 1196), (1224, 1185), (1205, 1167), (1200, 1172), (1193, 1180)],
    '72': [(491, 1305), (503, 1327), (492, 1334), (489, 1385), (493, 1393), (465, 1409), (457, 1394), (466, 1319)],
    '73': [(1651, 608), (1617, 645), (1595, 670), (1564, 642), (1597, 607), (1580, 590), (1565, 576), (1575, 567), (1572, 564), (1581, 555), (1584, 557), (1589, 552)],
    '74': [(1734, 589), (1701, 625), (1735, 656), (1744, 665), (1770, 689), (1777, 696), (1783, 702), (1796, 689), (1765, 660), (1787, 638)],
    '75': [(1799, 660), (1830, 635), (1830, 666), (1835, 666), (1835, 689), (1830, 689), (1830, 698), (1829, 705), (1827, 711), (1825, 718), (1820, 732), (1814, 746), (1798, 773), (1783, 789), (1763, 771), (1782, 751), (1775, 743), (1784, 728), (1792, 716), (1798, 700)],
    '76': [(1262, 954), (1301, 990), (1360, 926), (1298, 869), (1284, 884), (1330, 926), (1322, 935), (1304, 919), (1292, 933), (1310, 949), (1299, 961), (1275, 939)],
    '77': [(1426, 959), (1452, 982), (1438, 997), (1445, 1003), (1452, 1009), (1465, 994), (1490, 1016), (1497, 1009), (1505, 1000), (1513, 1007), (1591, 920), (1584, 913), (1592, 905), (1608, 887), (1580, 862), (1600, 841), (1596, 837), (1591, 833), (1571, 854), (1544, 830)],
    '78': [(1147, 1225), (1178, 1210), (1175, 1204), (1176, 1204), (1178, 1208), (1181, 1206), (1180, 1203), (1181, 1202), (1183, 1205), (1185, 1205), (1183, 1201), (1188, 1199), (1195, 1213), (1192, 1215), (1193, 1218), (1182, 1223), (1181, 1220), (1179, 1221), (1182, 1226), (1154, 1240)],
    '79': [(1658, 594), (1665, 601), (1674, 609), (1699, 582), (1724, 555), (1717, 549), (1721, 544), (1714, 538), (1712, 541), (1716, 545), (1714, 546), (1708, 541), (1688, 563), (1684, 567), (1670, 582), (1655, 568), (1647, 577), (1661, 591)],
    '80': [(1565, 576), (1537, 605), (1540, 607), (1535, 612), (1546, 622), (1550, 617), (1553, 620), (1580, 590)],
    '81': [(1348, 1018), (1347, 1019), (1322, 1047), (1318, 1053), (1375, 1102), (1396, 1077), (1360, 1047), (1377, 1027), (1356, 1009)],
    '82': [(658, 1901), (646, 1937), (655, 1940), (653, 1948), (661, 1950), (655, 1966), (677, 1973), (683, 1953), (690, 1955), (703, 1915), (688, 1910)],
    '83': [(1368, 1045), (1387, 1024), (1383, 1020), (1365, 1004), (1400, 964), (1438, 997), (1445, 1003), (1452, 1009), (1472, 1027), (1502, 1054), (1428, 1138), (1392, 1106), (1384, 1099), (1400, 1081), (1404, 1077)],
    '84': [(1018, 479), (1018, 544), (1026, 544), (1074, 544), (1074, 518), (1041, 518), (1041, 488), (1031, 479)],
    '85': [(1388, 763), (1401, 774), (1385, 791), (1373, 780)],
    '86': [(1356, 798), (1368, 809), (1353, 825), (1341, 814)],
    '87': [(561, 1377), (592, 1360), (614, 1398), (582, 1415)],
    '88': [(1225, 960), (1221, 960), (1218, 962), (1215, 965), (1213, 968), (1213, 971), (1214, 975), (1215, 977), (1218, 980), (1221, 981), (1224, 981), (1227, 981), (1230, 979), (1233, 977), (1234, 973), (1234, 970), (1233, 966), (1231, 963), (1228, 961)],
    '89': [(697, 1437), (701, 1445), (704, 1450), (679, 1463), (672, 1450)],
    '90': [(524, 1526), (537, 1550), (577, 1528), (564, 1503)],
    '91': [(1334, 836), (1324, 848), (1332, 854), (1342, 843)],
    '92': [(1410, 762), (1420, 750), (1410, 741), (1400, 753)],
    '93': [(1641, 990), (1647, 995), (1652, 988), (1646, 984)],
    '94': [(1329, 623), (1323, 672), (1349, 675), (1354, 627)],
    '95': [(1419, 407), (1437, 400), (1458, 401), (1477, 468), (1470, 468), (1473, 474), (1463, 475), (1466, 482), (1464, 483), (1466, 489), (1464, 490), (1467, 496), (1464, 497), (1467, 504), (1465, 504), (1468, 511), (1465, 512), (1465, 516), (1452, 516), (1451, 475)],
    '96': [(438, 1533), (490, 1621), (459, 1639), (407, 1551)],
    '97': [(1416, 1130), (1411, 1136), (1415, 1139), (1420, 1134)],
    '98': [(1591, 1016), (1593, 1018), (1611, 1000), (1608, 998)],
    '99': [(780, 368), (793, 379), (787, 386), (789, 407), (804, 418), (825, 416), (820, 412), (829, 401), (850, 418), (881, 380), (895, 391), (865, 428), (867, 429), (859, 439), (856, 436), (847, 448), (835, 438), (840, 432), (832, 426), (828, 431), (823, 431), (822, 434), (803, 437), (803, 435), (801, 434), (800, 433), (798, 435), (776, 417), (777, 415), (775, 414), (774, 412), (772, 412), (770, 384), (771, 384), (771, 382), (773, 380), (771, 378)],
    '100': [(782, 365), (794, 375), (812, 353), (841, 376), (843, 373), (848, 377), (868, 352), (896, 374), (909, 358), (863, 322), (861, 325), (860, 324), (859, 323), (856, 323), (855, 324), (851, 328), (848, 325), (827, 351), (806, 335)],
    '101': [(703, 1132), (665, 1096), (660, 1092), (646, 1078), (617, 1111), (662, 1151), (675, 1163), (636, 1208), (647, 1218), (666, 1236), (754, 1137), (764, 1126), (735, 1097)],
    '102': [(750, 1080), (735, 1097), (764, 1126), (754, 1137), (802, 1182), (829, 1152)],
    '103': [(794, 897), (842, 938), (826, 956), (820, 950), (817, 947), (779, 915)],
    '104': [(773, 906), (754, 927), (752, 930), (733, 953), (727, 947), (720, 956), (727, 961), (720, 970), (722, 972), (716, 979), (715, 981), (709, 988), (682, 966), (749, 886)],
    '105': [(697, 1015), (710, 1027), (707, 1030), (694, 1019)],
    '106': [(681, 1073), (660, 1092), (665, 1096), (686, 1077)],
    '107': [(737, 969), (747, 978), (746, 979), (756, 987), (757, 986), (767, 995), (740, 1029), (733, 1023), (731, 1022), (728, 1020), (729, 1019), (721, 1013), (720, 1014), (711, 1007), (712, 1006), (710, 1004)],
    '108': [(731, 1022), (723, 1031), (725, 1033), (733, 1023)],
    '109': [(817, 947), (811, 955), (814, 958), (820, 950)],
    '110': [(754, 927), (770, 941), (768, 944), (752, 930)],
    '111': [(716, 979), (718, 981), (697, 1007), (696, 1006), (716, 982), (715, 981)],
    '112': [(1676, 559), (1684, 567), (1688, 563), (1680, 555)],
    '113': [(667, 117), (681, 106), (661, 82), (647, 93)],
    '114': [(714, 275), (730, 256), (775, 293), (760, 312), (741, 297)],
    '115': [(1253, 1036), (1261, 1044), (1259, 1047), (1264, 1051), (1253, 1063), (1258, 1067), (1272, 1053), (1284, 1064), (1256, 1094), (1248, 1087), (1226, 1112), (1214, 1101), (1219, 1098), (1209, 1089), (1225, 1071), (1220, 1066), (1247, 1037), (1250, 1040)],
    '116': [(673, 846), (685, 847), (684, 860), (672, 859)],
    '117': [(749, 341), (753, 344), (746, 354), (741, 350)],
    '118': [(775, 724), (790, 735), (802, 719), (804, 714), (803, 708), (803, 701), (799, 696)],
    '119': [(925, 570), (931, 570), (930, 579), (925, 579)],
    '120': [(555, 242), (567, 255), (571, 252), (559, 238)],
    '121': [(538, 1563), (542, 1570), (548, 1567), (544, 1559)],
    '122': [(509, 1511), (513, 1519), (520, 1516), (515, 1508)],
    '123': [(1036, 665), (1041, 667), (1043, 663), (1038, 661)],
    '124': [(1700, 783), (1674, 809), (1681, 815), (1706, 789)],
    '125': [(1732, 660), (1735, 656), (1744, 665), (1741, 668)],
    '126': [(1770, 689), (1768, 691), (1775, 698), (1777, 696)],
}
