BUILDING_POLY = {
    '00': [(722, 822), (1172, 763), (1212, 1059), (1111, 1072), (1088, 879), (737, 931)],
    '01': [(1323, 902), (1355, 1195), (1533, 1177), (1502, 883)],
    '02': [(293, 923), (542, 894), (563, 1078), (315, 1107)],
    '03': [(236, 587), (505, 552), (525, 703), (460, 712), (477, 862), (274, 888)],
    '04': [(1251, 719), (1220, 476), (1047, 497), (1078, 740)],
    '05': [(1303, 649), (1362, 642), (1352, 552), (1657, 522), (1674, 714), (1740, 709), (1723, 436), (1351, 470), (1352, 505), (1286, 513)],
    '06': [(647, 1596), (343, 1638), (353, 1723), (374, 1794), (407, 1858), (449, 1920), (499, 1973), (700, 1946), (691, 1871), (523, 1896), (493, 1855), (467, 1811), (448, 1763), (433, 1711), (659, 1678)],
    '07': [(1641, 82), (1541, 255), (1960, 491), (1986, 431), (1900, 217)],
}
