BUILDING_POLY = {
    '00': [(969, 986), (1042, 929), (1026, 882), (1207, 818), (1356, 875), (1424, 851), (1450, 936), (1486, 923), (1480, 903), (1544, 879), (1555, 904), (1526, 916), (1621, 1196), (1474, 1258), (1436, 1171), (1579, 1113), (1574, 1104), (1515, 1127), (1505, 1103), (1566, 1080), (1560, 1068), (1186, 1215), (1192, 1232), (1360, 1163), (1419, 1302), (1161, 1402), (1030, 1118)],
    '01': [(1847, 758), (1775, 984), (1813, 1044), (1985, 1099), (2071, 829)],
    '02': [(734, 89), (681, 179), (743, 215), (708, 275), (953, 416), (1185, 551), (1224, 484), (1278, 515), (1326, 432)],
    '03': [(318, 758), (583, 286), (729, 367), (717, 389), (566, 658), (475, 820), (465, 839), (444, 827)],
    '04': [(255, 944), (343, 993), (216, 1219), (254, 1358), (402, 1469), (350, 1538), (135, 1377), (112, 1308), (88, 1240)],
    '05': [(463, 1744), (502, 1722), (513, 1736), (567, 1733), (833, 1575), (847, 1595), (839, 1600), (879, 1664), (544, 1861), (532, 1846), (527, 1849), (520, 1839), (524, 1835)],
    '06': [(1865, 1597), (1937, 1583), (1934, 1455), (1990, 1441), (2057, 1607), (2134, 1591), (2049, 1351), (2010, 1362), (1992, 1307), (1972, 1314), (1969, 1306), (1864, 1341), (1864, 1357), (1843, 1364), (1857, 1409), (1840, 1416)],
    '07': [(438, 1966), (484, 1933), (405, 1865), (383, 1880)],
    '08': [(1220, 1460), (1287, 1405), (1372, 1501), (1307, 1558)],
    '09': [(856, 911), (902, 936), (934, 877), (910, 864), (902, 880), (879, 868)],
}
