BUILDING_POLY = {
    '00': [(555, 294), (944, 266), (949, 332), (968, 608), (795, 620), (796, 632), (768, 634), (740, 636), (739, 624), (580, 635), (573, 538)],
    '01': [(1328, 947), (1143, 960), (1126, 729), (1310, 715)],
    '02': [(1253, 1542), (1234, 1346), (1441, 1334), (1440, 1326), (1504, 1321), (1517, 1522)],
    '03': [(1851, 1464), (1865, 1663), (1899, 1660), (1897, 1630), (1909, 1629), (1909, 1626), (1951, 1623), (1950, 1611), (1943, 1612), (1940, 1571), (1953, 1570), (1948, 1499), (1954, 1498), (1952, 1474), (1947, 1474), (1946, 1457)],
    '04': [(1539, 1174), (1539, 1186), (1544, 1186), (1547, 1234), (1543, 1234), (1544, 1249), (1532, 1249), (1541, 1382), (1552, 1381), (1553, 1398), (1558, 1398), (1561, 1439), (1554, 1440), (1555, 1455), (1546, 1455), (1551, 1527), (1650, 1521), (1645, 1449), (1813, 1438), (1812, 1423), (1804, 1423), (1801, 1377), (1809, 1377), (1808, 1365), (1640, 1375), (1632, 1242), (1799, 1231), (1798, 1214), (1789, 1214), (1786, 1167), (1793, 1167), (1792, 1158)],
    '05': [(563, 764), (567, 835), (599, 834), (604, 927), (573, 929), (577, 996), (776, 985), (772, 917), (708, 920), (699, 756)],
    '06': [(139, 784), (88, 1026), (231, 1019), (227, 909), (273, 906), (264, 757), (387, 742), (383, 668), (380, 623), (157, 640), (162, 783)],
    '07': [(107, 1200), (112, 1272), (120, 1272), (121, 1291), (113, 1292), (118, 1361), (226, 1354), (226, 1360), (252, 1358), (252, 1352), (257, 1352), (252, 1282), (140, 1290), (139, 1270), (169, 1268), (164, 1196)],
    '08': [(1145, 510), (1150, 585), (1194, 582), (1194, 590), (1244, 586), (1243, 579), (1303, 575), (1303, 579), (1348, 576), (1348, 572), (1499, 562), (1494, 486), (1451, 489), (1453, 520), (1345, 527), (1343, 502), (1298, 505), (1300, 530), (1192, 537), (1190, 507)],
    '09': [(996, 1109), (1005, 1240), (1014, 1247), (1073, 1244), (1083, 1234), (1071, 1059), (1049, 1061), (959, 1067), (724, 1083), (687, 1086), (586, 1093), (599, 1276), (609, 1283), (667, 1279), (674, 1271), (664, 1132)],
    '10': [(498, 1603), (502, 1672), (445, 1675), (432, 1676), (430, 1676), (432, 1721), (548, 1714), (531, 1438), (309, 1451), (312, 1498), (490, 1487), (493, 1522), (495, 1558)],
    '11': [(645, 1367), (650, 1436), (760, 1429), (765, 1492), (830, 1487), (830, 1497), (831, 1512), (856, 1510), (880, 1509), (879, 1493), (879, 1486), (941, 1481), (937, 1418), (1048, 1410), (1043, 1341), (917, 1350), (914, 1311), (904, 1312), (904, 1307), (897, 1217), (772, 1226), (778, 1316), (778, 1320), (769, 1321), (772, 1358)],
    '12': [(1886, 651), (1890, 717), (1988, 710), (1989, 725), (1956, 727), (1964, 842), (1917, 845), (1921, 897), (1989, 892), (1985, 834), (1998, 833), (2001, 871), (2039, 868), (2027, 707), (2058, 705), (2053, 640), (2004, 643)],
    '13': [(1745, 503), (1748, 495), (1754, 489), (1762, 485), (1771, 484), (1779, 487), (1786, 493), (1790, 501), (1826, 499), (1829, 498), (1827, 462), (1870, 460), (1875, 538), (1794, 543), (1795, 548), (1779, 549), (1777, 551), (1775, 552), (1772, 553), (1769, 553), (1766, 553), (1764, 551), (1762, 550), (1746, 551), (1746, 546), (1665, 551), (1660, 472), (1703, 470), (1705, 506), (1706, 506)],
    '14': [(240, 1751), (242, 1789), (329, 1782), (326, 1745)],
    '15': [(1141, 1055), (1150, 1247), (1337, 1234), (1326, 1042), (1235, 1049)],
    '16': [(1702, 663), (1704, 693), (1709, 693), (1710, 710), (1705, 710), (1706, 729), (1860, 719), (1855, 654)],
    '17': [(1668, 894), (1671, 940), (1834, 930), (1831, 884)],
    '18': [(1430, 684), (1435, 751), (1535, 743), (1535, 753), (1568, 750), (1567, 740), (1697, 731), (1692, 664)],
    '19': [(250, 1688), (252, 1732), (318, 1728), (316, 1684)],
    '20': [(1831, 851), (1868, 849), (1872, 917), (1846, 919), (1847, 927), (1836, 928)],
    '21': [(2119, 284), (2134, 528), (2049, 533), (2035, 289)],
    '22': [(1641, 317), (1646, 384), (1735, 378), (2014, 360), (2012, 341), (2027, 340), (2024, 306), (2009, 307), (2007, 292)],
    '23': [(1180, 1586), (1181, 1599), (1187, 1599), (1191, 1654), (1184, 1655), (1185, 1666), (1437, 1649), (1436, 1637), (1432, 1637), (1428, 1582), (1432, 1582), (1431, 1570)],
    '24': [(1605, 1718), (1609, 1785), (1889, 1765), (1885, 1698)],
    '25': [(861, 827), (866, 908), (970, 901), (964, 820)],
    '26': [(819, 747), (824, 822), (898, 817), (896, 796), (906, 795), (906, 787), (915, 787), (910, 712), (883, 714), (885, 743)],
    '27': [(1818, 998), (1824, 1129), (1855, 1127), (1856, 1147), (1869, 1147), (1868, 1127), (1895, 1125), (1889, 994)],
    '28': [(910, 712), (915, 787), (915, 792), (1086, 782), (1081, 701)],
    '29': [(1695, 1563), (1697, 1596), (1685, 1597), (1686, 1607), (1698, 1606), (1700, 1630), (1815, 1622), (1810, 1555)],
    '30': [(478, 1727), (671, 1726), (672, 1770), (658, 1770), (658, 1781), (639, 1781), (639, 1771), (568, 1771), (568, 1786), (547, 1786), (546, 1772), (478, 1772)],
    '31': [(225, 1459), (226, 1502), (297, 1496), (296, 1454)],
    '32': [(98, 1128), (103, 1186), (173, 1181), (169, 1123)],
    '33': [(1039, 441), (1050, 603), (1117, 598), (1111, 514), (1119, 513), (1117, 481), (1109, 482), (1106, 436)],
    '34': [(1440, 1573), (1447, 1658), (1685, 1640), (1678, 1555)],
    '35': [(425, 656), (428, 753), (429, 787), (427, 787), (427, 790), (396, 791), (356, 793), (356, 789), (308, 791), (310, 842), (347, 840), (347, 839), (380, 838), (381, 859), (395, 858), (407, 858), (407, 838), (477, 836), (476, 785), (472, 785), (468, 655), (471, 655), (469, 612), (418, 614), (419, 653), (419, 657)],
    '36': [(226, 1129), (231, 1209), (282, 1206), (284, 1239), (291, 1347), (469, 1336), (460, 1220), (454, 1114)],
    '37': [(194, 527), (274, 523), (279, 595), (180, 603), (178, 560), (195, 560)],
    '38': [(802, 1733), (802, 1724), (785, 1724), (785, 1708), (673, 1709), (673, 1725), (680, 1725), (681, 1773), (802, 1772), (802, 1757)],
    '39': [(1493, 883), (1497, 951), (1663, 939), (1650, 753), (1599, 757), (1607, 875)],
    '40': [(310, 288), (316, 365), (395, 362), (405, 574), (469, 570), (452, 277)],
    '41': [(1789, 741), (1797, 847), (1882, 841), (1878, 783), (1852, 785), (1848, 736)],
    '42': [(1097, 351), (1102, 420), (1512, 393), (1513, 412), (1523, 571), (1574, 568), (1564, 408), (1558, 322)],
    '43': [(708, 729), (712, 809), (725, 808), (726, 827), (796, 824), (793, 749), (724, 753), (723, 729)],
    '44': [(1924, 965), (1930, 1056), (1941, 1055), (1946, 1119), (2024, 1113), (2013, 959)],
    '45': [(1165, 1541), (1213, 1538), (1206, 1422), (1215, 1421), (1211, 1349), (1151, 1353)],
    '46': [(1910, 1157), (1929, 1452), (1978, 1449), (1971, 1350), (1989, 1349), (1980, 1218), (2009, 1216), (2005, 1151)],
    '47': [(1375, 714), (1393, 960), (1461, 955), (1454, 858), (1465, 858), (1459, 769), (1425, 771), (1421, 711)],
    '48': [(251, 930), (255, 987), (258, 1029), (447, 1016), (444, 964), (438, 894), (390, 897), (393, 937), (301, 943), (300, 927)],
    '49': [(154, 1527), (102, 1530), (111, 1682), (276, 1672), (267, 1518), (210, 1522), (207, 1482), (152, 1485)],
    '50': [(96, 1065), (99, 1109), (173, 1105), (173, 1097), (188, 1096), (188, 1089), (196, 1089), (196, 1081), (196, 1072), (187, 1073), (187, 1066), (171, 1067), (171, 1062)],
    '51': [(1407, 1032), (1426, 1279), (1492, 1274), (1482, 1140), (1459, 1141), (1456, 1097), (1705, 1078), (1703, 1055), (1741, 1052), (1737, 1007)],
    '52': [(1970, 396), (2026, 392), (2036, 540), (1976, 544), (1975, 534), (1891, 540), (1889, 503), (1977, 497)],
    '53': [(261, 282), (262, 316), (281, 316), (282, 352), (234, 356), (235, 399), (310, 393), (303, 278)],
    '54': [(1248, 1719), (1247, 1704), (1316, 1699), (1319, 1736), (1301, 1737), (1301, 1751), (1252, 1754), (1251, 1741), (1240, 1741), (1239, 1720)],
    '55': [(1025, 1772), (1023, 1744), (1052, 1743), (1054, 1770)],
    '56': [(1332, 1717), (1337, 1716), (1338, 1732), (1333, 1733)],
    '57': [(1375, 1714), (1387, 1713), (1388, 1728), (1376, 1729)],
    '58': [(1177, 1742), (1175, 1712), (1227, 1709), (1229, 1738)],
    '59': [(495, 1558), (457, 1560), (352, 1567), (359, 1675), (352, 1675), (356, 1727), (420, 1724), (418, 1672), (412, 1672), (411, 1657), (408, 1609), (498, 1603)],
    '60': [(493, 1522), (455, 1525), (457, 1560), (495, 1558)],
    '61': [(308, 1570), (339, 1568), (344, 1635), (313, 1637)],
    '62': [(329, 1782), (359, 1780), (356, 1742), (326, 1745)],
    '63': [(411, 1657), (443, 1655), (445, 1675), (432, 1676), (432, 1671), (418, 1672), (412, 1672)],
    '64': [(802, 1757), (851, 1757), (851, 1721), (848, 1721), (848, 1709), (848, 1705), (819, 1705), (820, 1732), (802, 1733)],
    '65': [(231, 1209), (218, 1210), (220, 1243), (284, 1239), (282, 1206)],
    '66': [(307, 419), (389, 414), (399, 572), (317, 577)],
    '67': [(686, 1077), (723, 1074), (724, 1083), (687, 1086)],
    '68': [(1560, 1730), (1584, 1729), (1586, 1769), (1562, 1770)],
    '69': [(1702, 1516), (1717, 1515), (1719, 1541), (1704, 1542)],
    '70': [(2021, 1038), (2044, 1037), (2044, 1054), (2041, 1055), (2043, 1078), (2023, 1079)],
    '71': [(2019, 1006), (2032, 1005), (2034, 1034), (2021, 1035)],
    '72': [(1990, 903), (2024, 901), (2026, 950), (1993, 951), (1992, 936), (1983, 936), (1983, 928), (1983, 919), (1991, 918)],
    '73': [(1848, 736), (1874, 735), (1878, 783), (1852, 785)],
    '74': [(965, 340), (1087, 330), (1091, 379), (969, 388)],
    '75': [(1900, 452), (1902, 483), (1962, 478), (1958, 430), (1937, 432), (1938, 449)],
    '76': [(1968, 367), (2009, 364), (2011, 392), (1970, 395)],
    '77': [(897, 914), (1098, 900), (1104, 978), (1044, 982), (1046, 1012), (1049, 1061), (959, 1067), (955, 1019), (953, 986), (902, 990)],
}
