BUILDING_POLY = {
    '00': [(1403, 506), (1402, 530), (1419, 530), (1418, 549), (1438, 550), (1505, 552), (1506, 536), (1530, 537), (1531, 511)],
    '01': [(1181, 436), (1167, 451), (1176, 460), (1131, 503), (1140, 510), (1135, 515), (1174, 558), (1211, 559), (1263, 512), (1220, 467), (1230, 458), (1233, 455), (1219, 438)],
    '02': [(1282, 308), (1280, 344), (1261, 343), (1214, 382), (1231, 402), (1279, 363), (1352, 366), (1352, 349), (1313, 348), (1314, 309)],
    '03': [(1384, 301), (1380, 363), (1419, 365), (1433, 347), (1449, 338), (1466, 333), (1485, 332), (1501, 338), (1507, 347), (1512, 344), (1505, 308)],
    '04': [(1405, 382), (1404, 421), (1421, 422), (1421, 434), (1520, 437), (1520, 429), (1527, 429), (1528, 409), (1460, 407), (1460, 393), (1430, 393), (1430, 382)],
    '05': [(1243, 599), (1239, 756), (1343, 758), (1347, 602)],
    '06': [(1363, 607), (1358, 762), (1414, 764), (1474, 766), (1477, 694), (1533, 696), (1536, 613)],
    '07': [(1503, 728), (1502, 784), (1532, 785), (1533, 729)],
    '08': [(1135, 785), (1133, 828), (1268, 836), (1270, 793)],
    '09': [(1385, 871), (1366, 882), (1342, 916), (1391, 949), (1345, 1016), (1373, 1035), (1406, 985), (1422, 995), (1439, 969), (1418, 955), (1436, 929), (1446, 937), (1456, 924), (1423, 899), (1406, 925), (1389, 914), (1407, 889)],
    '10': [(1071, 1072), (1065, 1106), (1182, 1124), (1186, 1091)],
    '11': [(1023, 1306), (1014, 1376), (1082, 1385), (1086, 1358), (1135, 1364), (1141, 1321)],
    '12': [(784, 1410), (782, 1446), (909, 1452), (911, 1417)],
    '13': [(784, 1503), (782, 1537), (906, 1545), (909, 1510)],
    '14': [(963, 1483), (962, 1514), (1081, 1519), (1082, 1487)],
    '15': [(1158, 1327), (1151, 1390), (1141, 1394), (1140, 1405), (1156, 1407), (1154, 1427), (1092, 1420), (1089, 1448), (1177, 1458), (1191, 1331)],
    '16': [(1202, 1370), (1187, 1458), (1222, 1464), (1237, 1377)],
    '17': [(1288, 1477), (1283, 1592), (1393, 1596), (1397, 1481)],
    '18': [(1143, 1564), (1143, 1595), (1238, 1597), (1239, 1566)],
    '19': [(960, 1561), (959, 1593), (1079, 1597), (1080, 1565)],
    '20': [(755, 1627), (753, 1663), (910, 1670), (911, 1634)],
    '21': [(932, 1641), (931, 1705), (958, 1706), (959, 1682), (965, 1682), (965, 1674), (1011, 1675), (1012, 1649), (961, 1647), (961, 1641)],
    '22': [(706, 1727), (705, 1754), (761, 1756), (761, 1746), (859, 1751), (865, 1751), (865, 1763), (898, 1764), (900, 1734), (859, 1732), (860, 1716), (758, 1711), (758, 1729)],
    '23': [(568, 1650), (566, 1679), (625, 1682), (624, 1702), (693, 1706), (694, 1696), (719, 1697), (722, 1639), (640, 1635), (639, 1665), (693, 1668), (693, 1674), (635, 1671), (636, 1654)],
    '24': [(384, 1639), (383, 1671), (528, 1676), (529, 1644)],
    '25': [(686, 1459), (684, 1534), (738, 1536), (740, 1460)],
    '26': [(715, 1583), (715, 1600), (744, 1601), (744, 1584)],
    '27': [(1124, 1659), (1123, 1683), (1252, 1688), (1253, 1664)],
    '28': [(1278, 1686), (1277, 1716), (1402, 1720), (1404, 1690)],
    '29': [(1389, 1741), (1388, 1766), (1403, 1767), (1402, 1782), (1444, 1783), (1444, 1775), (1461, 1776), (1462, 1743)],
    '30': [(1659, 1746), (1690, 1748), (1719, 1750), (1727, 1743), (1731, 1730), (1732, 1713), (1729, 1696), (1722, 1680), (1711, 1667), (1701, 1658), (1687, 1653), (1687, 1642), (1649, 1640), (1649, 1659), (1657, 1658), (1657, 1669), (1661, 1669), (1661, 1682), (1656, 1682), (1655, 1720), (1660, 1720)],
    '31': [(1447, 1534), (1447, 1565), (1581, 1568), (1581, 1559), (1599, 1559), (1599, 1550), (1585, 1550), (1585, 1536)],
    '32': [(1501, 1487), (1499, 1495), (1508, 1498), (1540, 1535), (1543, 1524), (1509, 1486)],
    '33': [(1257, 1406), (1256, 1464), (1382, 1466), (1382, 1433), (1326, 1433), (1327, 1419), (1330, 1398), (1255, 1383), (1251, 1406)],
    '34': [(1586, 1261), (1586, 1279), (1618, 1280), (1647, 1318), (1672, 1330), (1713, 1330), (1744, 1367), (1763, 1357), (1743, 1327), (1753, 1320), (1737, 1294), (1703, 1292), (1650, 1267), (1657, 1263), (1647, 1245), (1616, 1244), (1614, 1261)],
    '35': [(1828, 1376), (1809, 1410), (1929, 1474), (1936, 1460), (1898, 1440), (1909, 1419)],
    '36': [(1956, 1445), (1934, 1487), (1989, 1517), (2017, 1465), (1991, 1450), (1985, 1461)],
    '37': [(1709, 1169), (1687, 1213), (1740, 1239), (1750, 1220), (1799, 1244), (1800, 1257), (1791, 1276), (1839, 1300), (1867, 1244), (1863, 1226), (1780, 1185), (1772, 1201)],
    '38': [(1821, 1094), (1803, 1130), (1910, 1181), (1926, 1147), (1934, 1151), (1950, 1117), (1914, 1100), (1899, 1131)],
    '39': [(1957, 1184), (1945, 1209), (2050, 1262), (2057, 1249), (2092, 1267), (2103, 1245), (2066, 1174), (1966, 1124), (1951, 1154), (2027, 1192), (2016, 1214)],
    '40': [(1974, 1005), (1961, 1031), (2012, 1056), (2015, 1065), (1992, 1109), (2018, 1123), (2047, 1067), (2036, 1035)],
    '41': [(1874, 956), (1857, 993), (1941, 1033), (1952, 1010), (1888, 980), (1894, 965)],
    '42': [(1898, 868), (1870, 879), (1877, 895), (1889, 914), (1906, 929), (1927, 944), (1953, 951), (1975, 952), (2002, 944), (1996, 917), (1972, 922), (1949, 920), (1929, 909), (1915, 898), (1905, 882)],
    '43': [(1629, 717), (1613, 743), (1697, 794), (1685, 812), (1725, 836), (1753, 790)],
    '44': [(1746, 853), (1840, 909), (1860, 877), (1765, 820)],
    '45': [(1750, 736), (1761, 761), (1843, 724), (1864, 772), (1829, 788), (1840, 811), (1871, 798), (1899, 861), (1958, 834), (1950, 816), (1903, 836), (1884, 791), (1932, 770), (1922, 747), (1874, 769), (1853, 721), (1903, 698), (1892, 673)],
    '46': [(1602, 515), (1602, 533), (1681, 533), (1710, 595), (1734, 584), (1711, 533), (1701, 512), (1691, 517), (1681, 496), (1670, 501), (1676, 515)],
    '47': [(1747, 593), (1715, 608), (1752, 688), (1785, 673)],
    '48': [(1592, 574), (1589, 632), (1603, 632), (1620, 634), (1621, 575), (1602, 575)],
    '49': [(1619, 661), (1618, 716), (1658, 717), (1659, 661)],
    '50': [(1128, 431), (1045, 516), (1040, 538), (1063, 543), (1071, 506), (1136, 439)],
    '51': [(949, 770), (910, 925), (919, 942), (1006, 962), (1017, 956), (1017, 943), (934, 919), (943, 877), (952, 841), (962, 806), (1019, 822), (1011, 855), (1055, 866), (1071, 803)],
    '52': [(812, 734), (804, 764), (856, 778), (914, 793), (922, 764)],
    '53': [(735, 816), (727, 850), (869, 887), (878, 853)],
    '54': [(639, 1046), (638, 1067), (658, 1068), (657, 1091), (813, 1097), (816, 1063), (832, 1063), (843, 1018), (806, 1017), (812, 1054)],
    '55': [(572, 865), (580, 931), (629, 925), (636, 924), (634, 907), (649, 905), (646, 880), (638, 881), (637, 874), (599, 878), (597, 862)],
    '56': [(476, 963), (482, 1005), (590, 991), (590, 981), (597, 981), (592, 947)],
    '57': [(419, 1075), (423, 1099), (427, 1098), (430, 1098), (433, 1113), (498, 1103), (574, 1093), (573, 1081), (576, 1081), (580, 1080), (578, 1054), (565, 1055)],
    '58': [(377, 963), (379, 1022), (451, 1020), (450, 961)],
    '59': [(252, 1042), (253, 1091), (175, 1093), (176, 1147), (283, 1141), (300, 1135), (316, 1130), (345, 1127), (365, 1130), (372, 1133), (366, 1013), (291, 1016), (292, 1040)],
    '60': [(166, 1151), (168, 1226), (285, 1224), (284, 1149)],
    '61': [(233, 1322), (219, 1330), (208, 1341), (203, 1337), (187, 1352), (175, 1370), (163, 1364), (119, 1381), (137, 1426), (146, 1423), (150, 1434), (150, 1442), (160, 1443), (161, 1454), (170, 1454), (169, 1433), (173, 1414), (178, 1398), (185, 1383), (203, 1360), (223, 1342), (238, 1333)],
    '62': [(211, 1618), (224, 1619), (224, 1633), (274, 1633), (305, 1634), (305, 1603), (229, 1602), (229, 1591), (211, 1591)],
    '63': [(1625, 1061), (1632, 1064), (1638, 1066), (1640, 1060), (1746, 1102), (1751, 1090), (1745, 1086), (1752, 1068), (1739, 1063), (1733, 1080), (1646, 1046), (1649, 1038), (1661, 1042), (1670, 1018), (1637, 1005), (1628, 1028), (1637, 1032)],
    '64': [(982, 1907), (962, 1906), (961, 1924), (923, 1921), (925, 1899), (901, 1898), (900, 1912), (868, 1910), (867, 1934), (925, 1938), (924, 1952), (979, 1956)],
    '65': [(761, 918), (758, 932), (802, 945), (800, 961), (745, 964), (744, 985), (819, 983), (816, 949), (816, 947), (808, 930)],
    '66': [(615, 833), (628, 848), (660, 822), (680, 829), (681, 841), (699, 846), (703, 804), (665, 795)],
    '67': [(960, 847), (951, 876), (997, 889), (1006, 859)],
    '68': [(426, 1335), (413, 1336), (400, 1338), (424, 1499), (374, 1557), (346, 1556), (348, 1580), (435, 1573), (458, 1536)],
    '69': [(1467, 1792), (1469, 1757), (1502, 1759), (1501, 1768), (1524, 1770), (1522, 1795)],
    '70': [(1270, 1783), (1270, 1762), (1332, 1764), (1332, 1785)],
    '71': [(1554, 1654), (1553, 1681), (1603, 1683), (1602, 1701), (1650, 1703), (1650, 1677), (1624, 1676), (1624, 1656)],
    '72': [(1875, 1314), (1918, 1336), (1910, 1351), (2009, 1401), (2026, 1368), (2065, 1388), (2086, 1348), (1947, 1277), (1935, 1301), (1893, 1280)],
    '73': [(1440, 1506), (1441, 1457), (1493, 1458), (1492, 1507)],
    '74': [(764, 1366), (764, 1448), (664, 1449), (663, 1390)],
    '75': [(1210, 892), (1231, 927), (1284, 895), (1264, 860)],
    '76': [(1462, 165), (1456, 173), (1450, 177), (1452, 192), (1459, 191), (1464, 198), (1482, 197), (1491, 188), (1489, 177), (1488, 168), (1478, 162)],
    '77': [(1339, 193), (1348, 203), (1363, 187), (1371, 195), (1461, 98), (1443, 82)],
    '78': [(1508, 844), (1515, 858), (1524, 853), (1517, 840)],
    '79': [(1596, 259), (1662, 246), (1652, 200), (1532, 221), (1542, 266), (1551, 265), (1559, 325), (1609, 313)],
    '80': [(366, 1229), (385, 1226), (386, 1245), (367, 1247)],
    '81': [(123, 1188), (165, 1187), (165, 1208), (123, 1208)],
    '82': [(858, 1297), (871, 1294), (861, 1251), (848, 1254)],
    '83': [(1831, 1964), (1835, 1973), (1844, 1969), (1840, 1960)],
    '84': [(1840, 1960), (1835, 1949), (1826, 1953), (1831, 1964)],
    '85': [(1111, 990), (1119, 1043), (1231, 1036), (1233, 1045), (1274, 1041), (1267, 1009), (1282, 1003), (1275, 962), (1274, 957), (1220, 964), (1222, 980)],
    '86': [(1560, 336), (1594, 328), (1599, 353), (1648, 346), (1657, 383), (1571, 401)],
    '87': [(1652, 327), (1717, 313), (1741, 415), (1660, 432), (1652, 403), (1671, 398)],
    '88': [(393, 1187), (397, 1251), (530, 1232), (525, 1200), (571, 1194), (568, 1158)],
    '89': [(1653, 947), (1693, 964), (1689, 974), (1786, 1013), (1804, 961), (1670, 905), (1657, 936)],
    '90': [(1749, 491), (1791, 473), (1828, 553), (1784, 573)],
    '91': [(1022, 1750), (1047, 1751), (1042, 1861), (934, 1857), (935, 1842), (933, 1842), (934, 1825), (936, 1825), (937, 1810), (962, 1811), (961, 1838), (967, 1839), (967, 1835), (1011, 1837), (1011, 1840), (1018, 1841)],
    '92': [(1232, 1530), (1157, 1528), (1157, 1520), (1144, 1525), (1140, 1519), (1135, 1517), (1129, 1512), (1127, 1494), (1130, 1478), (1136, 1471), (1158, 1472), (1158, 1479), (1234, 1480)],
    '93': [(1099, 1647), (1096, 1710), (1069, 1709), (1070, 1678), (1012, 1676), (1013, 1650), (1072, 1652), (1072, 1646)],
}
