BUILDING_POLY = {
    '00': [(1900, 794), (1896, 827), (1879, 960), (1837, 955), (1842, 911), (1830, 910), (1832, 894), (1793, 889), (1801, 833), (1807, 782)],
    '01': [(1123, 104), (1138, 103), (1139, 109), (1220, 86), (1302, 88), (1299, 83), (1311, 82), (1313, 120), (1303, 120), (1300, 123), (1315, 273), (1305, 272), (1303, 277), (1299, 276), (1298, 282), (1294, 283), (1298, 308), (1258, 313), (1253, 307), (1227, 310), (1221, 318), (1182, 322), (1181, 298), (1176, 298), (1176, 291), (1157, 291), (1142, 147), (1139, 141), (1128, 145)],
    '02': [(1503, 714), (1537, 720), (1557, 724), (1567, 665), (1568, 656), (1570, 649), (1575, 622), (1523, 612), (1520, 628), (1517, 627), (1514, 641), (1517, 642), (1516, 647), (1508, 646), (1504, 673), (1511, 674), (1510, 679), (1507, 679), (1505, 690), (1507, 690)],
    '03': [(835, 748), (811, 678), (858, 662), (860, 667), (900, 654), (906, 674), (939, 664), (934, 648), (959, 640), (961, 645), (969, 643), (968, 639), (991, 632), (989, 626), (1028, 613), (1026, 608), (1069, 594), (1090, 658), (1045, 673), (1042, 662), (1015, 671), (1018, 679), (1004, 683), (1008, 695), (976, 706), (942, 717), (939, 709), (914, 717), (910, 707), (875, 719), (879, 733)],
    '04': [(1580, 643), (1575, 672), (1569, 709), (1599, 714), (1605, 681), (1657, 690), (1654, 711), (1671, 714), (1677, 715), (1680, 695), (1734, 704), (1735, 693), (1739, 671), (1686, 662), (1687, 653), (1640, 646), (1639, 653)],
    '05': [(1748, 667), (1745, 687), (1743, 697), (1741, 709), (1729, 707), (1725, 729), (1736, 731), (1732, 755), (1742, 757), (1773, 763), (1789, 674)],
    '06': [(1819, 528), (1811, 528), (1810, 569), (1865, 571), (1867, 504), (1861, 504), (1864, 397), (1672, 393), (1672, 397), (1646, 397), (1646, 405), (1608, 404), (1608, 409), (1602, 409), (1601, 444), (1646, 445), (1646, 443), (1672, 443), (1672, 431), (1646, 430), (1646, 426), (1821, 430)],
    '07': [(940, 1284), (941, 1319), (929, 1320), (933, 1499), (988, 1499), (988, 1470), (1013, 1471), (1013, 1480), (1044, 1480), (1045, 1463), (1056, 1462), (1054, 1416), (1047, 1416), (1046, 1405), (1009, 1407), (1009, 1424), (996, 1424), (996, 1375), (999, 1376), (1002, 1317), (1000, 1302), (967, 1301), (966, 1283)],
    '08': [(1250, 1532), (1248, 1474), (1265, 1474), (1264, 1382), (1247, 1383), (1246, 1327), (1259, 1326), (1271, 1308), (1310, 1307), (1326, 1325), (1334, 1325), (1334, 1368), (1326, 1369), (1326, 1388), (1330, 1388), (1330, 1404), (1326, 1404), (1328, 1449), (1331, 1450), (1332, 1464), (1328, 1464), (1330, 1529)],
    '09': [(329, 401), (345, 447), (378, 436), (381, 443), (391, 440), (389, 434), (445, 415), (443, 409), (458, 404), (454, 391), (460, 388), (457, 380), (451, 382), (447, 369), (404, 383), (402, 376)],
    '10': [(1820, 622), (1825, 574), (1909, 584), (1910, 580), (1942, 583), (1922, 759), (1890, 756), (1890, 750), (1885, 749), (1884, 764), (1814, 756), (1819, 710), (1879, 717), (1880, 708), (1894, 710), (1902, 647), (1886, 645), (1888, 630)],
    '11': [(1299, 1719), (1315, 1719), (1315, 1734), (1328, 1734), (1328, 1744), (1355, 1743), (1354, 1732), (1382, 1731), (1377, 1565), (1315, 1566), (1316, 1593), (1295, 1593)],
    '12': [(1315, 608), (1350, 609), (1377, 620), (1396, 631), (1434, 670), (1483, 631), (1478, 622), (1475, 622), (1466, 609), (1451, 621), (1407, 584), (1348, 567), (1351, 551), (1314, 551)],
    '13': [(1505, 406), (1528, 409), (1527, 416), (1548, 419), (1529, 560), (1579, 567), (1572, 616), (1505, 606), (1508, 588), (1480, 584), (1491, 502), (1487, 502), (1489, 485), (1494, 485)],
    '14': [(1889, 992), (1891, 1046), (1991, 1042), (1989, 988)],
    '15': [(1884, 1267), (1959, 1313), (1987, 1267), (1959, 1237), (1918, 1211), (1893, 1232), (1888, 1243), (1870, 1272), (1878, 1277)],
    '16': [(851, 1129), (885, 1129), (884, 1077), (893, 1076), (893, 1028), (882, 1028), (878, 976), (823, 978), (822, 938), (801, 938), (803, 1009), (824, 1009), (823, 1035), (825, 1107)],
    '17': [(1823, 1203), (1876, 1117), (1917, 1058), (1994, 1103), (1995, 1111), (2027, 1130), (1959, 1237), (1918, 1211), (1893, 1232), (1888, 1243), (1881, 1238)],
    '18': [(1402, 1632), (1403, 1701), (1468, 1700), (1468, 1702), (1466, 1702), (1466, 1709), (1490, 1708), (1490, 1702), (1509, 1701), (1509, 1661), (1508, 1653), (1487, 1653), (1486, 1638), (1439, 1639), (1439, 1632)],
    '19': [(705, 1013), (704, 1023), (708, 1052), (711, 1055), (714, 1055), (722, 1069), (718, 1075), (732, 1082), (743, 1084), (743, 1075), (755, 1067), (761, 1069), (768, 1046), (766, 1036), (764, 1025), (760, 1010), (760, 1003), (766, 982), (757, 978), (754, 952), (692, 962), (697, 988), (689, 994)],
    '20': [(137, 1225), (184, 1221), (181, 1185), (158, 1186), (156, 1165), (161, 1165), (151, 1040), (131, 1041), (129, 1023), (96, 1026), (99, 1063), (120, 1062), (127, 1147), (104, 1148), (107, 1191), (134, 1189)],
    '21': [(1528, 334), (1540, 333), (1540, 330), (1553, 329), (1553, 331), (1555, 331), (1554, 324), (1558, 324), (1560, 346), (1582, 344), (1576, 256), (1563, 257), (1562, 244), (1574, 244), (1570, 189), (1554, 191), (1553, 179), (1530, 181), (1537, 269), (1548, 268), (1551, 309), (1538, 310), (1537, 305), (1519, 306), (1520, 320), (1531, 319), (1532, 326), (1527, 326)],
    '22': [(822, 1336), (888, 1335), (889, 1350), (923, 1350), (922, 1302), (821, 1302)],
    '23': [(1800, 1868), (1862, 1869), (1863, 1828), (1920, 1830), (1919, 1852), (1979, 1854), (1981, 1775), (1921, 1774), (1921, 1783), (1863, 1781), (1863, 1775), (1803, 1774)],
    '24': [(828, 903), (827, 936), (835, 936), (834, 964), (851, 965), (852, 940), (852, 935), (864, 936), (865, 914), (855, 914), (856, 904)],
    '25': [(1013, 1897), (1021, 1800), (1027, 1718), (1033, 1654), (1034, 1624), (1034, 1593), (1055, 1594), (1058, 1549), (1038, 1547), (1039, 1539), (1023, 1538), (1024, 1532), (972, 1528), (971, 1542), (945, 1540), (938, 1617), (928, 1616), (927, 1628), (938, 1629), (938, 1639), (921, 1638), (920, 1653), (917, 1690), (932, 1691), (923, 1807), (758, 1793), (725, 1791), (720, 1862), (690, 1859), (689, 1872)],
    '26': [(573, 457), (558, 453), (557, 456), (548, 458), (543, 465), (551, 479), (568, 470)],
    '27': [(141, 1390), (163, 1443), (408, 1342), (389, 1295), (349, 1311), (356, 1329), (311, 1347), (300, 1319), (282, 1327), (285, 1333), (265, 1341), (264, 1339)],
    '28': [(689, 1373), (722, 1386), (728, 1373), (745, 1379), (748, 1371), (732, 1365), (733, 1361), (809, 1392), (809, 1397), (833, 1410), (841, 1431), (841, 1438), (848, 1437), (854, 1463), (863, 1552), (858, 1552), (857, 1539), (849, 1537), (844, 1542), (844, 1554), (849, 1559), (853, 1560), (854, 1569), (864, 1568), (867, 1587), (913, 1582), (911, 1548), (918, 1548), (914, 1495), (890, 1494), (885, 1423), (907, 1415), (900, 1393), (871, 1362), (863, 1368), (847, 1359), (829, 1353), (825, 1366), (746, 1332), (749, 1326), (714, 1313)],
    '29': [(1989, 1252), (1987, 1319), (2025, 1323), (2030, 1223), (2026, 1223), (2026, 1208), (2021, 1207), (2021, 1194), (2010, 1193), (1993, 1205), (1985, 1227), (2010, 1228), (2011, 1253)],
    '30': [(2045, 1463), (2043, 1555), (2040, 1556), (2040, 1566), (2042, 1569), (2043, 1633), (2039, 1635), (2039, 1648), (2042, 1648), (2041, 1742), (2086, 1741), (2085, 1615), (2089, 1615), (2089, 1590), (2086, 1589), (2088, 1464)],
    '31': [(702, 1543), (700, 1567), (709, 1567), (708, 1572), (802, 1580), (803, 1571), (809, 1572), (811, 1553), (805, 1553), (806, 1545), (722, 1538), (721, 1545)],
    '32': [(1509, 109), (1513, 150), (1543, 149), (1539, 108)],
    '33': [(1523, 1721), (1509, 1721), (1509, 1706), (1520, 1706), (1519, 1695), (1528, 1695), (1634, 1698), (1634, 1714), (1667, 1715), (1668, 1665), (1669, 1633), (1714, 1634), (1712, 1713), (1725, 1714), (1723, 1795), (1784, 1797), (1782, 1864), (1683, 1861), (1683, 1831), (1673, 1831), (1674, 1819), (1609, 1818), (1610, 1769), (1630, 1770), (1630, 1739), (1524, 1736)],
    '34': [(141, 1275), (157, 1236), (108, 1216), (93, 1255)],
    '35': [(1944, 738), (1945, 721), (1950, 721), (1951, 672), (1947, 672), (1947, 658), (1952, 659), (1953, 614), (1956, 614), (1956, 608), (1950, 607), (1950, 594), (1957, 588), (1977, 589), (1977, 592), (2036, 595), (2036, 618), (2033, 618), (2031, 635), (2020, 636), (2020, 650), (2022, 650), (2021, 684), (2018, 683), (2017, 700), (2029, 700), (2028, 717), (2032, 718), (2032, 741), (1970, 738), (1969, 743), (1948, 742)],
    '36': [(659, 1954), (661, 1973), (713, 1970), (712, 1950)],
    '37': [(578, 1561), (574, 1606), (645, 1613), (650, 1568)],
    '38': [(1897, 931), (1940, 931), (1936, 825), (1901, 794), (1896, 827)],
    '39': [(1706, 1891), (1698, 1922), (1729, 1931), (1727, 1940), (1750, 1947), (1754, 1934), (1757, 1924), (1755, 1923), (1737, 1918), (1742, 1901)],
    '40': [(1754, 1934), (1775, 1942), (1777, 1935), (1787, 1938), (1792, 1925), (1806, 1930), (1812, 1914), (1765, 1897), (1755, 1923), (1757, 1924)],
    '41': [(740, 1180), (740, 1297), (756, 1296), (756, 1305), (775, 1307), (775, 1314), (810, 1314), (809, 1258), (821, 1257), (820, 1216), (821, 1195), (814, 1183), (806, 1179), (797, 1178), (797, 1176), (797, 1169), (781, 1172), (772, 1178), (776, 1181), (775, 1185), (763, 1185), (764, 1180)],
    '42': [(1060, 1474), (1058, 1508), (1062, 1594), (1062, 1611), (1095, 1612), (1128, 1594), (1135, 1580), (1139, 1578), (1144, 1578), (1142, 1488), (1137, 1488), (1133, 1488), (1099, 1490), (1091, 1482)],
    '43': [(1576, 989), (1568, 998), (1559, 1006), (1562, 1012), (1564, 1019), (1565, 1028), (1566, 1037), (1563, 1050), (1555, 1062), (1552, 1065), (1544, 1072), (1531, 1078), (1534, 1177), (1536, 1263), (1561, 1262), (1609, 1262), (1657, 1261), (1656, 1241), (1656, 1196), (1640, 1196), (1640, 1136), (1668, 1106), (1672, 1102), (1682, 1092)],
    '44': [(1611, 1562), (1658, 1562), (1656, 1502), (1682, 1501), (1682, 1455), (1655, 1457), (1654, 1436), (1654, 1419), (1688, 1418), (1685, 1271), (1635, 1272), (1637, 1359), (1637, 1384), (1605, 1385), (1604, 1430), (1606, 1458)],
    '45': [(2089, 649), (2129, 649), (2129, 677), (2089, 677)],
    '46': [(2071, 611), (2120, 612), (2120, 641), (2071, 640)],
    '47': [(2090, 574), (2122, 574), (2122, 602), (2090, 602)],
    '48': [(1547, 114), (1581, 111), (1584, 141), (1552, 144), (1552, 137), (1548, 137)],
    '49': [(2080, 1800), (2095, 1801), (2095, 1752), (2053, 1753), (2053, 1778)],
    '50': [(1457, 989), (1476, 1007), (1472, 1016), (1471, 1026), (1471, 1034), (1472, 1043), (1474, 1051), (1482, 1065), (1489, 1071), (1498, 1075), (1503, 1078), (1504, 1180), (1504, 1264), (1471, 1265), (1427, 1266), (1388, 1267), (1388, 1243), (1388, 1222), (1388, 1209), (1357, 1208), (1358, 1148), (1357, 1131), (1357, 1124), (1355, 1115), (1346, 1103), (1379, 1071)],
    '51': [(1021, 1800), (1097, 1807), (1088, 1898), (1013, 1897)],
    '52': [(711, 1708), (717, 1649), (631, 1640), (625, 1699)],
    '53': [(696, 1832), (699, 1832), (708, 1753), (704, 1753), (709, 1710), (643, 1703), (641, 1727), (646, 1741), (653, 1742), (651, 1761), (658, 1761), (656, 1787), (664, 1788), (663, 1798), (673, 1800), (671, 1813), (676, 1813), (674, 1829), (676, 1829), (675, 1844), (694, 1846)],
    '54': [(758, 1777), (769, 1640), (726, 1637), (715, 1760), (717, 1761), (716, 1773)],
    '55': [(311, 1344), (349, 1330), (341, 1309), (308, 1321), (311, 1330), (306, 1332)],
    '56': [(917, 1653), (918, 1639), (920, 1615), (915, 1614), (831, 1605), (831, 1601), (816, 1600), (816, 1603), (714, 1595), (712, 1610), (718, 1611), (716, 1631), (726, 1630), (726, 1637), (776, 1638)],
    '57': [(1634, 1831), (1632, 1873), (1674, 1875), (1674, 1870), (1682, 1870), (1682, 1844), (1679, 1838), (1670, 1839), (1671, 1831)],
    '58': [(2027, 1809), (2050, 1831), (2075, 1805), (2052, 1783)],
    '59': [(1459, 1721), (1444, 1727), (1456, 1757), (1478, 1749), (1469, 1723), (1461, 1726)],
    '60': [(1736, 1306), (1748, 1308), (1749, 1296), (1797, 1295), (1795, 1484), (1734, 1484)],
    '61': [(1734, 1484), (1795, 1484), (1790, 1657), (1730, 1657)],
    '62': [(533, 1657), (527, 1729), (571, 1730), (572, 1660)],
    '63': [(1317, 671), (1333, 671), (1349, 676), (1363, 686), (1373, 699), (1377, 715), (1377, 732), (1371, 748), (1361, 761), (1347, 770), (1331, 775), (1315, 776), (1309, 797), (1380, 773), (1377, 763), (1401, 756), (1422, 819), (1296, 866), (1252, 883), (1185, 678), (1251, 655), (1268, 709), (1257, 712), (1285, 788), (1297, 769), (1287, 758), (1278, 745), (1273, 729), (1273, 713), (1279, 698), (1288, 685), (1301, 676)],
    '64': [(1588, 904), (1642, 812), (1617, 816), (1597, 832), (1583, 852), (1583, 876)],
}
