BUILDING_POLY = {
    '00': [(579, 1177), (582, 1179), (539, 1226), (489, 1181), (538, 1127), (585, 1170)],
    '01': [(520, 987), (524, 1050), (452, 1055), (451, 1044), (448, 1044), (445, 1001), (448, 1001), (447, 991)],
    '02': [(596, 605), (596, 612), (600, 612), (600, 621), (596, 621), (596, 625), (607, 625), (607, 677), (596, 677), (596, 682), (603, 682), (603, 690), (597, 690), (597, 700), (471, 700), (471, 680), (464, 680), (464, 615), (471, 615), (471, 605)],
    '03': [(1090, 193), (1054, 169), (1080, 131), (1116, 155), (1108, 112), (1125, 109), (1131, 143), (1129, 145), (1130, 162), (1105, 199), (1096, 204), (1096, 208), (1052, 215), (1050, 200)],
    '04': [(1154, 82), (1189, 106), (1181, 118), (1145, 94)],
    '05': [(1038, 516), (1038, 547), (1015, 547), (1015, 554), (1019, 554), (1019, 608), (1026, 608), (1026, 620), (1020, 620), (1020, 664), (1018, 664), (1018, 680), (1047, 680), (1047, 706), (939, 708), (940, 730), (911, 730), (910, 686), (938, 685), (938, 676), (994, 675), (994, 669), (991, 669), (990, 558), (993, 558), (992, 548), (941, 549), (941, 544), (931, 544), (931, 539), (905, 539), (905, 504), (935, 503), (935, 517)],
    '06': [(894, 838), (957, 834), (958, 843), (989, 841), (999, 993), (965, 996), (966, 1004), (907, 1008), (904, 962), (900, 962), (895, 886), (897, 886)],
    '07': [(1043, 429), (1112, 427), (1114, 532), (1085, 532), (1085, 537), (1045, 538)],
    '08': [(1039, 507), (1024, 507), (1024, 480), (1022, 480), (1022, 464), (1038, 464)],
    '09': [(674, 444), (674, 452), (707, 452), (724, 452), (758, 452), (758, 444), (724, 444), (708, 444)],
    '10': [(792, 1425), (789, 1519), (829, 1521), (828, 1555), (872, 1556), (874, 1482), (875, 1473), (875, 1454), (877, 1396), (826, 1394), (825, 1426)],
    '11': [(815, 1300), (826, 1300), (825, 1306), (852, 1306), (853, 1301), (874, 1302), (874, 1309), (868, 1309), (868, 1319), (858, 1318), (858, 1337), (888, 1338), (888, 1345), (909, 1345), (909, 1339), (935, 1340), (936, 1314), (926, 1314), (928, 1248), (881, 1246), (881, 1256), (858, 1256), (857, 1268), (855, 1267), (854, 1285), (835, 1285), (835, 1278), (815, 1278)],
    '12': [(1386, 1350), (1385, 1384), (1390, 1384), (1390, 1399), (1429, 1400), (1459, 1401), (1485, 1402), (1521, 1403), (1521, 1389), (1530, 1389), (1531, 1358), (1524, 1358), (1525, 1332), (1500, 1332), (1501, 1306), (1494, 1306), (1494, 1294), (1488, 1294), (1489, 1282), (1424, 1280), (1423, 1301), (1418, 1301), (1417, 1328), (1409, 1327), (1408, 1351)],
    '13': [(480, 897), (489, 896), (491, 934), (476, 935), (478, 960), (516, 958), (509, 840), (477, 842)],
    '14': [(473, 938), (474, 962), (440, 964), (442, 998), (412, 1000), (409, 941)],
    '15': [(1074, 1244), (1073, 1277), (1028, 1275), (1029, 1244), (1010, 1243), (1008, 1300), (1015, 1300), (1015, 1310), (1086, 1312), (1087, 1300), (1095, 1301), (1097, 1245)],
    '16': [(1267, 1626), (1263, 1702), (1275, 1702), (1274, 1731), (1267, 1731), (1267, 1738), (1260, 1738), (1258, 1772), (1288, 1774), (1289, 1744), (1359, 1747), (1360, 1742), (1366, 1738), (1377, 1717), (1374, 1708), (1377, 1631)],
    '17': [(1008, 1612), (1007, 1621), (998, 1621), (998, 1642), (1008, 1643), (1008, 1646), (1065, 1648), (1065, 1660), (1085, 1661), (1086, 1622), (1080, 1622), (1080, 1616)],
    '18': [(998, 1133), (997, 1156), (1004, 1156), (1002, 1181), (1063, 1184), (1064, 1161), (1120, 1164), (1121, 1131), (1046, 1127), (1045, 1132), (1022, 1130), (1022, 1134)],
    '19': [(1029, 1074), (1028, 1087), (1049, 1089), (1049, 1094), (1050, 1098), (1053, 1101), (1059, 1101), (1062, 1099), (1063, 1089), (1065, 1089), (1064, 1093), (1072, 1093), (1072, 1090), (1076, 1090), (1075, 1109), (1089, 1110), (1090, 1077)],
    '20': [(1047, 1061), (1076, 1056), (1069, 1011), (1040, 1016)],
    '21': [(1074, 1025), (1079, 1054), (1088, 1052), (1089, 1058), (1096, 1057), (1090, 1022)],
    '22': [(1102, 1812), (1104, 1819), (1109, 1825), (1114, 1830), (1121, 1832), (1129, 1832), (1136, 1829), (1141, 1825), (1145, 1819), (1147, 1811), (1147, 1804), (1144, 1798), (1140, 1793), (1134, 1789), (1128, 1787), (1121, 1787), (1114, 1790), (1109, 1794), (1105, 1799), (1103, 1805)],
    '23': [(1226, 1856), (1215, 1888), (1217, 1917), (1230, 1946), (1255, 1964), (1291, 1973), (1324, 1959), (1347, 1934), (1316, 1898), (1318, 1891), (1318, 1884), (1317, 1876), (1313, 1871), (1308, 1866), (1300, 1863), (1288, 1861), (1276, 1864), (1268, 1869), (1259, 1866)],
    '24': [(1311, 1004), (1320, 1025), (1366, 1006), (1356, 985)],
    '25': [(882, 1214), (942, 1217), (942, 1204), (958, 1204), (960, 1135), (956, 1120), (952, 1111), (942, 1100), (926, 1091), (909, 1091), (892, 1094), (878, 1103), (869, 1114), (863, 1126), (859, 1199), (883, 1200)],
    '26': [(531, 821), (541, 826), (556, 826), (568, 822), (573, 811), (574, 803), (568, 796), (573, 778), (601, 783), (599, 794), (627, 800), (630, 787), (655, 792), (656, 782), (660, 783), (655, 812), (649, 815), (645, 822), (644, 830), (648, 840), (655, 845), (665, 848), (680, 849), (690, 847), (696, 837), (697, 830), (695, 822), (689, 815), (683, 812), (676, 809), (681, 778), (668, 776), (670, 766), (577, 748), (576, 760), (569, 759), (563, 790), (557, 788), (549, 785), (544, 785), (544, 779), (530, 781), (530, 788), (525, 793), (522, 798), (521, 802), (521, 807), (523, 812), (526, 817)],
    '27': [(625, 572), (639, 586), (661, 562), (654, 555), (649, 561), (642, 554)],
    '28': [(1625, 1569), (1659, 1569), (1660, 1480), (1626, 1479)],
    '29': [(1683, 1494), (1704, 1540), (1717, 1535), (1696, 1488)],
    '30': [(1710, 1470), (1715, 1480), (1749, 1463), (1744, 1453)],
    '31': [(1774, 1462), (1800, 1516), (1813, 1510), (1787, 1456)],
    '32': [(1724, 1566), (1731, 1579), (1808, 1542), (1801, 1529)],
    '33': [(1583, 1388), (1610, 1419), (1647, 1386), (1620, 1356)],
    '34': [(1648, 1351), (1659, 1365), (1678, 1350), (1667, 1336)],
    '35': [(1286, 969), (1293, 984), (1315, 975), (1328, 968), (1321, 953)],
    '36': [(1285, 912), (1292, 929), (1329, 913), (1322, 897)],
    '37': [(1616, 1601), (1615, 1628), (1681, 1630), (1682, 1603)],
    '38': [(1364, 997), (1376, 992), (1371, 980), (1359, 985)],
    '39': [(1320, 987), (1332, 982), (1328, 970), (1315, 975)],
    '40': [(1175, 1728), (1180, 1733), (1178, 1736), (1173, 1731)],
}
