BUILDING_POLY = {
    '00': [(345, 754), (436, 743), (442, 749), (445, 791), (300, 809), (258, 814), (257, 808), (254, 809), (250, 808), (246, 808), (243, 807), (240, 805), (237, 803), (235, 800), (233, 797), (231, 794), (231, 790), (230, 787), (231, 783), (232, 780), (233, 776), (235, 773), (237, 771), (240, 769), (243, 767), (247, 766), (250, 765), (254, 765), (257, 766), (261, 767), (264, 768), (267, 771), (270, 770), (269, 763), (293, 760), (318, 757), (301, 630), (185, 645), (183, 628), (179, 629), (168, 544), (315, 525)],
    '01': [(729, 1641), (731, 1637), (726, 1635), (748, 1570), (754, 1552), (755, 1549), (772, 1555), (773, 1551), (867, 1582), (836, 1677)],
    '02': [(826, 641), (830, 616), (665, 592), (657, 648), (822, 672)],
    '03': [(1040, 667), (1033, 712), (932, 697), (939, 652)],
    '04': [(470, 715), (479, 784), (559, 774), (556, 750), (562, 749), (553, 675), (552, 666), (550, 654), (543, 655), (540, 630), (461, 639), (469, 707)],
    '05': [(1290, 1424), (1177, 1479), (1186, 1496), (1152, 1512), (1162, 1532), (1165, 1531), (1171, 1543), (1156, 1550), (1175, 1589), (1394, 1481), (1375, 1442), (1332, 1463), (1328, 1455), (1336, 1451), (1325, 1430), (1299, 1442)],
    '06': [(1320, 666), (1314, 706), (1265, 699), (1270, 659)],
    '07': [(1332, 671), (1563, 708), (1558, 738), (1327, 700)],
    '08': [(1657, 723), (1571, 709), (1566, 742), (1647, 754), (1649, 743), (1653, 743)],
    '09': [(1213, 733), (1184, 955), (1137, 949), (1138, 941), (1138, 935), (1018, 920), (1023, 885), (1035, 887), (1037, 874), (1094, 881), (1118, 884), (1119, 875), (1120, 864), (1138, 724), (1181, 729)],
    '10': [(1011, 757), (993, 892), (937, 885), (955, 750)],
    '11': [(995, 895), (985, 969), (872, 954), (767, 940), (769, 926), (755, 924), (756, 917), (714, 911), (702, 897), (703, 884), (718, 870), (768, 877), (769, 866), (606, 844), (610, 817), (621, 818), (624, 794), (810, 819), (800, 893), (951, 913), (952, 906), (963, 907), (966, 891)],
    '12': [(813, 707), (801, 787), (723, 775), (633, 761), (639, 719), (645, 681), (692, 688), (788, 703)],
    '13': [(928, 718), (921, 775), (910, 867), (842, 859), (853, 767), (859, 715), (923, 722), (923, 717)],
    '14': [(906, 624), (905, 633), (910, 634), (907, 657), (895, 656), (892, 675), (848, 669), (852, 635), (859, 636), (860, 627), (873, 628), (873, 631), (894, 634), (895, 623)],
    '15': [(582, 678), (575, 719), (584, 720), (581, 743), (603, 746), (627, 588), (541, 575), (535, 611), (591, 619), (583, 670)],
    '16': [(550, 500), (545, 511), (540, 509), (530, 530), (617, 570), (631, 537)],
    '17': [(537, 498), (513, 548), (524, 554), (510, 583), (463, 561), (501, 481)],
    '18': [(472, 470), (464, 495), (405, 476), (413, 451)],
    '19': [(337, 416), (340, 437), (347, 436), (350, 458), (344, 459), (347, 483), (139, 513), (130, 446)],
    '20': [(436, 743), (442, 749), (470, 715), (469, 707)],
    '21': [(432, 737), (425, 682), (349, 691), (356, 746)],
    '22': [(415, 510), (433, 657), (348, 667), (330, 521)],
    '23': [(512, 1203), (493, 1266), (498, 1267), (492, 1290), (486, 1288), (465, 1347), (361, 1312), (373, 1273), (350, 1265), (358, 1242), (355, 1240), (364, 1216), (369, 1217), (374, 1199), (399, 1206), (411, 1168)],
    '24': [(463, 1361), (461, 1365), (465, 1367), (450, 1409), (448, 1408), (446, 1414), (393, 1394), (380, 1390), (397, 1339)],
    '25': [(493, 1460), (496, 1463), (497, 1465), (497, 1473), (501, 1475), (490, 1504), (487, 1503), (485, 1506), (367, 1454), (372, 1442), (366, 1439), (366, 1436), (366, 1433), (367, 1431), (369, 1428), (369, 1425), (369, 1423), (370, 1422), (373, 1422), (376, 1421), (382, 1423), (393, 1394), (446, 1414), (456, 1417), (451, 1431), (488, 1447), (492, 1451), (493, 1455)],
    '26': [(725, 1543), (754, 1552), (748, 1570), (719, 1560)],
    '27': [(452, 864), (466, 857), (480, 886), (466, 892)],
    '28': [(1477, 1477), (1142, 1636), (1239, 1841), (1577, 1680), (1569, 1663), (1581, 1657), (1521, 1531), (1506, 1538)],
    '29': [(1688, 1074), (1685, 1053), (1679, 1054), (1682, 1075)],
    '30': [(1180, 650), (1168, 648), (1165, 680), (1177, 681)],
    '31': [(1309, 1375), (1247, 1367), (1245, 1382), (1307, 1391)],
    '32': [(1163, 653), (1155, 652), (1152, 678), (1160, 679)],
    '33': [(202, 396), (165, 295), (137, 303), (163, 400)],
    '34': [(1682, 1399), (1681, 1394), (1670, 1403), (1672, 1406)],
    '35': [(1739, 737), (1738, 747), (1733, 746), (1732, 752), (1728, 752), (1721, 795), (1725, 795), (1724, 800), (1732, 801), (1730, 815), (1810, 829), (1824, 753)],
    '36': [(510, 1038), (508, 1034), (504, 1034), (505, 1040)],
    '37': [(1219, 640), (1207, 639), (1201, 685), (1213, 687)],
    '38': [(1796, 833), (1695, 819), (1685, 891), (1720, 896), (1728, 835), (1795, 844), (1786, 911), (1800, 913), (1810, 843)],
    '39': [(1200, 646), (1188, 644), (1182, 682), (1195, 684)],
    '40': [(812, 1493), (799, 1489), (796, 1499), (809, 1503)],
    '41': [(1757, 1341), (1755, 1338), (1748, 1345), (1750, 1348)],
    '42': [(1432, 1393), (1367, 1383), (1365, 1399), (1429, 1409)],
    '43': [(1867, 874), (1853, 872), (1848, 916), (1862, 917)],
    '44': [(1926, 884), (1910, 883), (1905, 926), (1921, 928)],
    '45': [(493, 481), (485, 477), (482, 484), (490, 488)],
    '46': [(646, 1559), (632, 1555), (627, 1573), (641, 1577)],
    '47': [(491, 277), (381, 214), (349, 271), (448, 328), (442, 339), (455, 346), (460, 338), (453, 334), (455, 330), (459, 333)],
    '48': [(495, 580), (484, 574), (480, 581), (491, 587)],
    '49': [(1073, 1543), (1059, 1538), (1050, 1566), (1065, 1571)],
    '50': [(1606, 1457), (1604, 1454), (1592, 1462), (1594, 1466)],
    '51': [(2134, 978), (2128, 974), (2092, 1019), (2097, 1024)],
    '52': [(315, 1081), (315, 1072), (303, 1074), (304, 1082)],
    '53': [(1077, 791), (1071, 790), (1070, 796), (1077, 797)],
    '54': [(1626, 1077), (1599, 1053), (1587, 1067), (1615, 1091)],
    '55': [(1798, 942), (1777, 942), (1777, 949), (1798, 949)],
    '56': [(481, 573), (466, 566), (462, 575), (477, 582)],
    '57': [(952, 1509), (937, 1504), (924, 1541), (858, 1518), (852, 1535), (932, 1563)],
    '58': [(1913, 868), (1902, 867), (1901, 876), (1912, 877)],
    '59': [(1085, 792), (1080, 792), (1079, 797), (1085, 798)],
    '60': [(483, 476), (474, 472), (471, 479), (480, 483)],
    '61': [(1839, 912), (1820, 910), (1818, 924), (1837, 927)],
    '62': [(503, 1044), (493, 996), (473, 1000), (483, 1048)],
    '63': [(492, 1091), (488, 1069), (469, 1072), (472, 1092)],
    '64': [(1700, 929), (1689, 921), (1647, 972), (1652, 975), (1662, 1042), (1682, 1037), (1675, 993), (1713, 948), (1762, 946), (1761, 926), (1718, 926), (1718, 930)],
    '65': [(696, 580), (664, 575), (662, 587), (694, 592)],
    '66': [(734, 590), (719, 589), (718, 596), (733, 598)],
    '67': [(1114, 770), (1038, 761), (1035, 784), (1111, 793)],
    '68': [(1579, 1475), (1575, 1469), (1568, 1474), (1572, 1480)],
    '69': [(155, 287), (153, 278), (88, 293), (93, 310)],
    '70': [(1010, 1554), (961, 1538), (950, 1570), (999, 1586)],
    '71': [(582, 678), (583, 670), (577, 669), (579, 649), (567, 648), (565, 667), (560, 667), (552, 666), (553, 675), (561, 676)],
    '72': [(826, 641), (822, 672), (833, 673), (835, 661), (833, 661), (836, 643)],
    '73': [(1097, 860), (1094, 881), (1118, 884), (1119, 875), (1120, 864)],
    '74': [(894, 1051), (903, 1073), (943, 1055), (932, 1032)],
    '75': [(422, 1035), (439, 1032), (425, 961), (409, 964), (402, 929), (304, 949), (311, 985), (297, 988), (312, 1056), (326, 1054), (327, 1063), (324, 1063), (328, 1081), (333, 1080), (337, 1097), (431, 1078), (424, 1043)],
    '76': [(729, 1285), (734, 1270), (790, 1288), (826, 1181), (832, 1183), (838, 1165), (824, 1160), (835, 1128), (846, 1125), (855, 1119), (862, 1111), (866, 1102), (868, 1091), (866, 1080), (861, 1071), (854, 1063), (844, 1058), (834, 1055), (823, 1056), (813, 1060), (805, 1066), (798, 1074), (681, 1036), (646, 1022), (623, 1089), (611, 1125), (597, 1167), (582, 1210), (619, 1222), (666, 1238), (718, 1084), (775, 1103), (740, 1209), (722, 1261), (687, 1250), (680, 1269)],
    '77': [(960, 1475), (970, 1478), (960, 1508), (973, 1512), (968, 1526), (1010, 1540), (1032, 1481), (1038, 1462), (1055, 1408), (1017, 1391), (1002, 1397), (995, 1406), (980, 1400), (985, 1387), (965, 1380), (960, 1394), (943, 1388), (955, 1353), (751, 1286), (749, 1292), (729, 1285), (680, 1269), (650, 1365), (656, 1367), (641, 1411), (641, 1422), (644, 1432), (649, 1440), (657, 1447), (666, 1452), (677, 1454), (687, 1453), (697, 1449), (705, 1443), (711, 1434), (726, 1390), (743, 1396), (762, 1336), (825, 1357), (809, 1407), (760, 1391), (745, 1437), (872, 1479), (862, 1509), (927, 1530), (937, 1500), (950, 1504)],
    '78': [(114, 405), (102, 408), (98, 394), (111, 391)],
}
