BUILDING_POLY = {
    '00': [(754, 656), (750, 653), (713, 629), (722, 614), (713, 609), (682, 589), (703, 557), (725, 572), (727, 570), (726, 569), (729, 564), (726, 562), (731, 552), (738, 552), (739, 551), (744, 550), (754, 548), (778, 543), (780, 543), (785, 568), (797, 580), (795, 581), (807, 589), (809, 590), (820, 595), (825, 597), (826, 595), (831, 596), (838, 597), (844, 597), (844, 600), (866, 598), (867, 598), (868, 596), (870, 595), (872, 593), (874, 592), (876, 591), (878, 591), (880, 592), (881, 590), (900, 598), (899, 603), (907, 606), (895, 640), (860, 628), (855, 628), (850, 629), (844, 629), (833, 629), (842, 635), (839, 639), (841, 640), (846, 643), (812, 693), (808, 691), (769, 665)],
    '01': [(1154, 1155), (1142, 1120), (1145, 1119), (1149, 1118), (1160, 1114), (1161, 1113), (1165, 1123), (1176, 1130), (1177, 1131), (1171, 1140), (1178, 1159), (1172, 1162), (1159, 1166)],
    '02': [(1404, 1664), (1410, 1654), (1403, 1649), (1406, 1645), (1407, 1646), (1409, 1644), (1413, 1638), (1419, 1629), (1417, 1627), (1420, 1623), (1422, 1624), (1423, 1623), (1427, 1615), (1433, 1607), (1431, 1606), (1434, 1602), (1436, 1603), (1438, 1600), (1442, 1593), (1447, 1586), (1445, 1585), (1448, 1580), (1456, 1585), (1460, 1579), (1462, 1576), (1466, 1579), (1465, 1581), (1479, 1590), (1483, 1593), (1497, 1602), (1501, 1604), (1515, 1614), (1516, 1612), (1520, 1615), (1514, 1624), (1522, 1629), (1519, 1633), (1517, 1631), (1505, 1649), (1508, 1651), (1505, 1655), (1503, 1654), (1492, 1671), (1494, 1672), (1491, 1676), (1489, 1675), (1478, 1692), (1480, 1693), (1477, 1698), (1469, 1693), (1463, 1702), (1458, 1699), (1460, 1697), (1446, 1688), (1444, 1690), (1422, 1675), (1424, 1672), (1410, 1664), (1408, 1666)],
    '03': [(1217, 1485), (1198, 1471), (1170, 1451), (1175, 1443), (1169, 1415), (1177, 1404), (1164, 1395), (1163, 1356), (1162, 1338), (1214, 1373), (1204, 1387), (1193, 1402), (1191, 1405), (1180, 1421), (1182, 1433), (1190, 1423), (1194, 1427), (1213, 1440), (1236, 1456), (1233, 1461), (1231, 1464), (1230, 1465), (1231, 1467), (1228, 1471), (1225, 1475), (1223, 1475)],
    '04': [(817, 1808), (798, 1837), (725, 1790), (744, 1760), (749, 1763), (756, 1752), (762, 1744), (753, 1738), (801, 1664), (830, 1682), (820, 1698), (810, 1713), (799, 1729), (781, 1756), (778, 1755), (775, 1761), (770, 1770), (769, 1771), (806, 1794), (810, 1797), (809, 1800), (810, 1801), (814, 1803), (815, 1804), (814, 1806)],
    '05': [(848, 1808), (822, 1790), (819, 1788), (813, 1784), (814, 1782), (820, 1774), (818, 1772), (826, 1760), (828, 1757), (830, 1754), (831, 1755), (846, 1732), (872, 1749), (882, 1756), (881, 1758), (868, 1777), (865, 1782)],
    '06': [(1069, 1568), (1021, 1610), (1014, 1605), (1040, 1566), (1048, 1554), (1049, 1554)],
    '07': [(1581, 1421), (1546, 1397), (1549, 1392), (1547, 1390), (1554, 1380), (1556, 1377), (1571, 1355), (1573, 1356), (1577, 1351), (1612, 1375), (1609, 1379), (1611, 1381), (1596, 1403), (1594, 1406), (1587, 1417), (1585, 1415)],
    '08': [(1648, 1435), (1620, 1417), (1618, 1415), (1631, 1395), (1634, 1392), (1637, 1386), (1644, 1390), (1647, 1385), (1644, 1384), (1645, 1382), (1649, 1377), (1651, 1374), (1658, 1362), (1662, 1357), (1664, 1354), (1667, 1356), (1670, 1351), (1664, 1347), (1668, 1340), (1665, 1338), (1663, 1336), (1661, 1339), (1636, 1323), (1632, 1320), (1651, 1290), (1681, 1309), (1676, 1317), (1682, 1320), (1684, 1317), (1713, 1336), (1693, 1366), (1690, 1364), (1687, 1369), (1694, 1374), (1674, 1403), (1668, 1399), (1666, 1401), (1664, 1404), (1667, 1405)],
    '09': [(1641, 1283), (1634, 1293), (1626, 1305), (1621, 1313), (1621, 1313), (1614, 1309), (1604, 1324), (1552, 1290), (1583, 1244)],
    '10': [(1509, 1348), (1506, 1348), (1503, 1347), (1501, 1345), (1499, 1343), (1499, 1339), (1500, 1337), (1500, 1336), (1501, 1334), (1503, 1333), (1505, 1332), (1507, 1331), (1507, 1330), (1513, 1322), (1520, 1310), (1528, 1299), (1529, 1300), (1536, 1291), (1564, 1310), (1563, 1311), (1549, 1332), (1550, 1333), (1551, 1334), (1552, 1334), (1552, 1335), (1552, 1335), (1552, 1336), (1552, 1337), (1552, 1338), (1551, 1339), (1551, 1339), (1550, 1340), (1550, 1340), (1549, 1340), (1548, 1340), (1547, 1340), (1546, 1340), (1544, 1338), (1529, 1361)],
    '11': [(1470, 1321), (1455, 1312), (1442, 1302), (1455, 1282), (1456, 1283), (1458, 1279), (1432, 1261), (1432, 1260), (1427, 1257), (1446, 1229), (1478, 1251), (1479, 1249), (1506, 1268), (1505, 1270), (1507, 1271), (1498, 1286), (1500, 1287), (1496, 1294), (1483, 1313), (1478, 1310)],
    '12': [(1446, 1229), (1429, 1253), (1423, 1249), (1418, 1256), (1434, 1268), (1421, 1287), (1422, 1288), (1411, 1305), (1410, 1304), (1406, 1309), (1392, 1299), (1388, 1305), (1375, 1296), (1368, 1291), (1360, 1285), (1347, 1276), (1351, 1271), (1336, 1261), (1345, 1248), (1353, 1236), (1349, 1233), (1346, 1231), (1346, 1230), (1352, 1222), (1362, 1207), (1366, 1202), (1379, 1183), (1428, 1217)],
    '13': [(1296, 1441), (1290, 1451), (1284, 1460), (1282, 1458), (1280, 1461), (1276, 1459), (1273, 1463), (1262, 1455), (1263, 1453), (1248, 1443), (1247, 1445), (1236, 1437), (1233, 1435), (1235, 1433), (1233, 1429), (1232, 1425), (1232, 1421), (1233, 1418), (1234, 1415), (1235, 1413), (1237, 1412), (1239, 1410), (1243, 1408), (1247, 1407), (1252, 1407), (1254, 1404), (1267, 1413), (1266, 1415), (1283, 1426), (1284, 1424), (1295, 1432), (1292, 1439)],
    '14': [(1425, 1596), (1417, 1609), (1415, 1612), (1413, 1616), (1402, 1631), (1398, 1637), (1393, 1644), (1393, 1644), (1384, 1638), (1344, 1612), (1301, 1585), (1294, 1581), (1321, 1539), (1323, 1540), (1340, 1552), (1363, 1567), (1368, 1559)],
    '15': [(1327, 1533), (1323, 1539), (1321, 1538), (1294, 1581), (1288, 1577), (1275, 1569), (1270, 1572), (1265, 1568), (1264, 1562), (1282, 1535), (1290, 1540), (1303, 1518)],
    '16': [(1246, 1483), (1262, 1494), (1268, 1497), (1274, 1496), (1282, 1501), (1284, 1508), (1278, 1516), (1270, 1517), (1263, 1511), (1262, 1505), (1238, 1543), (1237, 1545), (1235, 1549), (1216, 1535), (1219, 1531), (1241, 1499), (1237, 1497)],
    '17': [(1404, 1713), (1432, 1732), (1449, 1743), (1427, 1777), (1422, 1784), (1402, 1813), (1358, 1783), (1374, 1758), (1388, 1738)],
    '18': [(1217, 1373), (1215, 1371), (1162, 1334), (1176, 1313), (1202, 1330), (1223, 1300), (1207, 1290), (1223, 1265), (1239, 1276), (1263, 1242), (1259, 1239), (1273, 1218), (1307, 1241), (1301, 1249), (1298, 1255), (1293, 1263), (1287, 1259), (1279, 1270), (1275, 1276), (1268, 1287), (1270, 1288), (1264, 1297), (1264, 1297), (1266, 1299), (1262, 1306), (1256, 1314), (1253, 1312), (1247, 1321), (1247, 1321), (1245, 1320), (1237, 1332), (1235, 1334), (1234, 1336), (1229, 1343), (1226, 1349), (1231, 1352)],
    '19': [(1260, 1206), (1257, 1211), (1205, 1284), (1195, 1275), (1158, 1267), (1168, 1192), (1165, 1192), (1165, 1191), (1166, 1178), (1168, 1178), (1227, 1186), (1231, 1187), (1237, 1190), (1240, 1192), (1253, 1201), (1255, 1202)],
    '20': [(1254, 1164), (1251, 1168), (1260, 1174), (1265, 1177), (1273, 1165), (1276, 1159), (1279, 1154), (1287, 1142), (1273, 1134), (1270, 1138), (1213, 1102), (1202, 1119), (1196, 1128), (1202, 1132), (1214, 1140)],
    '21': [(1050, 1056), (1054, 1050), (1049, 1047), (1075, 1007), (1120, 1037), (1122, 1034), (1154, 1055), (1143, 1071), (1147, 1074), (1164, 1085), (1145, 1115), (1143, 1117), (1133, 1110), (1096, 1086)],
    '22': [(969, 1004), (980, 987), (979, 986), (984, 977), (986, 978), (987, 976), (992, 968), (1058, 1010), (1043, 1030), (1045, 1032), (1036, 1046)],
    '23': [(958, 989), (911, 958), (924, 939), (948, 955), (956, 943), (950, 939), (962, 922), (957, 918), (955, 921), (951, 919), (950, 921), (948, 922), (946, 920), (944, 924), (928, 913), (930, 909), (928, 908), (928, 906), (929, 904), (925, 902), (936, 885), (939, 888), (941, 886), (943, 886), (945, 887), (947, 883), (963, 894), (961, 898), (963, 899), (963, 901), (962, 903), (966, 905), (964, 909), (969, 912), (980, 894), (986, 898), (994, 886), (948, 855), (960, 836), (1016, 873), (1019, 875), (1029, 882), (1019, 896), (1017, 898), (1016, 900), (1008, 895), (1004, 901), (1000, 907), (1008, 913), (977, 961), (975, 964), (971, 970), (961, 984)],
    '24': [(1088, 969), (1083, 966), (1081, 968), (1075, 964), (1034, 936), (1036, 934), (1028, 929), (1033, 921), (1034, 919), (1029, 916), (1045, 890), (1096, 922), (1098, 924), (1112, 933), (1097, 955), (1095, 958)],
    '25': [(1171, 1034), (1134, 1010), (1091, 982), (1104, 963), (1114, 947), (1126, 955), (1171, 984), (1182, 992), (1193, 1000), (1194, 1000), (1181, 1018)],
    '26': [(1243, 1079), (1258, 1056), (1271, 1036), (1306, 1059), (1296, 1074), (1286, 1089), (1284, 1092), (1277, 1102)],
    '27': [(1297, 1115), (1325, 1074), (1368, 1103), (1367, 1103), (1357, 1119), (1355, 1122), (1340, 1143), (1319, 1129)],
    '28': [(1243, 1675), (1213, 1654), (1227, 1635), (1234, 1640), (1239, 1632), (1234, 1629), (1238, 1623), (1244, 1626), (1248, 1619), (1238, 1612), (1244, 1602), (1277, 1624), (1271, 1633), (1268, 1632), (1254, 1653), (1256, 1655)],
    '29': [(1268, 1661), (1274, 1653), (1282, 1658), (1289, 1648), (1278, 1641), (1285, 1630), (1328, 1656), (1327, 1660), (1323, 1661), (1321, 1659), (1304, 1685)],
    '30': [(909, 753), (848, 713), (845, 717), (812, 693), (846, 643), (849, 639), (853, 641), (855, 638), (859, 640), (861, 637), (865, 640), (865, 639), (945, 667), (939, 694), (892, 677), (877, 701), (913, 725), (917, 720), (923, 704), (935, 708), (930, 725), (921, 722), (917, 728), (921, 731)],
    '31': [(471, 353), (467, 359), (464, 366), (463, 373), (464, 380), (467, 387), (471, 393), (477, 398), (483, 401), (490, 403), (498, 403), (501, 402), (505, 401), (512, 397), (517, 393), (521, 386), (522, 384), (524, 380), (524, 372), (524, 365), (521, 358), (517, 352), (511, 347), (504, 344), (497, 342), (490, 342), (483, 344), (476, 348)],
    '32': [(385, 404), (412, 431), (411, 432), (418, 438), (419, 437), (446, 464), (463, 447), (439, 425), (444, 420), (445, 419), (443, 417), (441, 415), (435, 421), (435, 420), (434, 421), (428, 416), (429, 414), (410, 396), (411, 395), (407, 391), (406, 392), (401, 388)],
    '33': [(444, 331), (473, 301), (504, 269), (487, 252), (427, 314)],
    '34': [(522, 302), (558, 337), (583, 361), (597, 347), (599, 345), (538, 285)],
    '35': [(954, 287), (952, 294), (949, 295), (944, 297), (939, 300), (933, 305), (928, 311), (924, 319), (922, 330), (922, 340), (924, 347), (927, 353), (932, 358), (937, 363), (936, 370), (953, 375), (950, 384), (956, 385), (955, 387), (965, 390), (962, 399), (981, 404), (968, 453), (961, 495), (957, 515), (954, 533), (956, 533), (949, 557), (984, 580), (989, 563), (990, 559), (997, 561), (1003, 551), (1006, 541), (1012, 543), (1016, 530), (1014, 530), (1024, 491), (1026, 491), (1029, 478), (1032, 479), (1032, 482), (1037, 483), (1036, 487), (1045, 489), (1046, 486), (1051, 487), (1052, 484), (1054, 484), (1057, 475), (1060, 476), (1060, 474), (1061, 474), (1062, 467), (1063, 467), (1071, 438), (1070, 438), (1072, 433), (1071, 432), (1075, 417), (1039, 408), (1042, 399), (1039, 398), (1040, 395), (1043, 395), (1046, 383), (1049, 380), (1052, 377), (1055, 374), (1058, 370), (1060, 365), (1062, 360), (1063, 355), (1063, 350), (1062, 345), (1062, 340), (1061, 337), (1059, 333), (1062, 323), (1052, 320), (1053, 314)],
    '36': [(1201, 1023), (1213, 1004), (1214, 1005), (1214, 1004), (1216, 1004), (1218, 1005), (1219, 1007), (1218, 1008), (1220, 1009), (1221, 1010), (1230, 1015), (1220, 1028), (1218, 1031), (1210, 1026), (1208, 1028)],
    '37': [(1242, 1046), (1253, 1030), (1258, 1033), (1264, 1037), (1254, 1053)],
    '38': [(1154, 1593), (1132, 1578), (1114, 1604), (1108, 1600), (1107, 1602), (1108, 1604), (1099, 1617), (1080, 1645), (1058, 1630), (1070, 1612), (1074, 1615), (1077, 1612), (1078, 1613), (1095, 1598), (1095, 1599), (1099, 1595), (1095, 1591), (1125, 1564), (1124, 1562), (1128, 1556), (1126, 1555), (1131, 1549), (1139, 1536), (1149, 1542), (1154, 1537), (1160, 1544), (1156, 1547), (1177, 1560)],
    '39': [(1177, 1560), (1178, 1560), (1179, 1559), (1203, 1576), (1227, 1592), (1221, 1600), (1215, 1608), (1195, 1641), (1145, 1608), (1154, 1593)],
    '40': [(1321, 1659), (1323, 1661), (1327, 1663), (1307, 1694), (1300, 1690), (1304, 1685)],
    '41': [(1327, 1663), (1328, 1661), (1339, 1668), (1338, 1669), (1326, 1687), (1322, 1685), (1313, 1698), (1307, 1694)],
    '42': [(1338, 1669), (1348, 1675), (1337, 1693), (1332, 1690), (1330, 1693), (1332, 1694), (1321, 1710), (1314, 1704), (1326, 1687)],
    '43': [(1348, 1675), (1387, 1701), (1359, 1745), (1327, 1725), (1325, 1728), (1317, 1723), (1337, 1693)],
    '44': [(550, 142), (589, 82), (674, 135), (678, 130), (693, 140), (665, 183), (676, 190), (666, 204), (656, 198), (650, 207), (645, 204), (641, 210), (631, 203), (636, 195), (624, 187), (618, 196), (589, 177), (594, 170)],
    '45': [(657, 520), (659, 508), (642, 505), (640, 522), (638, 522), (636, 531), (626, 529), (627, 520), (615, 518), (617, 506), (617, 503), (609, 502), (611, 494), (611, 489), (598, 487), (607, 430), (606, 430), (610, 409), (623, 411), (625, 404), (674, 411), (677, 395), (695, 398), (689, 439), (671, 436), (673, 425), (669, 425), (660, 423), (623, 417), (622, 425), (614, 475), (613, 482), (662, 491), (664, 479), (672, 481), (682, 482), (676, 522), (676, 523)],
    '46': [(1749, 1246), (1746, 1252), (1745, 1254), (1744, 1256), (1740, 1264), (1748, 1268), (1744, 1280), (1754, 1284), (1746, 1301), (1742, 1300), (1737, 1309), (1688, 1277), (1694, 1267), (1657, 1244), (1638, 1232), (1647, 1218), (1662, 1228), (1670, 1217), (1658, 1210), (1659, 1208), (1655, 1205), (1668, 1186), (1672, 1189), (1673, 1187), (1680, 1192), (1682, 1190), (1694, 1198), (1692, 1200), (1696, 1203), (1684, 1222), (1680, 1219), (1679, 1221), (1676, 1225), (1671, 1232), (1697, 1249), (1694, 1254), (1723, 1274), (1729, 1260), (1727, 1259), (1733, 1245), (1738, 1247), (1740, 1242)],
    '47': [(700, 1912), (675, 1897), (704, 1853), (713, 1859), (730, 1870)],
    '48': [(895, 1521), (876, 1508), (855, 1495), (859, 1489), (858, 1488), (867, 1474), (869, 1475), (876, 1463), (875, 1463), (885, 1448), (886, 1449), (893, 1437), (892, 1437), (902, 1423), (903, 1424), (910, 1412), (907, 1410), (920, 1390), (942, 1404), (957, 1414), (955, 1417), (960, 1420), (966, 1425), (954, 1443), (950, 1441), (948, 1439), (941, 1449), (942, 1450), (933, 1464), (931, 1463), (924, 1475), (925, 1476), (916, 1490), (914, 1489), (907, 1500), (908, 1501)],
    '49': [(1567, 1028), (1551, 1051), (1563, 1059), (1517, 1129), (1505, 1121), (1489, 1146), (1529, 1172), (1552, 1137), (1550, 1135), (1554, 1130), (1573, 1142), (1570, 1145), (1579, 1151), (1589, 1158), (1592, 1155), (1610, 1166), (1605, 1173), (1603, 1172), (1579, 1206), (1620, 1233), (1636, 1207), (1625, 1199), (1670, 1131), (1679, 1136), (1695, 1113), (1674, 1099), (1664, 1113), (1650, 1104), (1652, 1101), (1654, 1098), (1655, 1095), (1655, 1093), (1655, 1090), (1654, 1088), (1653, 1086), (1652, 1084), (1654, 1081), (1616, 1056), (1614, 1058), (1612, 1058), (1609, 1058), (1606, 1058), (1603, 1059), (1600, 1061), (1599, 1063), (1597, 1065), (1596, 1068), (1593, 1066), (1597, 1059), (1590, 1054), (1585, 1061), (1582, 1058), (1591, 1044)],
    '50': [(1804, 1142), (1806, 1144), (1803, 1151), (1797, 1165), (1801, 1167), (1793, 1185), (1792, 1188), (1786, 1200), (1783, 1208), (1778, 1219), (1763, 1251), (1749, 1246), (1740, 1242), (1729, 1236), (1738, 1217), (1736, 1216), (1735, 1216), (1733, 1216), (1732, 1214), (1730, 1213), (1728, 1213), (1726, 1213), (1725, 1211), (1723, 1210), (1722, 1211), (1719, 1210), (1719, 1208), (1715, 1206), (1715, 1205), (1700, 1198), (1702, 1193), (1694, 1189), (1705, 1163), (1705, 1163), (1712, 1148), (1717, 1137), (1738, 1147), (1732, 1162), (1735, 1163), (1733, 1168), (1736, 1170), (1736, 1171), (1755, 1179), (1764, 1160), (1766, 1154), (1773, 1155), (1777, 1147), (1766, 1143), (1722, 1124), (1718, 1122), (1716, 1121), (1704, 1115), (1706, 1112), (1711, 1101), (1718, 1105), (1725, 1088), (1739, 1094), (1738, 1097), (1732, 1110), (1800, 1140)],
    '51': [(1804, 1142), (1800, 1140), (1802, 1138), (1803, 1137), (1805, 1133), (1768, 1107), (1746, 1092), (1748, 1088), (1721, 1072), (1737, 1048), (1775, 1075), (1837, 1118), (1826, 1133), (1822, 1141), (1812, 1134), (1810, 1137), (1808, 1136), (1806, 1139)],
    '52': [(1496, 1294), (1500, 1287), (1498, 1286), (1507, 1271), (1527, 1242), (1479, 1210), (1487, 1198), (1495, 1186), (1555, 1226), (1573, 1239), (1558, 1262), (1552, 1258), (1532, 1288), (1536, 1291), (1529, 1300), (1528, 1299), (1520, 1310), (1509, 1303), (1506, 1301), (1503, 1299)],
    '53': [(1398, 1829), (1401, 1830), (1404, 1833), (1405, 1837), (1390, 1860), (1381, 1854), (1377, 1852), (1325, 1818), (1334, 1804), (1343, 1810), (1349, 1801), (1347, 1800), (1349, 1797), (1357, 1801), (1377, 1814), (1382, 1818)],
    '54': [(1495, 1186), (1487, 1198), (1479, 1210), (1447, 1189), (1428, 1217), (1379, 1183), (1385, 1173), (1390, 1164), (1387, 1161), (1371, 1151), (1371, 1150), (1387, 1127), (1392, 1119), (1392, 1118)],
    '55': [(967, 1520), (986, 1533), (990, 1535), (979, 1553), (978, 1554), (973, 1562), (964, 1556), (961, 1554), (958, 1553), (949, 1547)],
    '56': [(1203, 1166), (1211, 1152), (1208, 1150), (1214, 1140), (1202, 1132), (1196, 1142), (1189, 1138), (1180, 1152), (1184, 1154), (1181, 1160), (1190, 1166), (1194, 1160)],
    '57': [(1076, 1562), (1093, 1536), (1092, 1535), (1104, 1516), (1100, 1514), (1102, 1511), (1091, 1505), (1090, 1507), (1086, 1504), (1077, 1517), (1074, 1514), (1071, 1515), (1070, 1516), (1069, 1518), (1069, 1520), (1071, 1522), (1054, 1547)],
    '58': [(1594, 1523), (1595, 1521), (1596, 1520), (1597, 1519), (1599, 1518), (1601, 1517), (1603, 1517), (1604, 1516), (1605, 1516), (1606, 1516), (1607, 1517), (1608, 1517), (1609, 1518), (1609, 1518), (1611, 1520), (1612, 1518), (1613, 1518), (1610, 1516), (1610, 1516), (1609, 1515), (1608, 1515), (1606, 1515), (1605, 1515), (1604, 1515), (1602, 1515), (1600, 1515), (1598, 1516), (1596, 1518), (1595, 1519), (1594, 1520), (1593, 1521), (1592, 1522), (1591, 1523), (1591, 1524), (1590, 1525), (1585, 1533), (1584, 1534), (1584, 1535), (1583, 1536), (1582, 1537), (1582, 1539), (1581, 1540), (1580, 1542), (1580, 1544), (1580, 1546), (1580, 1548), (1580, 1550), (1581, 1551), (1581, 1552), (1582, 1553), (1583, 1554), (1584, 1555), (1583, 1556), (1585, 1558), (1588, 1555), (1585, 1553), (1585, 1553), (1585, 1553), (1584, 1552), (1583, 1551), (1582, 1550), (1582, 1549), (1582, 1548), (1582, 1546), (1582, 1544), (1582, 1542), (1583, 1540), (1583, 1539), (1584, 1537), (1585, 1536), (1586, 1535), (1586, 1534), (1591, 1526), (1592, 1525), (1592, 1524)],
    '59': [(1022, 1469), (1013, 1463), (1012, 1462), (1010, 1461), (1008, 1459), (999, 1454), (980, 1481), (989, 1487), (1003, 1497), (1007, 1491), (1008, 1490), (1021, 1471), (1021, 1471)],
    '60': [(1129, 1652), (1124, 1648), (1129, 1640), (1125, 1638), (1120, 1646), (1120, 1645), (1106, 1665), (1116, 1671)],
    '61': [(1116, 1671), (1127, 1678), (1141, 1655), (1137, 1652), (1136, 1653), (1130, 1650), (1129, 1652)],
    '62': [(1137, 1685), (1127, 1678), (1141, 1655), (1145, 1650), (1148, 1652), (1145, 1657), (1146, 1658), (1145, 1660), (1151, 1664)],
    '63': [(1147, 1691), (1137, 1685), (1151, 1664), (1153, 1660), (1159, 1664), (1156, 1670), (1160, 1672)],
    '64': [(1157, 1698), (1147, 1691), (1160, 1672), (1169, 1679)],
    '65': [(1167, 1706), (1163, 1703), (1161, 1703), (1159, 1703), (1158, 1702), (1157, 1700), (1157, 1698), (1169, 1679), (1171, 1677), (1181, 1684), (1180, 1685), (1180, 1686)],
    '66': [(1178, 1713), (1178, 1712), (1175, 1713), (1172, 1711), (1172, 1709), (1167, 1706), (1180, 1686), (1192, 1694), (1191, 1695)],
    '67': [(1190, 1719), (1190, 1720), (1178, 1713), (1191, 1695), (1202, 1702)],
    '68': [(1199, 1725), (1190, 1719), (1202, 1702), (1203, 1700), (1211, 1706)],
    '69': [(1220, 1712), (1208, 1731), (1199, 1725), (1211, 1706)],
    '70': [(1227, 1746), (1215, 1737), (1245, 1689), (1258, 1698), (1240, 1725)],
    '71': [(1238, 1753), (1234, 1753), (1231, 1751), (1230, 1748), (1230, 1747), (1227, 1746), (1240, 1725), (1251, 1732)],
    '72': [(1248, 1760), (1238, 1753), (1251, 1732), (1262, 1739), (1260, 1742)],
    '73': [(1258, 1768), (1248, 1760), (1260, 1742), (1271, 1748)],
    '74': [(1268, 1774), (1258, 1768), (1271, 1748), (1274, 1743), (1279, 1746), (1276, 1752), (1281, 1755)],
    '75': [(1278, 1781), (1268, 1774), (1281, 1755), (1287, 1746), (1294, 1751), (1288, 1759), (1291, 1761)],
    '76': [(1289, 1788), (1278, 1781), (1291, 1761), (1303, 1744), (1310, 1748), (1314, 1742), (1318, 1744), (1313, 1752), (1302, 1768)],
    '77': [(1299, 1795), (1289, 1788), (1302, 1768), (1312, 1775)],
    '78': [(1310, 1802), (1299, 1795), (1312, 1775), (1316, 1770), (1322, 1774), (1318, 1779), (1322, 1782)],
    '79': [(1321, 1809), (1310, 1802), (1322, 1782), (1333, 1765), (1334, 1763), (1337, 1765), (1346, 1771), (1335, 1787)],
    '80': [(1343, 1755), (1337, 1765), (1334, 1763), (1333, 1765), (1313, 1752), (1318, 1744), (1320, 1740)],
    '81': [(656, 1594), (701, 1623), (740, 1649), (746, 1653), (748, 1654), (764, 1630), (786, 1597), (826, 1623), (840, 1632), (837, 1638), (824, 1656), (817, 1667), (797, 1654), (764, 1705), (739, 1689), (743, 1683), (741, 1682), (739, 1686), (736, 1685), (734, 1684), (737, 1680), (735, 1679), (734, 1681), (730, 1678), (724, 1674), (693, 1654), (674, 1642), (641, 1620), (642, 1618), (639, 1616), (643, 1609), (646, 1604), (648, 1605)],
    '82': [(835, 1546), (808, 1587), (818, 1594), (827, 1580), (829, 1581), (834, 1585), (836, 1582), (844, 1588), (861, 1563), (847, 1554)],
    '83': [(739, 1472), (716, 1507), (732, 1518), (740, 1506), (751, 1488), (756, 1482)],
    '84': [(759, 1584), (742, 1572), (753, 1556), (748, 1553), (756, 1540), (763, 1544), (772, 1531), (787, 1541)],
    '85': [(720, 1539), (703, 1527), (701, 1531), (695, 1527), (689, 1532), (684, 1540), (687, 1544), (694, 1550), (707, 1560)],
    '86': [(684, 1585), (682, 1584), (663, 1572), (666, 1568), (664, 1566), (669, 1559), (676, 1563), (677, 1561), (688, 1568), (686, 1570), (691, 1574)],
    '87': [(706, 1616), (721, 1592), (710, 1588), (716, 1581), (726, 1584), (722, 1589), (737, 1600), (721, 1623), (719, 1625)],
    '88': [(882, 1637), (888, 1637), (892, 1639), (895, 1635), (901, 1638), (903, 1635), (910, 1640), (908, 1644), (915, 1649), (914, 1651), (914, 1655), (915, 1657), (916, 1658), (915, 1659), (916, 1660), (915, 1661), (910, 1669), (911, 1670), (904, 1680), (911, 1686), (904, 1697), (879, 1681), (875, 1686), (889, 1695), (886, 1699), (894, 1705), (877, 1731), (867, 1725), (865, 1729), (854, 1721), (841, 1714), (843, 1709), (835, 1704), (846, 1687), (853, 1677), (861, 1683), (863, 1680), (872, 1686), (881, 1673), (875, 1669), (879, 1662), (870, 1656), (881, 1640)],
    '89': [(822, 1790), (819, 1788), (810, 1801), (814, 1803)],
    '90': [(630, 1843), (622, 1838), (617, 1847), (607, 1840), (612, 1831), (605, 1825), (617, 1807), (623, 1811), (634, 1793), (649, 1803), (646, 1809), (645, 1811), (636, 1824), (640, 1827)],
    '91': [(621, 1880), (609, 1872), (591, 1899), (605, 1908), (621, 1882)],
    '92': [(714, 1973), (693, 1960), (714, 1933), (732, 1945), (721, 1963)],
    '93': [(668, 1947), (643, 1930), (652, 1917), (659, 1921), (661, 1919), (672, 1926), (670, 1928), (677, 1933)],
    '94': [(500, 1855), (509, 1862), (508, 1863), (515, 1868), (525, 1875), (536, 1858), (534, 1856), (538, 1849), (543, 1853), (544, 1851), (551, 1856), (550, 1858), (564, 1868), (577, 1848), (575, 1847), (580, 1838), (561, 1825), (560, 1827), (551, 1821), (549, 1822), (541, 1817), (540, 1818), (532, 1813), (530, 1814), (523, 1810), (517, 1819), (520, 1821), (517, 1826), (516, 1825), (507, 1838), (509, 1839), (503, 1848), (504, 1849)],
    '95': [(627, 1771), (607, 1757), (558, 1723), (529, 1782), (538, 1788), (560, 1803), (562, 1804), (563, 1802), (565, 1804), (574, 1809), (573, 1811), (586, 1821), (598, 1801), (594, 1798), (596, 1795), (607, 1801)],
    '96': [(791, 1439), (809, 1411), (800, 1406), (803, 1402), (794, 1396), (793, 1399), (792, 1400), (783, 1394), (764, 1422), (770, 1425), (767, 1430), (769, 1431), (769, 1433), (769, 1435), (770, 1437), (772, 1438), (774, 1439), (776, 1439), (778, 1439), (780, 1439), (782, 1439), (784, 1440), (787, 1436)],
    '97': [(818, 1473), (849, 1426), (863, 1435), (832, 1482)],
    '98': [(824, 1382), (811, 1374), (808, 1372), (808, 1369), (826, 1342), (828, 1340), (830, 1339), (832, 1339), (835, 1340), (837, 1341), (838, 1343), (838, 1346), (837, 1348), (845, 1353), (843, 1356), (845, 1358), (841, 1364), (843, 1365), (837, 1373), (836, 1372), (830, 1381), (828, 1380), (826, 1381)],
    '99': [(925, 1532), (907, 1520), (932, 1484), (949, 1496)],
    '100': [(964, 1437), (977, 1446), (964, 1465), (953, 1469), (944, 1463), (949, 1455), (951, 1457), (954, 1453), (951, 1452), (956, 1444), (958, 1444)],
    '101': [(1045, 1532), (1051, 1535), (1057, 1539), (1049, 1550), (1051, 1551), (1049, 1554), (1048, 1554), (1040, 1566), (1009, 1545), (1010, 1544), (990, 1535), (986, 1533), (994, 1519), (985, 1513), (986, 1512), (990, 1506), (1004, 1515), (1011, 1506), (1013, 1502), (1015, 1503), (1030, 1513), (1026, 1519)],
    '102': [(1114, 887), (1125, 870), (1127, 867), (1115, 860), (1103, 879)],
    '103': [(1122, 895), (1117, 891), (1117, 888), (1114, 887), (1125, 870), (1136, 878), (1125, 894), (1123, 893)],
    '104': [(1093, 873), (1106, 853), (1115, 860), (1103, 879)],
    '105': [(1095, 846), (1082, 866), (1093, 873), (1106, 853)],
    '106': [(1063, 855), (1072, 841), (1077, 833), (1095, 845), (1095, 846), (1082, 866), (1081, 867)],
    '107': [(994, 806), (1006, 789), (1011, 792), (1017, 785), (1021, 784), (1026, 787), (1027, 791), (1022, 800), (1010, 817)],
    '108': [(978, 795), (993, 770), (1006, 778), (1001, 786), (1006, 789), (994, 806)],
    '109': [(970, 792), (980, 779), (977, 778), (979, 775), (970, 770), (969, 772), (961, 766), (953, 779), (953, 782), (954, 785), (957, 787), (960, 786), (969, 794)],
    '110': [(1022, 826), (1023, 825), (1034, 807), (1029, 803), (1029, 802), (1025, 800), (1024, 801), (1022, 800), (1010, 817), (1012, 819), (1012, 822), (1015, 824), (1019, 823)],
    '111': [(1038, 801), (1029, 795), (1042, 775), (1052, 781), (1045, 791)],
    '112': [(1057, 805), (1046, 822), (1041, 819), (1033, 831), (1023, 825), (1034, 807), (1038, 801), (1045, 791), (1053, 796), (1050, 800)],
    '113': [(1062, 836), (1044, 824), (1046, 822), (1057, 805), (1063, 795), (1072, 801), (1063, 815), (1072, 820)],
    '114': [(1067, 841), (1068, 838), (1072, 841), (1077, 833), (1085, 820), (1087, 822), (1088, 820), (1090, 822), (1094, 816), (1072, 801), (1063, 815), (1072, 820), (1062, 836), (1062, 837), (1062, 838)],
    '115': [(959, 657), (938, 649), (922, 643), (920, 651), (935, 656), (934, 661), (956, 668)],
    '116': [(964, 646), (924, 632), (921, 640), (939, 646), (938, 649), (959, 657)],
    '117': [(947, 628), (967, 635), (964, 646), (924, 632), (927, 624), (946, 631)],
    '118': [(933, 609), (971, 624), (967, 635), (947, 628), (947, 625), (930, 618)],
    '119': [(975, 612), (953, 605), (951, 608), (936, 603), (933, 609), (971, 624)],
    '120': [(943, 588), (947, 590), (979, 602), (975, 612), (953, 605), (951, 604), (952, 601), (940, 596)],
    '121': [(982, 592), (970, 587), (971, 583), (942, 574), (938, 584), (947, 587), (947, 590), (979, 602)],
    '122': [(1530, 1375), (1520, 1392), (1507, 1384), (1518, 1368), (1522, 1371)],
    '123': [(1602, 1432), (1605, 1434), (1607, 1436), (1597, 1451), (1595, 1450), (1592, 1448)],
    '124': [(963, 1482), (967, 1484), (961, 1493), (968, 1497), (956, 1515), (946, 1508)],
    '125': [(1427, 1615), (1417, 1609), (1413, 1616), (1423, 1623)],
    '126': [(1402, 1631), (1413, 1638), (1409, 1644), (1398, 1637)],
    '127': [(791, 1353), (802, 1360), (790, 1378), (779, 1370)],
    '128': [(1269, 1705), (1262, 1716), (1284, 1731), (1291, 1719)],
    '129': [(1356, 1785), (1349, 1795), (1357, 1800), (1357, 1801), (1377, 1814), (1382, 1818), (1389, 1807)],
    '130': [(508, 1863), (507, 1864), (503, 1870), (511, 1875), (512, 1872), (515, 1869), (515, 1868)],
    '131': [(529, 485), (527, 491), (525, 496), (536, 501), (541, 489)],
    '132': [(874, 1573), (889, 1583), (893, 1577), (896, 1586), (895, 1587), (904, 1593), (892, 1610), (875, 1636), (881, 1640), (870, 1656), (879, 1662), (875, 1669), (881, 1673), (872, 1686), (863, 1680), (861, 1683), (853, 1677), (844, 1671), (866, 1639), (838, 1620), (851, 1599), (859, 1604), (872, 1585), (867, 1582)],
    '133': [(1115, 1642), (1103, 1634), (1090, 1653), (1102, 1660)],
    '134': [(1099, 1617), (1080, 1645), (1090, 1653), (1103, 1634), (1099, 1631), (1105, 1621)],
    '135': [(683, 1722), (678, 1723), (675, 1724), (665, 1727), (656, 1728), (656, 1735), (649, 1735), (644, 1734), (638, 1732), (633, 1730), (630, 1727), (627, 1725), (623, 1721), (619, 1717), (615, 1712), (613, 1708), (611, 1701), (610, 1694), (609, 1688), (610, 1682), (611, 1678), (612, 1674), (612, 1672), (613, 1671), (607, 1668), (613, 1660), (619, 1651), (623, 1654), (624, 1654), (628, 1650), (633, 1647), (638, 1645), (644, 1643), (649, 1641), (653, 1641), (657, 1641), (657, 1640), (662, 1641), (668, 1642), (673, 1643), (674, 1642), (693, 1654), (691, 1657), (693, 1658), (696, 1662), (698, 1665), (700, 1669), (697, 1670), (693, 1672), (696, 1680), (697, 1692), (698, 1698), (700, 1702), (702, 1705), (704, 1707), (707, 1709), (710, 1712), (710, 1712), (715, 1714), (722, 1716), (728, 1717), (736, 1718), (735, 1722), (735, 1725), (734, 1729), (733, 1731), (731, 1734), (730, 1736), (729, 1738), (727, 1740), (726, 1742), (723, 1744), (720, 1746), (716, 1749), (712, 1743), (709, 1739), (705, 1733), (699, 1727), (697, 1726), (693, 1724), (690, 1723), (686, 1722)],
}
