BUILDING_POLY = {
    '00': [(1185, 1262), (1187, 1261), (1203, 1255), (1213, 1250), (1223, 1246), (1239, 1240), (1246, 1237), (1252, 1251), (1248, 1252), (1252, 1262), (1255, 1260), (1256, 1264), (1254, 1265), (1255, 1269), (1197, 1293)],
    '01': [(1563, 1076), (1563, 1076), (1556, 1079), (1554, 1080), (1541, 1085), (1540, 1083), (1539, 1080), (1552, 1075), (1555, 1074), (1552, 1068), (1603, 1047), (1606, 1053), (1607, 1052), (1616, 1049), (1626, 1072), (1633, 1090), (1578, 1113), (1576, 1109), (1571, 1095), (1571, 1095), (1570, 1092)],
    '02': [(1017, 739), (1055, 744), (1051, 777), (1017, 773), (1016, 780), (1038, 782), (1037, 794), (1011, 791)],
    '03': [(927, 943), (930, 946), (931, 944), (926, 940), (963, 919), (1006, 956), (999, 964), (978, 976), (976, 972), (974, 973), (973, 973), (972, 971), (965, 975), (969, 978), (970, 979), (957, 987), (930, 966), (922, 959), (913, 950)],
    '04': [(1465, 777), (1449, 786), (1450, 788), (1443, 793), (1441, 790), (1436, 792), (1443, 804), (1414, 822), (1406, 811), (1402, 804), (1408, 800), (1404, 792), (1402, 790), (1397, 781), (1394, 782), (1392, 779), (1380, 759), (1412, 739), (1415, 737), (1417, 736), (1420, 736), (1423, 736), (1438, 737), (1456, 740), (1457, 740), (1462, 741), (1464, 741), (1470, 742), (1480, 743), (1487, 744), (1501, 746), (1492, 752), (1461, 770)],
    '05': [(1829, 801), (1829, 802), (1828, 804), (1828, 805), (1826, 809), (1824, 811), (1823, 814), (1817, 822), (1817, 822), (1818, 812), (1819, 805), (1820, 803), (1820, 801), (1822, 798), (1825, 793), (1827, 790), (1831, 783), (1832, 783), (1832, 784), (1831, 789), (1830, 797), (1830, 800)],
    '06': [(1828, 799), (1828, 797), (1830, 797), (1831, 797), (1830, 799), (1830, 802), (1829, 801), (1827, 801)],
    '07': [(1831, 784), (1831, 784), (1832, 784), (1833, 784), (1832, 786), (1832, 789), (1831, 789), (1829, 789), (1830, 784)],
    '08': [(1536, 962), (1560, 1018), (1565, 1031), (1582, 1024), (1577, 1012), (1577, 1011), (1576, 1008), (1575, 1007), (1557, 964), (1553, 955), (1541, 960), (1540, 958), (1536, 949), (1535, 950), (1534, 950), (1535, 951), (1538, 958), (1539, 961)],
    '09': [(1578, 969), (1582, 981), (1585, 980), (1585, 980), (1607, 971), (1607, 970), (1610, 969), (1605, 958), (1602, 959), (1601, 958), (1582, 966), (1580, 967), (1581, 968)],
    '10': [(1159, 1079), (1224, 1051), (1239, 1088), (1221, 1095), (1216, 1098), (1218, 1102), (1214, 1103), (1213, 1102), (1213, 1101), (1202, 1106), (1202, 1106), (1203, 1108), (1199, 1110), (1197, 1105), (1194, 1107), (1174, 1115), (1172, 1109)],
    '11': [(1179, 1146), (1184, 1151), (1188, 1155), (1191, 1160), (1194, 1166), (1196, 1173), (1197, 1180), (1196, 1186), (1196, 1186), (1190, 1188), (1183, 1188), (1177, 1188), (1169, 1187), (1162, 1185), (1157, 1183), (1154, 1181), (1155, 1175), (1156, 1170), (1159, 1164), (1163, 1158), (1168, 1153), (1174, 1149)],
    '12': [(1641, 1047), (1646, 1058), (1657, 1083), (1661, 1093), (1666, 1091), (1675, 1087), (1684, 1083), (1690, 1081), (1691, 1080), (1687, 1071), (1676, 1045), (1674, 1041), (1671, 1035), (1668, 1036), (1643, 1046)],
    '13': [(1909, 978), (1914, 990), (1942, 979), (1944, 982), (1943, 983), (1945, 984), (1956, 979), (1956, 978), (1951, 978), (1949, 976), (1970, 967), (1968, 961), (1968, 960), (1967, 959), (1948, 914), (1935, 920), (1934, 920), (1932, 921), (1927, 923), (1931, 933), (1933, 932), (1946, 962)],
    '14': [(1986, 960), (2011, 950), (2036, 939), (2032, 931), (2031, 929), (2031, 928), (2029, 924), (2029, 924), (2027, 920), (2022, 923), (2023, 926), (2010, 932), (2005, 920), (1993, 924), (1994, 925), (1992, 926), (1990, 923), (1975, 930), (1981, 945), (1980, 945), (1983, 952), (1983, 953), (1984, 954), (1984, 954)],
    '15': [(1989, 884), (1996, 900), (2003, 917), (2009, 915), (2033, 905), (2019, 872)],
    '16': [(2092, 901), (2092, 901), (2097, 913), (2134, 898), (2133, 896), (2128, 886), (2127, 886), (2126, 883), (2118, 886), (2120, 889), (2096, 899)],
    '17': [(1235, 1154), (1235, 1153), (1235, 1151), (1236, 1150), (1237, 1149), (1238, 1149), (1239, 1148), (1240, 1148), (1241, 1147), (1243, 1147), (1244, 1148), (1245, 1148), (1246, 1149), (1247, 1150), (1248, 1151), (1251, 1150), (1254, 1148), (1255, 1148), (1257, 1147), (1259, 1146), (1260, 1149), (1257, 1150), (1256, 1150), (1255, 1151), (1249, 1153), (1249, 1154), (1249, 1156), (1249, 1157), (1248, 1158), (1248, 1159), (1247, 1160), (1246, 1161), (1245, 1162), (1244, 1162), (1242, 1162), (1241, 1162), (1240, 1162), (1239, 1161), (1238, 1161), (1237, 1160), (1236, 1159), (1235, 1158), (1235, 1156), (1235, 1155)],
    '18': [(1688, 996), (1692, 1003), (1702, 999), (1691, 973), (1691, 974), (1680, 948), (1681, 948), (1670, 922), (1659, 927), (1662, 934), (1667, 945), (1670, 953), (1670, 953), (1673, 960), (1678, 970), (1681, 977), (1681, 977), (1684, 985)],
    '19': [(1585, 919), (1585, 921), (1586, 922), (1587, 921), (1596, 918), (1599, 917), (1602, 925), (1601, 930), (1602, 932), (1612, 928), (1648, 913), (1658, 908), (1665, 905), (1656, 904), (1647, 903), (1644, 903), (1596, 897), (1590, 896), (1587, 896), (1595, 915), (1586, 919)],
    '20': [(719, 1038), (729, 1025), (721, 1019), (721, 1019), (704, 1006), (702, 1009), (697, 1006), (702, 1000), (694, 995), (694, 995), (680, 985), (683, 981), (648, 951), (642, 958), (642, 959), (638, 964), (643, 968), (639, 973), (637, 971), (618, 991), (616, 990), (607, 1000), (606, 999), (601, 1004), (606, 1010), (605, 1011), (609, 1015), (611, 1014), (617, 1019), (622, 1014), (620, 1012), (629, 1002), (631, 1004), (641, 994), (639, 992), (648, 981), (645, 978), (648, 974), (649, 974), (650, 973), (663, 984), (661, 986), (672, 995), (673, 993), (681, 1000), (670, 1014), (668, 1012), (659, 1023), (661, 1024), (651, 1035), (650, 1034), (645, 1039), (661, 1053), (666, 1047), (664, 1045), (691, 1013), (695, 1017), (695, 1018)],
    '21': [(1498, 812), (1500, 801), (1505, 802), (1502, 799), (1506, 797), (1506, 794), (1509, 795), (1511, 792), (1515, 792), (1518, 796), (1523, 792), (1528, 797), (1531, 794), (1544, 806), (1544, 805), (1542, 803), (1541, 802), (1545, 798), (1545, 798), (1545, 798), (1548, 795), (1552, 796), (1552, 798), (1553, 796), (1555, 796), (1555, 797), (1557, 799), (1554, 803), (1557, 806), (1556, 808), (1557, 809), (1557, 810), (1554, 814), (1561, 832), (1561, 832), (1558, 832), (1557, 835), (1557, 838), (1559, 838), (1558, 850), (1557, 849), (1555, 849), (1553, 849), (1552, 850), (1551, 851), (1551, 852), (1551, 854), (1551, 855), (1551, 855), (1553, 856), (1554, 857), (1556, 857), (1557, 856), (1556, 867), (1553, 867), (1553, 868), (1551, 868), (1519, 882), (1520, 884), (1512, 888), (1513, 883), (1510, 882), (1510, 879), (1508, 879), (1507, 879), (1507, 885), (1503, 885), (1504, 900), (1492, 905), (1491, 903), (1490, 901), (1499, 897), (1498, 883), (1495, 883), (1489, 884), (1488, 878), (1485, 878), (1470, 876), (1466, 876), (1468, 863), (1464, 862), (1464, 862), (1461, 862), (1462, 852), (1462, 852), (1462, 850), (1459, 851), (1459, 850), (1454, 852), (1451, 853), (1450, 851), (1450, 849), (1446, 841), (1446, 840), (1445, 839), (1442, 832), (1443, 829), (1444, 830), (1445, 830), (1446, 831), (1447, 831), (1445, 828), (1451, 825), (1453, 828), (1454, 828), (1452, 823), (1458, 822), (1459, 826), (1472, 818), (1472, 819), (1474, 818), (1474, 815), (1475, 813), (1476, 812), (1478, 811), (1480, 811), (1482, 811), (1484, 813), (1485, 814), (1486, 812), (1487, 810), (1489, 807), (1491, 806), (1494, 805), (1496, 805), (1497, 809)],
    '22': [(700, 1460), (702, 1465), (704, 1464), (705, 1468), (706, 1471), (705, 1471), (706, 1473), (715, 1484), (717, 1486), (720, 1484), (719, 1483), (719, 1483), (720, 1482), (720, 1482), (720, 1481), (720, 1481), (721, 1481), (721, 1481), (722, 1482), (722, 1482), (723, 1483), (727, 1481), (727, 1483), (728, 1482), (729, 1485), (729, 1485), (731, 1490), (731, 1491), (728, 1492), (728, 1493), (726, 1494), (725, 1493), (718, 1496), (718, 1497), (716, 1498), (715, 1497), (713, 1498), (713, 1498), (711, 1493), (709, 1491), (708, 1492), (707, 1490), (707, 1489), (702, 1483), (701, 1484), (700, 1482), (700, 1481), (697, 1477), (694, 1478), (695, 1479), (692, 1480), (692, 1480), (687, 1482), (688, 1483), (686, 1484), (683, 1485), (682, 1484), (677, 1486), (677, 1487), (675, 1488), (675, 1487), (672, 1488), (673, 1493), (674, 1493), (674, 1496), (673, 1496), (673, 1499), (673, 1504), (674, 1504), (674, 1506), (673, 1506), (673, 1509), (675, 1514), (673, 1515), (673, 1515), (671, 1516), (671, 1515), (665, 1518), (666, 1519), (662, 1521), (661, 1519), (656, 1522), (656, 1523), (654, 1523), (654, 1523), (651, 1524), (649, 1518), (647, 1516), (647, 1517), (645, 1515), (646, 1515), (640, 1509), (639, 1509), (638, 1507), (638, 1507), (635, 1503), (633, 1504), (631, 1500), (632, 1499), (628, 1490), (631, 1489), (630, 1487), (635, 1485), (636, 1486), (638, 1485), (643, 1495), (649, 1493), (649, 1492), (651, 1491), (655, 1489), (655, 1490), (662, 1488), (661, 1486), (658, 1488), (657, 1488), (657, 1487), (656, 1487), (656, 1487), (656, 1486), (656, 1485), (656, 1485), (657, 1485), (660, 1483), (657, 1478), (659, 1477), (659, 1476), (664, 1473), (664, 1475), (666, 1474), (669, 1479), (675, 1476), (676, 1475), (676, 1473), (677, 1472), (678, 1471), (679, 1470), (680, 1470), (681, 1469), (682, 1470), (683, 1470), (684, 1470), (686, 1471), (687, 1471), (693, 1469), (691, 1463), (693, 1463), (692, 1461), (697, 1459), (698, 1461)],
    '23': [(562, 1512), (567, 1513), (573, 1526), (571, 1531), (558, 1537), (553, 1535), (548, 1522), (550, 1517)],
    '24': [(518, 1443), (521, 1452), (526, 1463), (534, 1484), (543, 1480), (543, 1479), (526, 1439), (520, 1442)],
    '25': [(541, 1413), (540, 1413), (513, 1425), (516, 1434), (518, 1433), (544, 1422)],
    '26': [(486, 1430), (496, 1460), (505, 1485), (465, 1498), (460, 1481), (462, 1480), (460, 1474), (461, 1474), (457, 1449), (471, 1440), (473, 1441), (475, 1437)],
    '27': [(518, 1542), (514, 1529), (506, 1532), (492, 1490), (472, 1497), (473, 1499), (479, 1517), (481, 1522), (481, 1522), (487, 1539), (479, 1541), (475, 1542), (479, 1555)],
    '28': [(359, 1550), (305, 1547), (304, 1563), (358, 1566)],
    '29': [(309, 1493), (296, 1501), (305, 1515), (315, 1509), (318, 1507)],
    '30': [(573, 1399), (590, 1440), (590, 1440), (599, 1436), (597, 1430), (582, 1395)],
    '31': [(566, 1389), (570, 1399), (542, 1410), (542, 1409), (538, 1401)],
    '32': [(134, 1378), (170, 1408), (139, 1445), (92, 1429), (88, 1426), (118, 1392), (120, 1394)],
    '33': [(1086, 1100), (1088, 1107), (1100, 1135), (1105, 1148), (1106, 1149), (1108, 1154), (1110, 1153), (1111, 1153), (1111, 1153), (1122, 1149), (1134, 1142), (1144, 1137), (1153, 1132), (1161, 1126), (1169, 1120), (1163, 1112), (1159, 1106), (1159, 1104), (1159, 1101), (1159, 1098), (1158, 1096), (1158, 1093), (1156, 1091), (1155, 1089), (1154, 1087), (1152, 1086), (1150, 1084), (1146, 1073), (1136, 1079), (1125, 1086), (1102, 1100), (1098, 1095), (1097, 1095), (1096, 1094), (1094, 1095), (1092, 1096), (1093, 1097), (1092, 1097)],
    '34': [(1205, 1031), (1195, 1035), (1194, 1033), (1194, 1032), (1145, 1052), (1143, 1053), (1142, 1049), (1136, 1034), (1133, 1026), (1181, 1006), (1180, 1005), (1180, 1005), (1179, 1004), (1179, 1004), (1179, 1003), (1179, 1003), (1180, 1003), (1180, 1002), (1180, 1002), (1181, 1002), (1181, 1002), (1182, 1003), (1195, 997), (1198, 1004), (1200, 1003), (1201, 1008), (1199, 1008), (1204, 1018), (1206, 1017), (1207, 1021), (1205, 1022), (1208, 1029)],
    '35': [(1412, 854), (1410, 849), (1441, 836), (1443, 841), (1446, 840), (1446, 841), (1450, 849), (1450, 851), (1451, 853), (1453, 859), (1450, 860), (1444, 862), (1442, 863), (1440, 864), (1412, 876), (1411, 872), (1410, 870), (1407, 862), (1410, 854)],
    '36': [(1368, 931), (1379, 957), (1419, 941), (1434, 934), (1418, 895), (1415, 896), (1410, 898), (1405, 901), (1410, 913), (1407, 914)],
    '37': [(930, 1054), (926, 1056), (928, 1059), (936, 1072), (922, 1081), (916, 1085), (905, 1092), (904, 1092), (887, 1103), (874, 1111), (872, 1112), (865, 1117), (846, 1101), (829, 1087), (833, 1082), (828, 1078), (859, 1059), (879, 1047), (889, 1041), (913, 1026), (922, 1041)],
    '38': [(1262, 893), (1259, 896), (1257, 892), (1254, 888), (1250, 881), (1248, 878), (1247, 878), (1244, 874), (1249, 871), (1244, 863), (1237, 853), (1236, 852), (1254, 840), (1254, 840), (1255, 842), (1262, 852), (1265, 856), (1269, 864), (1272, 868), (1276, 874), (1279, 879), (1281, 882), (1278, 884), (1265, 892)],
    '39': [(916, 965), (924, 972), (947, 992), (942, 995), (941, 996), (929, 1002), (919, 994), (917, 992), (885, 966), (904, 955)],
    '40': [(1263, 921), (1246, 931), (1243, 933), (1240, 929), (1230, 914), (1242, 906), (1248, 902), (1251, 901)],
    '41': [(668, 1292), (667, 1290), (662, 1283), (661, 1280), (670, 1275), (680, 1268), (693, 1260), (712, 1248), (717, 1245), (721, 1243), (725, 1240), (737, 1232), (748, 1226), (750, 1228), (753, 1235), (754, 1235), (755, 1238), (753, 1239), (745, 1244), (733, 1252), (729, 1255), (724, 1257), (720, 1260), (701, 1272), (688, 1280), (678, 1286)],
    '42': [(1087, 1343), (1083, 1341), (1084, 1340), (1082, 1338), (1083, 1338), (1081, 1336), (1083, 1333), (1080, 1327), (1074, 1329), (1073, 1327), (1070, 1321), (1079, 1318), (1076, 1311), (1084, 1307), (1087, 1308), (1102, 1302), (1123, 1294), (1124, 1294), (1126, 1296), (1126, 1296), (1131, 1288), (1133, 1290), (1135, 1291), (1136, 1290), (1140, 1288), (1141, 1292), (1147, 1286), (1147, 1285), (1148, 1284), (1150, 1286), (1151, 1287), (1150, 1288), (1152, 1290), (1152, 1290), (1163, 1297), (1164, 1296), (1163, 1292), (1165, 1291), (1167, 1296), (1167, 1297), (1169, 1303), (1167, 1303), (1166, 1304), (1167, 1304), (1166, 1305), (1167, 1306), (1166, 1309), (1151, 1300), (1150, 1300), (1150, 1300), (1149, 1300), (1148, 1300), (1147, 1300), (1147, 1301), (1145, 1302), (1144, 1305), (1144, 1306), (1143, 1306), (1143, 1307), (1142, 1308), (1142, 1308), (1142, 1309), (1141, 1309), (1141, 1309), (1141, 1310), (1141, 1310), (1140, 1310), (1140, 1311), (1140, 1311), (1139, 1311), (1139, 1312), (1138, 1312), (1138, 1312), (1138, 1312), (1137, 1313), (1137, 1313), (1136, 1313), (1136, 1313), (1135, 1313), (1135, 1313), (1134, 1313), (1134, 1313), (1133, 1313), (1133, 1313), (1132, 1313), (1132, 1313), (1132, 1313), (1131, 1313), (1131, 1313), (1130, 1312), (1130, 1312), (1128, 1311), (1127, 1313), (1128, 1313), (1130, 1315), (1122, 1327), (1117, 1324), (1110, 1319), (1118, 1307), (1121, 1308), (1121, 1307), (1121, 1307), (1121, 1307), (1120, 1306), (1120, 1306), (1120, 1306), (1119, 1306), (1119, 1306), (1118, 1306), (1118, 1306), (1118, 1306), (1117, 1306), (1117, 1306), (1116, 1306), (1116, 1306), (1116, 1306), (1115, 1306), (1115, 1306), (1115, 1306), (1114, 1307), (1114, 1307), (1114, 1307), (1113, 1308), (1113, 1308), (1113, 1308), (1102, 1323)],
    '43': [(1279, 1177), (1278, 1174), (1276, 1170), (1275, 1168), (1274, 1164), (1271, 1156), (1285, 1150), (1286, 1149), (1295, 1145), (1296, 1147), (1297, 1150), (1300, 1160), (1301, 1164), (1302, 1166), (1294, 1169), (1292, 1170), (1292, 1172)],
    '44': [(1918, 879), (1920, 883), (1929, 879), (1930, 872), (1949, 875), (1948, 891), (1943, 897), (1928, 904), (1927, 904), (1926, 904), (1925, 905), (1892, 918), (1889, 910), (1890, 896), (1909, 888), (1907, 883), (1915, 880)],
    '45': [(1331, 829), (1313, 801), (1359, 771), (1369, 765), (1369, 765), (1370, 765), (1370, 765), (1371, 765), (1371, 766), (1371, 766), (1371, 766), (1371, 767), (1371, 767), (1371, 767), (1371, 768), (1371, 768), (1371, 768), (1366, 771), (1368, 773), (1367, 773), (1367, 774), (1368, 774), (1369, 773), (1369, 773), (1370, 773), (1370, 773), (1371, 773), (1371, 772), (1372, 772), (1372, 772), (1373, 772), (1373, 772), (1374, 772), (1374, 772), (1375, 772), (1375, 772), (1375, 772), (1376, 772), (1376, 773), (1377, 773), (1377, 773), (1378, 773), (1378, 773), (1379, 774), (1379, 774), (1379, 774), (1380, 775), (1380, 775), (1381, 775), (1381, 776), (1381, 776), (1381, 777), (1382, 777), (1382, 777), (1382, 778), (1382, 778), (1383, 779), (1383, 779), (1383, 780), (1383, 780), (1383, 781), (1383, 781), (1383, 782), (1383, 782), (1383, 783), (1383, 783), (1383, 784), (1383, 784), (1382, 785), (1382, 785), (1382, 786), (1382, 786), (1382, 787), (1381, 787), (1381, 787), (1381, 788), (1380, 788), (1380, 789), (1380, 789), (1379, 789), (1379, 789), (1378, 790), (1378, 790), (1378, 791), (1379, 791), (1380, 792), (1381, 793), (1385, 791), (1385, 791), (1386, 791), (1386, 791), (1387, 791), (1387, 791), (1387, 792), (1387, 792), (1387, 792), (1387, 793), (1387, 793), (1387, 793), (1386, 794)],
    '46': [(1760, 804), (1757, 804), (1753, 803), (1735, 801), (1737, 785), (1741, 785), (1741, 779), (1739, 779), (1740, 774), (1742, 774), (1743, 770), (1753, 771), (1753, 774), (1756, 775), (1755, 780), (1753, 780), (1752, 787), (1756, 787), (1759, 788), (1762, 788)],
    '47': [(609, 1199), (607, 1197), (604, 1199), (591, 1188), (593, 1186), (583, 1178), (604, 1153), (613, 1143), (621, 1150), (623, 1148), (626, 1147), (631, 1155), (630, 1156), (636, 1166), (643, 1178)],
    '48': [(766, 1169), (741, 1148), (754, 1132), (753, 1129), (759, 1125), (782, 1144), (774, 1154), (766, 1147), (762, 1152), (772, 1161)],
    '49': [(1374, 616), (1339, 612), (1350, 588), (1377, 591)],
    '50': [(1150, 919), (1141, 904), (1153, 897), (1151, 895), (1157, 891), (1161, 898), (1168, 908)],
    '51': [(1652, 1020), (1642, 995), (1641, 995), (1630, 968), (1630, 968), (1620, 944), (1630, 940), (1633, 946), (1637, 957), (1640, 964), (1640, 965), (1643, 972), (1647, 982), (1651, 991), (1651, 991), (1654, 996), (1659, 1008), (1662, 1016)],
    '52': [(949, 1030), (962, 1050), (963, 1053), (965, 1055), (949, 1065), (933, 1039)],
    '53': [(772, 1129), (761, 1120), (787, 1104), (805, 1119), (794, 1131), (783, 1122)],
    '54': [(680, 1150), (672, 1138), (673, 1137), (663, 1122), (665, 1121), (662, 1117), (660, 1119), (660, 1118), (655, 1110), (652, 1106), (696, 1078), (698, 1083), (706, 1078), (703, 1074), (745, 1048), (749, 1054), (760, 1047), (792, 1073), (788, 1076), (786, 1076), (784, 1077), (781, 1077), (778, 1076), (775, 1076), (772, 1074), (769, 1073), (767, 1072), (756, 1063), (757, 1062), (754, 1059), (753, 1060), (751, 1062), (730, 1075), (724, 1078), (727, 1082), (730, 1080), (733, 1082), (736, 1085), (742, 1094), (749, 1090), (754, 1088), (759, 1086), (765, 1086), (770, 1087), (773, 1092), (745, 1110), (740, 1112), (736, 1113), (731, 1114), (726, 1115), (725, 1113), (721, 1107), (729, 1102), (723, 1093), (721, 1089), (721, 1086), (724, 1084), (722, 1080), (704, 1091), (682, 1105), (672, 1111), (674, 1115), (676, 1114), (686, 1129), (700, 1121), (702, 1119), (705, 1118), (707, 1117), (710, 1117), (712, 1116), (715, 1116), (717, 1116), (719, 1116), (721, 1117), (722, 1117), (726, 1122)],
    '55': [(840, 1188), (827, 1168), (849, 1154), (867, 1143), (879, 1163), (861, 1174)],
    '56': [(824, 1000), (848, 986), (866, 1002), (862, 1006), (863, 1007), (865, 1009), (886, 1026), (873, 1034), (854, 1018), (851, 1023)],
    '57': [(1171, 911), (1160, 893), (1171, 885), (1175, 883), (1184, 897), (1180, 899), (1183, 904)],
    '58': [(1339, 695), (1301, 690), (1333, 620), (1340, 621), (1340, 623), (1348, 624)],
    '59': [(954, 1308), (944, 1282), (944, 1281), (944, 1280), (945, 1279), (993, 1259), (994, 1259), (995, 1260), (996, 1260), (1004, 1281), (1006, 1285), (1006, 1286), (1006, 1287), (1006, 1288), (1005, 1288), (957, 1309), (956, 1309), (955, 1308)],
    '60': [(1483, 782), (1478, 775), (1483, 772), (1479, 767), (1518, 742), (1520, 745), (1523, 743), (1529, 752)],
    '61': [(1258, 1268), (1256, 1264), (1255, 1260), (1255, 1260), (1257, 1259), (1255, 1256), (1256, 1254), (1263, 1251), (1265, 1251), (1266, 1253), (1269, 1252), (1272, 1261), (1273, 1262)],
    '62': [(1056, 1051), (1043, 1031), (1045, 1030), (1068, 1015), (1093, 1000), (1095, 1003), (1111, 992), (1110, 990), (1132, 975), (1158, 960), (1175, 974), (1175, 975), (1171, 978), (1172, 978), (1166, 982), (1166, 981), (1150, 991), (1150, 992), (1146, 994), (1146, 993), (1144, 994), (1122, 1009), (1122, 1009), (1105, 1020), (1105, 1019), (1081, 1034), (1081, 1035)],
    '63': [(951, 787), (970, 804), (962, 813), (956, 820), (955, 821), (936, 804)],
    '64': [(1008, 1287), (1007, 1284), (1006, 1285), (1004, 1281), (1005, 1280), (1003, 1274), (1009, 1272), (1014, 1285)],
    '65': [(1958, 822), (1900, 815), (1903, 793), (1938, 798), (1946, 799), (1960, 801)],
    '66': [(1663, 548), (1653, 542), (1633, 530), (1632, 532), (1621, 525), (1618, 524), (1626, 489), (1640, 497), (1639, 501), (1664, 515), (1665, 513), (1679, 522), (1671, 534), (1664, 539), (1670, 543)],
    '67': [(905, 715), (908, 687), (911, 666), (925, 668), (919, 716)],
    '68': [(811, 1196), (809, 1197), (806, 1199), (796, 1205), (790, 1209), (780, 1215), (774, 1219), (768, 1208), (774, 1205), (796, 1191), (797, 1192), (803, 1188), (806, 1187)],
    '69': [(359, 1428), (307, 1386), (332, 1355), (349, 1370), (352, 1373), (375, 1345), (389, 1357), (392, 1354), (409, 1367)],
    '70': [(834, 1137), (824, 1129), (791, 1102), (814, 1088), (846, 1114), (856, 1123)],
    '71': [(913, 1413), (903, 1417), (895, 1398), (892, 1392), (901, 1389), (903, 1395), (905, 1394), (907, 1399), (909, 1404), (913, 1412)],
    '72': [(1293, 1035), (1296, 1033), (1299, 1032), (1297, 1026), (1300, 1025), (1301, 1024), (1301, 1025), (1307, 1023), (1306, 1022), (1307, 1022), (1307, 1020), (1306, 1018), (1305, 1016), (1304, 1017), (1301, 1008), (1301, 1008), (1299, 1002), (1298, 1003), (1298, 1002), (1292, 1004), (1293, 1005), (1289, 1007), (1287, 1001), (1285, 997), (1281, 998), (1278, 1000), (1280, 1004), (1282, 1010), (1278, 1011), (1278, 1010), (1275, 1011), (1275, 1011), (1276, 1010), (1276, 1010), (1274, 1007), (1274, 1006), (1274, 1005), (1273, 1005), (1273, 1005), (1272, 1005), (1265, 1008), (1265, 1008), (1265, 1009), (1264, 1009), (1265, 1009), (1266, 1014), (1266, 1014), (1267, 1014), (1268, 1014), (1268, 1014), (1273, 1012), (1273, 1014), (1272, 1014), (1274, 1019), (1275, 1019), (1277, 1023), (1279, 1028), (1278, 1028), (1280, 1033), (1281, 1032), (1281, 1033), (1286, 1031), (1286, 1031), (1290, 1029), (1292, 1033)],
    '73': [(1403, 998), (1396, 1001), (1382, 1006), (1376, 1009), (1376, 1008), (1375, 1007), (1332, 1025), (1322, 1029), (1319, 1030), (1314, 1017), (1313, 1015), (1311, 1010), (1310, 1007), (1379, 978), (1402, 968), (1404, 971), (1410, 987), (1412, 991), (1409, 992), (1402, 995), (1402, 997)],
    '74': [(1347, 1068), (1344, 1060), (1341, 1053), (1335, 1055), (1326, 1059), (1324, 1054), (1317, 1057), (1305, 1029), (1299, 1032), (1296, 1033), (1293, 1035), (1288, 1037), (1299, 1064), (1299, 1065), (1299, 1067), (1298, 1068), (1298, 1068), (1302, 1078), (1306, 1089), (1308, 1088), (1309, 1090), (1310, 1090), (1318, 1086), (1326, 1083), (1327, 1082), (1333, 1080), (1334, 1079), (1332, 1074), (1342, 1070)],
    '75': [(1341, 1053), (1357, 1046), (1348, 1027), (1332, 1034)],
    '76': [(1341, 1053), (1357, 1046), (1361, 1045), (1358, 1038), (1361, 1037), (1364, 1043), (1379, 1037), (1381, 1042), (1382, 1044), (1386, 1053), (1363, 1062), (1393, 1135), (1394, 1135), (1397, 1141), (1400, 1148), (1387, 1153), (1386, 1151), (1381, 1140), (1380, 1137), (1376, 1138), (1347, 1068), (1344, 1060)],
    '77': [(1386, 1151), (1360, 1162), (1376, 1200), (1402, 1189), (1401, 1187), (1415, 1182), (1416, 1186), (1419, 1192), (1420, 1195), (1419, 1195), (1407, 1201), (1407, 1200), (1365, 1217), (1340, 1159), (1343, 1158), (1342, 1156), (1342, 1154), (1346, 1152), (1354, 1149), (1353, 1148), (1376, 1138), (1380, 1137), (1381, 1140)],
    '78': [(1310, 1090), (1328, 1132), (1338, 1156), (1342, 1154), (1346, 1152), (1354, 1149), (1353, 1148), (1326, 1083), (1318, 1086)],
    '79': [(1418, 1026), (1418, 1026), (1419, 1025), (1420, 1025), (1423, 1024), (1424, 1027), (1427, 1035), (1428, 1036), (1425, 1038), (1426, 1039), (1408, 1047), (1390, 1054), (1390, 1052), (1386, 1054), (1386, 1053), (1382, 1044), (1381, 1042), (1384, 1041), (1386, 1040), (1374, 1010), (1376, 1009), (1382, 1006), (1396, 1001), (1403, 998), (1405, 997)],
    '80': [(1423, 1024), (1420, 1019), (1443, 1009), (1443, 1009), (1458, 1002), (1459, 1002), (1459, 1002), (1463, 1010), (1466, 1017), (1480, 1051), (1495, 1088), (1491, 1089), (1493, 1093), (1495, 1097), (1497, 1103), (1498, 1104), (1486, 1110), (1484, 1105), (1481, 1098), (1482, 1098), (1451, 1025), (1427, 1035), (1424, 1027)],
    '81': [(1501, 1146), (1514, 1141), (1514, 1142), (1542, 1130), (1526, 1091), (1497, 1103), (1495, 1097), (1493, 1093), (1491, 1089), (1495, 1088), (1519, 1078), (1527, 1075), (1532, 1072), (1534, 1076), (1536, 1075), (1539, 1080), (1540, 1083), (1541, 1085), (1542, 1087), (1542, 1087), (1557, 1122), (1556, 1122), (1558, 1127), (1561, 1134), (1519, 1152), (1519, 1153), (1506, 1158)],
    '82': [(1532, 1072), (1527, 1075), (1519, 1078), (1508, 1051), (1502, 1053), (1498, 1043), (1498, 1042), (1503, 1040), (1492, 1012), (1494, 1011), (1492, 1006), (1497, 1004), (1501, 1002), (1503, 1007), (1506, 1006), (1520, 1039), (1534, 1072)],
    '83': [(1501, 1002), (1497, 1004), (1492, 1006), (1466, 1017), (1463, 1010), (1459, 1002), (1461, 1002), (1481, 993), (1481, 992), (1476, 981), (1482, 979), (1483, 979), (1485, 978), (1493, 974), (1498, 986), (1501, 994), (1504, 1001)],
    '84': [(1498, 1043), (1493, 1045), (1493, 1046), (1491, 1046), (1492, 1048), (1485, 1051), (1484, 1049), (1480, 1051), (1466, 1017), (1492, 1006), (1494, 1011), (1492, 1012), (1503, 1040), (1498, 1042)],
    '85': [(1502, 1059), (1494, 1062), (1488, 1050), (1497, 1046)],
    '86': [(1311, 985), (1295, 946), (1310, 940), (1330, 932), (1339, 928), (1339, 930), (1352, 961), (1350, 961), (1353, 968), (1345, 971), (1326, 978)],
    '87': [(1287, 925), (1333, 907), (1336, 915), (1340, 926), (1295, 945), (1291, 936), (1287, 937), (1284, 939), (1283, 937), (1282, 936), (1286, 934), (1290, 933)],
    '88': [(1331, 904), (1336, 902), (1354, 894), (1359, 892), (1360, 894), (1362, 893), (1367, 905), (1365, 905), (1366, 906), (1370, 917), (1365, 919), (1346, 927), (1342, 929), (1340, 926), (1336, 915), (1333, 907)],
    '89': [(1367, 905), (1362, 893), (1364, 892), (1360, 884), (1394, 870), (1397, 876), (1397, 877), (1399, 881), (1395, 883), (1390, 894), (1387, 895), (1389, 900), (1370, 908), (1369, 904)],
    '90': [(1397, 893), (1400, 885), (1399, 881), (1397, 877), (1397, 876), (1402, 870), (1404, 870), (1410, 870), (1411, 872), (1412, 876), (1414, 879), (1422, 883), (1420, 887), (1418, 891), (1414, 893), (1415, 896), (1410, 898), (1409, 895), (1405, 896)],
    '91': [(1447, 899), (1456, 920), (1457, 923), (1458, 925), (1459, 928), (1462, 934), (1459, 935), (1466, 953), (1468, 952), (1469, 952), (1476, 949), (1477, 951), (1479, 956), (1480, 956), (1481, 955), (1478, 948), (1483, 946), (1507, 936), (1500, 918), (1475, 929), (1473, 923), (1469, 914), (1448, 864), (1445, 865), (1444, 864), (1444, 862), (1440, 864), (1440, 865), (1441, 867), (1435, 869), (1440, 882), (1430, 886), (1437, 903)],
    '92': [(1479, 956), (1480, 956), (1481, 955), (1528, 936), (1529, 937), (1531, 944), (1534, 950), (1494, 967), (1492, 968), (1490, 969), (1493, 974), (1485, 978), (1483, 979), (1481, 976), (1480, 973), (1483, 972), (1482, 968), (1481, 966), (1477, 957)],
    '93': [(1534, 950), (1531, 944), (1528, 936), (1527, 934), (1529, 934), (1561, 920), (1578, 913), (1581, 911), (1585, 919), (1585, 921), (1586, 922), (1588, 927), (1540, 948), (1536, 949), (1535, 950), (1534, 950)],
    '94': [(1519, 882), (1520, 884), (1512, 888), (1514, 893), (1517, 892), (1519, 895), (1520, 899), (1525, 897), (1528, 903), (1528, 904), (1561, 891), (1556, 880), (1558, 879), (1553, 868), (1551, 868)],
    '95': [(1278, 1000), (1274, 1001), (1265, 981), (1259, 964), (1258, 963), (1263, 961), (1271, 957), (1273, 957), (1279, 972), (1289, 995), (1285, 997), (1281, 998)],
    '96': [(1258, 963), (1257, 961), (1252, 964), (1234, 975), (1231, 977), (1228, 972), (1223, 966), (1279, 931), (1282, 936), (1283, 937), (1284, 939), (1286, 943), (1270, 953), (1271, 957), (1263, 961)],
    '97': [(1646, 776), (1631, 799), (1630, 797), (1628, 799), (1626, 799), (1626, 800), (1626, 801), (1570, 794), (1570, 793), (1571, 789), (1564, 788), (1567, 766), (1562, 766), (1559, 758), (1565, 759), (1565, 754), (1568, 755), (1568, 752), (1590, 755), (1590, 755), (1608, 757), (1608, 758), (1647, 763), (1647, 765), (1649, 765), (1648, 770), (1650, 770), (1653, 777)],
    '98': [(993, 790), (981, 780), (982, 772), (999, 774), (1001, 755), (1002, 746), (1003, 738), (1017, 740), (1010, 792)],
    '99': [(1041, 1007), (1033, 993), (1032, 993), (1030, 989), (1028, 987), (1024, 979), (1018, 969), (1021, 968), (1034, 961), (1035, 960), (1049, 952), (1056, 964), (1058, 963), (1059, 963), (1065, 960), (1069, 962), (1070, 962), (1070, 961), (1070, 961), (1071, 961), (1071, 960), (1072, 960), (1072, 960), (1073, 960), (1073, 960), (1074, 960), (1074, 960), (1075, 960), (1075, 960), (1076, 960), (1076, 960), (1077, 960), (1077, 960), (1078, 960), (1078, 960), (1079, 960), (1079, 960), (1084, 955), (1087, 958), (1083, 963), (1083, 963), (1083, 964), (1084, 964), (1084, 964), (1084, 965), (1084, 965), (1084, 966), (1085, 966), (1085, 967), (1085, 967), (1085, 968), (1085, 968), (1085, 969), (1085, 969), (1085, 970), (1085, 970), (1085, 971), (1085, 971), (1085, 972), (1084, 972), (1084, 973), (1084, 973), (1084, 973), (1084, 974), (1083, 974), (1083, 975), (1083, 975), (1082, 975), (1082, 976), (1082, 976), (1081, 976), (1081, 977), (1081, 977), (1080, 977), (1080, 977), (1079, 978), (1079, 978), (1078, 978), (1078, 978), (1077, 978), (1077, 978), (1076, 978), (1076, 978), (1075, 978), (1075, 978), (1074, 978), (1074, 978), (1073, 978), (1073, 978), (1072, 978), (1072, 978), (1072, 978), (1071, 977), (1071, 977), (1070, 977), (1070, 976), (1064, 980), (1070, 989), (1056, 998)],
    '100': [(1012, 1026), (1009, 1021), (1004, 1013), (999, 1005), (994, 997), (987, 986), (1018, 969), (1024, 979), (1028, 987), (1030, 989), (1032, 993), (1033, 993), (1041, 1007), (1037, 1010)],
    '101': [(965, 1055), (963, 1053), (962, 1050), (949, 1030), (945, 1023), (943, 1020), (939, 1022), (936, 1018), (940, 1015), (938, 1013), (947, 1008), (949, 1007), (954, 1004), (977, 992), (987, 986), (994, 997), (999, 1005), (1004, 1013), (1009, 1021), (1012, 1026), (993, 1038), (995, 1041), (979, 1051), (977, 1048)],
    '102': [(907, 1001), (909, 1003), (917, 1010), (899, 1020), (875, 1000), (872, 998), (855, 983), (873, 972)],
    '103': [(922, 1041), (929, 1037), (944, 1062), (938, 1066), (930, 1054)],
    '104': [(917, 992), (919, 994), (909, 1003), (907, 1001)],
    '105': [(922, 959), (930, 966), (924, 972), (916, 965)],
    '106': [(1263, 921), (1285, 907), (1303, 896), (1297, 887), (1299, 886), (1304, 882), (1304, 882), (1305, 881), (1323, 870), (1328, 867), (1330, 869), (1335, 866), (1333, 863), (1349, 854), (1348, 852), (1348, 852), (1347, 850), (1343, 843), (1342, 843), (1299, 871), (1294, 874), (1289, 877), (1281, 882), (1278, 884), (1265, 892), (1262, 893), (1259, 896), (1251, 901)],
    '107': [(1323, 870), (1324, 871), (1329, 880), (1310, 892), (1305, 883), (1304, 882), (1304, 882), (1305, 881)],
    '108': [(1143, 1053), (1145, 1052), (1194, 1032), (1194, 1033), (1195, 1035), (1205, 1031), (1213, 1047), (1205, 1050), (1207, 1054), (1208, 1057), (1202, 1059), (1199, 1053), (1153, 1072), (1152, 1070), (1147, 1072), (1136, 1052), (1138, 1051), (1142, 1049)],
    '109': [(1098, 1095), (1102, 1100), (1125, 1086), (1136, 1079), (1146, 1073), (1147, 1072), (1136, 1052), (1138, 1051), (1132, 1036), (1131, 1034), (1127, 1037), (1124, 1033), (1101, 1047), (1078, 1062)],
    '110': [(1086, 1100), (1077, 1079), (1071, 1081), (1070, 1079), (1071, 1077), (1072, 1075), (1072, 1073), (1072, 1072), (1068, 1073), (1067, 1072), (1069, 1069), (1068, 1068), (1067, 1068), (1065, 1068), (1063, 1069), (1061, 1070), (1060, 1072), (1060, 1074), (1060, 1075), (1062, 1074), (1062, 1076), (1061, 1077), (1061, 1078), (1063, 1079), (1064, 1080), (1067, 1080), (1068, 1083), (1055, 1088), (1054, 1086), (1050, 1088), (1051, 1090), (1033, 1097), (1062, 1167), (1065, 1172), (1108, 1154), (1106, 1149), (1105, 1148), (1100, 1135), (1088, 1107)],
    '111': [(1037, 1284), (1040, 1283), (1038, 1279), (1035, 1280)],
    '112': [(1741, 829), (1809, 838), (1810, 838), (1807, 857), (1806, 861), (1785, 870), (1783, 872), (1783, 867), (1783, 864), (1786, 863), (1787, 854), (1733, 847), (1735, 835), (1735, 832), (1735, 828), (1736, 820), (1734, 819), (1735, 815), (1734, 813), (1734, 809), (1751, 811), (1751, 817), (1742, 821), (1741, 823)],
    '113': [(1777, 949), (1780, 927), (1779, 927), (1778, 927), (1783, 895), (1783, 894), (1783, 891), (1780, 891), (1780, 888), (1780, 886), (1783, 887), (1785, 873), (1785, 870), (1806, 861), (1806, 864), (1806, 864), (1803, 886), (1798, 920), (1795, 942), (1779, 948)],
    '114': [(1722, 987), (1709, 954), (1708, 952), (1711, 951), (1710, 948), (1745, 934), (1746, 936), (1755, 932), (1757, 935), (1759, 934), (1765, 950), (1764, 950), (1768, 960), (1771, 966)],
    '115': [(1690, 909), (1690, 909), (1690, 909), (1704, 903), (1704, 903), (1725, 895), (1730, 893), (1730, 893), (1730, 893), (1730, 893), (1730, 893), (1737, 908), (1747, 933), (1747, 933), (1747, 933), (1747, 933), (1746, 933), (1745, 934), (1710, 948), (1707, 950), (1706, 950), (1706, 950), (1706, 950), (1706, 949), (1692, 916), (1691, 912), (1690, 909), (1690, 909)],
    '116': [(1725, 834), (1728, 834), (1735, 835), (1735, 832), (1726, 831)],
    '117': [(894, 1211), (896, 1209), (900, 1216), (898, 1217)],
    '118': [(2033, 876), (2031, 870), (2032, 870), (2031, 869), (2036, 867), (2036, 868), (2040, 867), (2042, 872)],
    '119': [(1767, 1017), (1770, 1016), (1773, 1022), (1770, 1024)],
    '120': [(909, 1231), (913, 1229), (914, 1232), (911, 1234)],
    '121': [(796, 1256), (799, 1254), (802, 1259), (800, 1261)],
    '122': [(946, 1305), (949, 1304), (951, 1309), (948, 1310)],
    '123': [(939, 1281), (941, 1285), (938, 1287), (936, 1282), (938, 1282)],
    '124': [(851, 1205), (858, 1201), (859, 1202), (852, 1207)],
    '125': [(774, 1254), (779, 1251), (780, 1253), (775, 1256)],
    '126': [(1723, 849), (1711, 847), (1689, 845), (1684, 844), (1679, 843), (1682, 826), (1686, 826), (1692, 827), (1693, 822), (1704, 824), (1710, 824), (1711, 812), (1706, 812), (1707, 810), (1707, 809), (1718, 810), (1718, 806), (1721, 807), (1721, 810), (1731, 812), (1732, 809), (1733, 809), (1734, 809), (1734, 813), (1735, 815), (1734, 819), (1727, 819), (1726, 826), (1726, 831), (1725, 834)],
    '127': [(1683, 821), (1693, 822), (1704, 824), (1710, 824), (1711, 812), (1706, 812), (1707, 810), (1707, 809), (1712, 766), (1690, 763)],
    '128': [(1689, 849), (1689, 847), (1689, 845), (1711, 847), (1723, 849), (1720, 871), (1677, 865), (1679, 848), (1683, 849)],
    '129': [(1069, 983), (1069, 984), (1069, 984), (1070, 985), (1070, 985), (1071, 985), (1072, 985), (1072, 984), (1073, 984), (1073, 983), (1073, 983), (1072, 982), (1072, 982), (1072, 982), (1071, 981), (1071, 981), (1070, 981), (1070, 981), (1070, 982), (1069, 982), (1069, 982), (1069, 983)],
    '130': [(566, 1454), (567, 1453), (580, 1448), (580, 1449), (581, 1448), (581, 1449), (581, 1450), (582, 1451), (583, 1450), (583, 1450), (584, 1450), (584, 1450), (585, 1450), (591, 1464), (590, 1464), (590, 1465), (589, 1465), (589, 1465), (588, 1465), (588, 1467), (589, 1467), (589, 1468), (588, 1468), (589, 1469), (575, 1475), (575, 1474), (574, 1474), (574, 1473), (574, 1473), (573, 1471), (571, 1472), (572, 1473), (571, 1473), (570, 1472), (570, 1473), (564, 1459), (565, 1459), (564, 1458), (565, 1457), (565, 1458), (567, 1457), (567, 1455), (566, 1456), (566, 1455), (567, 1454)],
    '131': [(367, 1485), (354, 1464), (418, 1424), (431, 1445)],
    '132': [(309, 1493), (318, 1507), (322, 1513), (367, 1485), (354, 1464)],
    '133': [(1305, 1029), (1306, 1029), (1305, 1028), (1312, 1026), (1324, 1054), (1317, 1057)],
    '134': [(962, 813), (967, 817), (968, 822), (964, 826), (956, 820)],
    '135': [(964, 826), (966, 829), (962, 831), (953, 824), (955, 821), (956, 820)],
    '136': [(884, 1132), (889, 1137), (900, 1131), (900, 1131), (899, 1132), (903, 1138), (906, 1142), (924, 1132), (936, 1125), (947, 1119), (952, 1115), (959, 1112), (954, 1108), (954, 1105), (955, 1103), (967, 1096), (972, 1103), (990, 1092), (983, 1083), (996, 1074), (1006, 1082), (1006, 1082), (1024, 1071), (1024, 1070), (1016, 1063), (1017, 1062), (1019, 1065), (1021, 1063), (1025, 1068), (1027, 1067), (1021, 1059), (1020, 1061), (1019, 1060), (1017, 1056), (1015, 1050), (1014, 1048), (1006, 1052), (1007, 1054), (979, 1072), (978, 1070), (970, 1076), (971, 1077), (954, 1088), (907, 1118), (901, 1121), (899, 1123), (897, 1121), (894, 1123), (896, 1125)],
    '137': [(1221, 894), (1213, 880), (1223, 874), (1232, 888)],
    '138': [(1219, 896), (1216, 892), (1204, 899), (1206, 904)],
    '139': [(705, 1161), (712, 1172), (722, 1166), (715, 1155)],
    '140': [(1399, 960), (1399, 961), (1401, 966), (1402, 967), (1402, 967), (1403, 968), (1402, 968), (1404, 971), (1410, 987), (1412, 991), (1415, 990), (1418, 989), (1421, 995), (1424, 994), (1427, 1003), (1469, 985), (1467, 980), (1471, 979), (1472, 979), (1474, 978), (1473, 976), (1480, 973), (1483, 972), (1482, 968), (1481, 966), (1477, 957), (1479, 956), (1477, 951), (1476, 949), (1468, 952), (1469, 954), (1463, 957), (1459, 959), (1454, 948), (1450, 939), (1402, 959)],
    '141': [(1159, 1278), (1160, 1281), (1161, 1283), (1164, 1291), (1165, 1291), (1167, 1296), (1167, 1297), (1169, 1303), (1170, 1304), (1170, 1304), (1171, 1304), (1181, 1300), (1178, 1293), (1177, 1293), (1174, 1286), (1175, 1286), (1172, 1280), (1172, 1280), (1172, 1279), (1172, 1279), (1169, 1273), (1168, 1274), (1166, 1274), (1166, 1275), (1162, 1276), (1160, 1277)],
    '142': [(989, 1116), (992, 1120), (1000, 1116), (1004, 1115), (1011, 1112), (1008, 1109), (1008, 1108), (998, 1110)],
    '143': [(1238, 1214), (1245, 1231), (1251, 1229), (1244, 1212)],
    '144': [(1934, 920), (1932, 921), (1925, 905), (1926, 904), (1928, 904), (1935, 920)],
    '145': [(1968, 960), (1968, 961), (1975, 958), (1975, 958), (1978, 957), (1978, 957), (1984, 954), (1984, 954), (1983, 953), (1967, 959)],
    '146': [(725, 1449), (722, 1450), (725, 1457), (727, 1456), (728, 1459), (727, 1460), (730, 1468), (733, 1466), (734, 1468), (738, 1466), (737, 1464), (741, 1463), (743, 1463), (744, 1466), (743, 1466), (746, 1473), (748, 1479), (750, 1483), (751, 1485), (761, 1481), (760, 1479), (759, 1475), (756, 1469), (753, 1462), (752, 1463), (751, 1460), (751, 1458), (756, 1456), (757, 1458), (762, 1456), (761, 1454), (765, 1453), (766, 1453), (767, 1456), (766, 1457), (769, 1463), (772, 1470), (773, 1473), (774, 1476), (785, 1471), (784, 1469), (782, 1465), (779, 1459), (777, 1453), (775, 1453), (774, 1450), (774, 1449), (780, 1446), (780, 1448), (785, 1446), (784, 1445), (788, 1443), (789, 1443), (791, 1447), (790, 1448), (792, 1454), (795, 1460), (796, 1464), (797, 1466), (808, 1462), (808, 1460), (807, 1459), (806, 1455), (803, 1449), (802, 1446), (804, 1445), (806, 1450), (808, 1449), (815, 1446), (817, 1445), (821, 1454), (826, 1452), (820, 1439), (816, 1429), (806, 1433), (800, 1420), (798, 1415), (792, 1417), (792, 1423), (790, 1432), (788, 1433), (788, 1435), (785, 1436), (783, 1436), (782, 1433), (783, 1432), (780, 1426), (778, 1427), (777, 1425), (771, 1428), (772, 1429), (770, 1430), (773, 1437), (774, 1436), (775, 1439), (774, 1440), (769, 1442), (769, 1441), (764, 1443), (765, 1444), (760, 1446), (759, 1446), (758, 1443), (759, 1442), (756, 1436), (754, 1437), (753, 1435), (748, 1438), (748, 1439), (746, 1440), (749, 1447), (750, 1446), (751, 1449), (751, 1450), (746, 1452), (745, 1451), (740, 1453), (741, 1454), (737, 1456), (736, 1455), (735, 1453), (736, 1452), (733, 1445), (730, 1446), (730, 1445), (724, 1447)],
    '147': [(732, 1474), (739, 1490), (745, 1487), (744, 1485), (738, 1471)],
    '148': [(808, 1410), (812, 1419), (826, 1413), (827, 1412), (824, 1406), (823, 1404)],
    '149': [(907, 1384), (923, 1378), (927, 1376), (936, 1372), (931, 1358), (964, 1344), (971, 1360), (974, 1359), (983, 1355), (983, 1356), (987, 1355), (989, 1357), (985, 1360), (986, 1361), (993, 1358), (994, 1359), (996, 1365), (993, 1366), (995, 1371), (996, 1371), (999, 1376), (987, 1381), (985, 1375), (986, 1375), (985, 1372), (984, 1372), (983, 1370), (984, 1369), (982, 1365), (971, 1370), (973, 1373), (974, 1373), (975, 1375), (974, 1376), (975, 1379), (977, 1379), (980, 1384), (967, 1389), (965, 1384), (966, 1384), (964, 1379), (955, 1383), (957, 1387), (958, 1386), (961, 1392), (949, 1397), (947, 1391), (948, 1390), (943, 1379), (934, 1383), (938, 1395), (940, 1394), (942, 1399), (931, 1404), (929, 1399), (930, 1398), (925, 1387), (916, 1391), (920, 1402), (922, 1402), (924, 1407), (913, 1412), (909, 1404), (914, 1402), (911, 1397), (907, 1399), (905, 1394), (904, 1392), (909, 1390)],
    '150': [(994, 1359), (995, 1358), (995, 1358), (1002, 1355), (1006, 1353), (1008, 1360), (1011, 1359), (1013, 1361), (1014, 1365), (1016, 1369), (1008, 1372), (1007, 1369), (1005, 1369), (1004, 1367), (1003, 1368), (1002, 1365), (1001, 1366), (1000, 1364), (996, 1365)],
    '151': [(1004, 1349), (1006, 1353), (1008, 1360), (1011, 1359), (1013, 1361), (1014, 1365), (1025, 1361), (1022, 1355), (1020, 1355), (1019, 1353), (1018, 1353), (1017, 1351), (1015, 1351), (1014, 1349), (1013, 1349), (1012, 1346)],
    '152': [(1022, 1355), (1025, 1361), (1027, 1365), (1041, 1359), (1037, 1349)],
    '153': [(1033, 1339), (1037, 1349), (1041, 1359), (1050, 1355), (1042, 1336), (1040, 1337), (1039, 1336), (1037, 1330), (1032, 1331), (1034, 1336), (1035, 1338)],
    '154': [(1073, 1327), (1074, 1329), (1079, 1342), (1079, 1343), (1078, 1344), (1076, 1344), (1075, 1344), (1075, 1344), (1074, 1344), (1073, 1345), (1073, 1346), (1071, 1346), (1070, 1346), (1070, 1346), (1069, 1347), (1069, 1348), (1067, 1348), (1066, 1348), (1065, 1348), (1063, 1342), (1061, 1338), (1058, 1332), (1064, 1329), (1065, 1330), (1068, 1329)],
    '155': [(1751, 1057), (1776, 1046), (1774, 1040), (1771, 1033), (1777, 1031), (1778, 1031), (1777, 1030), (1781, 1029), (1781, 1028), (1779, 1023), (1774, 1025), (1775, 1028), (1765, 1032), (1767, 1035), (1746, 1044)],
    '156': [(1732, 1009), (1735, 1007), (1735, 1007), (1759, 996), (1773, 991), (1779, 988), (1783, 996), (1786, 995), (1801, 1029), (1800, 1030), (1801, 1033), (1794, 1036), (1792, 1033), (1792, 1033), (1788, 1025), (1777, 999), (1777, 1000), (1777, 1001), (1774, 1002), (1775, 1003), (1767, 1006), (1766, 1005), (1763, 1006), (1763, 1006), (1761, 1006), (1741, 1015), (1739, 1016), (1738, 1015), (1735, 1016)],
    '157': [(1795, 988), (1800, 997), (1813, 994), (1827, 991), (1830, 991), (1830, 992), (1831, 995), (1827, 996), (1826, 996), (1833, 1027), (1844, 1025), (1842, 1016), (1841, 1016), (1836, 994), (1835, 994), (1834, 994), (1833, 991), (1833, 990), (1839, 989), (1854, 986), (1888, 979), (1898, 1003), (1909, 998), (1896, 967), (1852, 976), (1811, 985)],
    '158': [(851, 1023), (846, 1029), (860, 1041), (847, 1049), (802, 1012), (815, 1005), (815, 1002), (819, 1000), (820, 1002), (824, 1000)],
    '159': [(1630, 885), (1631, 882), (1629, 882), (1631, 865), (1635, 865), (1636, 860), (1635, 860), (1640, 820), (1641, 820), (1642, 815), (1641, 814), (1643, 798), (1649, 799), (1650, 793), (1659, 797), (1658, 799), (1665, 800), (1663, 817), (1662, 817), (1662, 820), (1661, 823), (1663, 823), (1657, 863), (1658, 863), (1657, 868), (1654, 867), (1652, 885), (1650, 884), (1649, 890), (1648, 891), (1647, 891), (1647, 891), (1646, 891), (1645, 891)],
    '160': [(1854, 887), (1852, 896), (1869, 898), (1870, 889)],
    '161': [(1922, 819), (1922, 825), (1911, 823), (1900, 822), (1899, 830), (1896, 855), (1917, 858), (1916, 867), (1948, 871), (1949, 862), (1951, 852), (1954, 829), (1954, 823)],
    '162': [(2038, 890), (2058, 882), (2058, 881), (2063, 879), (2063, 878), (2069, 877), (2079, 874), (2078, 870), (2079, 869), (2083, 870), (2085, 864), (2087, 854), (2086, 853), (2088, 849), (2086, 849), (2088, 833), (2086, 833), (2087, 826), (2100, 830), (2100, 831), (2110, 831), (2107, 853), (2108, 853), (2108, 859), (2104, 876), (2102, 875), (2099, 887), (2087, 894), (2087, 897), (2095, 897), (2096, 899), (2092, 901), (2092, 901), (2088, 902), (2088, 906), (2083, 907), (2083, 910), (2079, 910), (2077, 911), (2074, 911), (2071, 912), (2068, 913), (2065, 914), (2061, 916), (2058, 917), (2055, 919), (2053, 920), (2051, 922), (2049, 923), (2047, 925), (2045, 923), (2042, 925), (2040, 927), (2039, 925), (2031, 928), (2029, 924), (2035, 921), (2034, 920), (2037, 918), (2037, 918), (2038, 916), (2039, 914), (2040, 913), (2042, 912), (2043, 911), (2044, 910), (2043, 906), (2041, 900), (2042, 900)],
    '163': [(1385, 910), (1385, 910), (1385, 910), (1385, 909), (1385, 909), (1386, 909), (1386, 909), (1387, 909), (1387, 910), (1387, 910), (1387, 911), (1387, 911), (1387, 911), (1386, 912), (1386, 912), (1385, 912), (1385, 911), (1385, 911), (1385, 911)],
    '164': [(1379, 913), (1379, 912), (1380, 912), (1380, 911), (1380, 911), (1381, 911), (1381, 911), (1382, 911), (1382, 912), (1382, 912), (1382, 913), (1382, 913), (1382, 914), (1381, 914), (1381, 914), (1380, 914), (1380, 914), (1380, 913), (1379, 913)],
    '165': [(1376, 916), (1376, 915), (1376, 915), (1376, 914), (1376, 914), (1376, 914), (1377, 914), (1377, 914), (1377, 914), (1378, 914), (1378, 914), (1378, 915), (1378, 915), (1378, 915), (1378, 916), (1377, 916), (1377, 916), (1377, 916), (1376, 916)],
    '166': [(699, 1165), (702, 1163), (711, 1177), (708, 1178)],
    '167': [(695, 1167), (704, 1182), (693, 1188), (684, 1174)],
    '168': [(707, 1200), (734, 1183), (737, 1187), (733, 1189), (736, 1194), (714, 1208), (711, 1203), (710, 1204)],
    '169': [(1346, 840), (1359, 860), (1376, 849), (1376, 848), (1392, 838), (1392, 839), (1408, 829), (1400, 815), (1406, 811), (1402, 804), (1382, 817), (1383, 819), (1376, 824), (1375, 822)],
    '170': [(892, 692), (896, 687), (899, 689), (900, 690), (896, 695), (897, 696), (897, 696), (896, 697), (898, 699), (898, 698), (898, 697), (898, 695), (899, 694), (900, 694), (901, 690), (902, 690), (902, 687), (908, 687), (905, 715), (902, 714), (893, 707), (894, 706), (886, 699)],
    '171': [(535, 1486), (536, 1489), (544, 1485), (543, 1482)],
    '172': [(947, 1293), (949, 1297), (946, 1298), (944, 1294)],
    '173': [(936, 1282), (936, 1280), (937, 1280), (938, 1282)],
    '174': [(1306, 1018), (1313, 1015), (1314, 1017), (1307, 1020)],
    '175': [(1564, 870), (1563, 869), (1562, 870), (1561, 870), (1560, 871), (1560, 872), (1560, 873), (1560, 874), (1560, 875), (1561, 875), (1562, 876), (1563, 876), (1564, 876), (1565, 875), (1566, 874), (1566, 873), (1566, 872), (1566, 871), (1565, 870)],
    '176': [(660, 1384), (661, 1387), (663, 1386), (662, 1384)],
    '177': [(661, 1387), (662, 1390), (664, 1389), (663, 1386)],
    '178': [(1001, 755), (984, 753), (985, 744), (1001, 746), (1002, 746)],
    '179': [(1002, 738), (1001, 746), (985, 744), (986, 736)],
    '180': [(1273, 1099), (1276, 1106), (1278, 1105), (1276, 1098)],
    '181': [(812, 1419), (816, 1429), (820, 1439), (826, 1452), (826, 1454), (842, 1447), (846, 1445), (883, 1430), (881, 1425), (880, 1424), (879, 1422), (878, 1419), (879, 1417), (878, 1415), (876, 1415), (871, 1402), (869, 1402), (869, 1400), (868, 1400), (863, 1389), (863, 1388), (852, 1392), (835, 1400), (836, 1401), (841, 1414), (842, 1415), (862, 1407), (865, 1415), (865, 1416), (866, 1418), (867, 1418), (869, 1423), (856, 1428), (854, 1428), (852, 1429), (852, 1430), (841, 1435), (832, 1413), (831, 1413), (828, 1405), (824, 1406), (827, 1412), (826, 1413)],
    '182': [(1258, 1206), (1261, 1211), (1259, 1212), (1262, 1220), (1256, 1223), (1269, 1252), (1272, 1261), (1275, 1260), (1275, 1261), (1281, 1259), (1284, 1257), (1284, 1256), (1289, 1254), (1289, 1254), (1291, 1255), (1293, 1254), (1293, 1252), (1293, 1251), (1292, 1250), (1291, 1250), (1288, 1243), (1288, 1243), (1286, 1239), (1286, 1239), (1285, 1236), (1286, 1236), (1284, 1231), (1283, 1232), (1281, 1227), (1281, 1227), (1282, 1224), (1284, 1224), (1285, 1223), (1289, 1221), (1296, 1218), (1300, 1217), (1303, 1218), (1303, 1218), (1305, 1222), (1304, 1223), (1306, 1227), (1307, 1227), (1308, 1229), (1307, 1230), (1309, 1235), (1310, 1234), (1313, 1241), (1312, 1241), (1312, 1243), (1312, 1244), (1314, 1245), (1316, 1244), (1317, 1243), (1316, 1242), (1322, 1240), (1322, 1240), (1326, 1239), (1325, 1236), (1324, 1236), (1323, 1237), (1320, 1230), (1321, 1229), (1319, 1225), (1318, 1226), (1317, 1222), (1318, 1222), (1316, 1218), (1315, 1218), (1313, 1213), (1314, 1213), (1311, 1205), (1310, 1205), (1308, 1201), (1308, 1200), (1305, 1193), (1306, 1192), (1308, 1192), (1305, 1186), (1290, 1193), (1292, 1198), (1295, 1197), (1299, 1205), (1290, 1209), (1283, 1212), (1278, 1200), (1273, 1202), (1272, 1201)],
    '183': [(1279, 972), (1281, 971), (1281, 972), (1280, 973), (1289, 995), (1301, 990), (1297, 980), (1298, 980), (1302, 989), (1307, 987), (1300, 972), (1298, 973), (1292, 959), (1289, 961), (1285, 952), (1276, 955), (1274, 956), (1273, 957)],
    '184': [(904, 1373), (906, 1379), (904, 1380), (901, 1374)],
    '185': [(1045, 1302), (1046, 1305), (1047, 1304), (1046, 1302)],
    '186': [(1814, 823), (1810, 824), (1762, 817), (1767, 775), (1819, 781)],
    '187': [(1867, 815), (1863, 815), (1862, 815), (1861, 815), (1858, 840), (1866, 841), (1866, 845), (1866, 850), (1875, 850), (1883, 852), (1884, 843), (1887, 844), (1889, 829), (1890, 819), (1889, 819), (1889, 818), (1888, 818), (1888, 792), (1880, 792), (1872, 790), (1871, 793)],
    '188': [(1890, 818), (1893, 792), (1866, 788), (1866, 792), (1865, 792), (1865, 788), (1836, 785), (1833, 808), (1834, 808), (1834, 813), (1833, 813), (1835, 831), (1858, 840), (1861, 815), (1862, 815), (1863, 815), (1867, 815), (1871, 793), (1872, 790), (1880, 792), (1888, 792), (1888, 818), (1889, 818)],
    '189': [(1375, 916), (1375, 915), (1375, 915), (1375, 915), (1374, 915), (1374, 915), (1374, 915), (1374, 915), (1374, 916), (1374, 916), (1374, 916), (1374, 916), (1374, 916), (1374, 917), (1375, 917), (1375, 916), (1375, 916), (1375, 916), (1375, 916)],
    '190': [(1073, 981), (1075, 984), (1079, 982), (1077, 979)],
    '191': [(1091, 963), (1096, 971), (1093, 973), (1088, 965)],
    '192': [(1092, 964), (1096, 972), (1104, 968), (1099, 960)],
    '193': [(725, 1113), (726, 1115), (722, 1117), (721, 1117), (719, 1116)],
    '194': [(941, 996), (947, 1008), (949, 1007), (942, 995)],
    '195': [(1285, 1058), (1288, 1064), (1290, 1063), (1288, 1057)],
    '196': [(1112, 1224), (1110, 1228), (1113, 1229), (1112, 1231), (1111, 1232), (1111, 1233), (1112, 1235), (1113, 1236), (1114, 1237), (1116, 1237), (1117, 1237), (1118, 1238), (1119, 1240), (1121, 1241), (1123, 1241), (1125, 1241), (1127, 1240), (1130, 1239), (1131, 1239), (1143, 1219), (1135, 1215), (1137, 1210), (1137, 1206), (1136, 1206), (1136, 1203), (1138, 1203), (1138, 1202), (1139, 1202), (1140, 1201), (1140, 1200), (1140, 1199), (1140, 1198), (1140, 1197), (1139, 1197), (1139, 1196), (1138, 1196), (1139, 1192), (1127, 1189), (1128, 1186), (1111, 1185), (1111, 1187), (1097, 1193), (1103, 1208), (1101, 1209)],
    '197': [(566, 1337), (576, 1352), (614, 1328), (612, 1326), (627, 1316), (629, 1319), (659, 1300), (653, 1290), (650, 1292), (647, 1287)],
    '198': [(536, 1354), (546, 1370), (540, 1373), (539, 1372), (505, 1393), (501, 1388), (492, 1394), (497, 1402), (456, 1427), (454, 1425), (465, 1402), (488, 1387), (487, 1385)],
    '199': [(1254, 1186), (1255, 1188), (1258, 1186), (1258, 1185)],
    '200': [(904, 1226), (906, 1228), (908, 1227), (907, 1225)],
    '201': [(1823, 804), (1823, 806), (1822, 810), (1820, 810), (1818, 810), (1819, 803)],
    '202': [(627, 1467), (628, 1469), (634, 1466), (633, 1464)],
    '203': [(753, 1235), (755, 1234), (757, 1237), (755, 1238), (754, 1235)],
    '204': [(1593, 798), (1593, 800), (1600, 801), (1600, 798)],
    '205': [(1298, 714), (1313, 716), (1313, 725), (1313, 729), (1314, 731), (1316, 735), (1319, 738), (1322, 740), (1325, 741), (1328, 742), (1331, 742), (1334, 741), (1338, 739), (1357, 727), (1381, 740), (1300, 790), (1298, 791), (1295, 791), (1294, 790), (1293, 788), (1292, 787), (1292, 786), (1291, 785), (1291, 783), (1290, 780), (1290, 777)],
    '206': [(1972, 810), (1965, 866), (2004, 871), (2016, 866), (2021, 818), (2006, 814)],
    '207': [(1557, 957), (1557, 957), (1557, 956), (1556, 956), (1556, 956), (1556, 957), (1555, 957), (1555, 957), (1555, 958), (1555, 958), (1556, 958), (1556, 958), (1556, 959), (1557, 958), (1557, 958), (1557, 958), (1557, 958), (1557, 957), (1557, 957)],
    '208': [(1559, 961), (1559, 960), (1559, 960), (1559, 960), (1558, 960), (1558, 960), (1557, 960), (1557, 960), (1557, 961), (1557, 961), (1557, 962), (1557, 962), (1558, 962), (1558, 962), (1558, 962), (1559, 962), (1559, 962), (1559, 962), (1559, 961)],
    '209': [(1579, 965), (1576, 958), (1601, 948), (1604, 955), (1601, 956), (1601, 958), (1582, 966), (1581, 964)],
    '210': [(1094, 1173), (1095, 1176), (1090, 1178), (1089, 1175)],
    '211': [(873, 1114), (873, 1114), (872, 1114), (872, 1114), (871, 1114), (871, 1114), (871, 1114), (871, 1115), (871, 1115), (871, 1115), (871, 1116), (872, 1116), (872, 1116), (872, 1116), (873, 1116), (873, 1116), (873, 1115), (873, 1115), (873, 1114)],
    '212': [(1297, 953), (1297, 953), (1296, 953), (1296, 953), (1296, 953), (1296, 953), (1296, 953), (1296, 954), (1296, 954), (1296, 954), (1296, 954), (1296, 954), (1297, 954), (1297, 954), (1297, 954), (1297, 954), (1297, 953), (1297, 953), (1297, 953)],
    '213': [(1296, 951), (1296, 951), (1296, 951), (1295, 951), (1295, 951), (1295, 952), (1295, 952), (1295, 952), (1295, 952), (1295, 953), (1295, 953), (1296, 953), (1296, 953), (1296, 953), (1296, 952), (1297, 952), (1297, 952), (1296, 952), (1296, 951)],
    '214': [(1296, 950), (1295, 949), (1295, 949), (1295, 949), (1295, 950), (1294, 950), (1294, 950), (1294, 950), (1294, 951), (1295, 951), (1295, 951), (1295, 951), (1295, 951), (1296, 951), (1296, 951), (1296, 950), (1296, 950), (1296, 950), (1296, 950)],
    '215': [(1295, 948), (1295, 948), (1294, 948), (1294, 948), (1294, 948), (1294, 948), (1294, 949), (1294, 949), (1294, 949), (1294, 949), (1294, 949), (1294, 949), (1295, 949), (1295, 949), (1295, 949), (1295, 949), (1295, 949), (1295, 948), (1295, 948)],
    '216': [(1245, 880), (1234, 887), (1218, 861), (1229, 854), (1230, 856)],
    '217': [(1262, 835), (1265, 840), (1267, 844), (1270, 846), (1270, 847), (1267, 849), (1262, 852), (1264, 855), (1265, 856), (1269, 853), (1273, 851), (1281, 864), (1284, 869), (1287, 873), (1289, 877), (1294, 874), (1299, 871), (1296, 867), (1293, 863), (1291, 858), (1323, 839), (1321, 836), (1322, 835), (1319, 832), (1318, 826), (1316, 823), (1314, 819), (1308, 813), (1305, 808), (1263, 834)],
    '218': [(947, 1028), (946, 1027), (946, 1027), (945, 1027), (945, 1027), (945, 1028), (944, 1028), (944, 1028), (944, 1029), (944, 1029), (945, 1030), (945, 1030), (946, 1030), (946, 1030), (947, 1030), (947, 1029), (947, 1029), (947, 1028), (947, 1028)],
    '219': [(2069, 877), (2067, 871), (2080, 867), (2084, 864), (2085, 864), (2083, 870), (2079, 869), (2078, 870), (2079, 874)],
    '220': [(2063, 826), (2064, 829), (2066, 830), (2065, 827)],
    '221': [(2069, 827), (2070, 830), (2072, 831), (2071, 828)],
    '222': [(2074, 828), (2076, 831), (2078, 831), (2077, 828)],
    '223': [(2080, 828), (2082, 831), (2084, 832), (2083, 829)],
}
