BUILDING_POLY = {
    '00': [(489, 959), (1153, 934), (1158, 1056), (493, 1081)],
    '01': [(1512, 402), (1630, 404), (1625, 858), (1507, 856)],
    '02': [(1836, 430), (1862, 446), (1873, 453), (1980, 451), (2012, 439), (2089, 441), (2116, 537), (2093, 618), (2090, 674), (2134, 767), (2098, 871), (2036, 893), (1957, 879), (1827, 885), (1679, 784), (1689, 661), (1664, 568), (1702, 448)],
    '03': [(1654, 1045), (1775, 1041), (1916, 927), (2004, 1036), (1810, 1192), (1658, 1196)],
    '04': [(1236, 863), (1431, 859), (1434, 1010), (1239, 1014)],
    '05': [(1177, 328), (1282, 310), (1290, 367), (1288, 411), (1283, 452), (1258, 512), (1213, 591), (1173, 649), (1118, 689), (1059, 728), (984, 763), (890, 782), (880, 685), (999, 650), (1083, 590), (1138, 516), (1173, 422)],
    '06': [(88, 999), (91, 1136), (452, 1129), (450, 992)],
    '07': [(252, 1188), (256, 1334), (318, 1333), (320, 1441), (381, 1439), (383, 1519), (384, 1546), (421, 1546), (426, 1755), (540, 1890), (720, 1888), (1047, 1884), (1522, 1497), (1519, 1416), (1538, 1398), (1535, 1344), (1533, 1297), (1413, 1160), (1367, 1162)],
    '08': [(1276, 207), (1359, 189), (1380, 287), (1297, 305)],
    '09': [(1380, 181), (1454, 165), (1473, 253), (1398, 269)],
}
