BUILDING_POLY = {
    '00': [(259, 784), (236, 835), (169, 803), (169, 802), (177, 787), (180, 788), (189, 769), (185, 768), (192, 753), (193, 752), (195, 752)],
    '01': [(620, 926), (618, 930), (605, 957), (551, 931), (561, 911), (568, 895), (579, 872), (633, 897)],
    '02': [(1452, 661), (1456, 664), (1457, 662), (1483, 679), (1485, 677), (1494, 683), (1492, 686), (1500, 691), (1485, 713), (1488, 715), (1485, 719), (1482, 716), (1466, 739), (1472, 743), (1466, 751), (1462, 748), (1458, 754), (1412, 724), (1417, 717), (1431, 695), (1443, 674), (1448, 668)],
    '03': [(1443, 674), (1438, 671), (1430, 685), (1415, 676), (1411, 682), (1431, 695), (1417, 717), (1411, 713), (1406, 721), (1341, 678), (1338, 676), (1328, 669), (1338, 654), (1337, 653), (1345, 641), (1343, 640), (1349, 630), (1348, 629), (1356, 616), (1354, 615), (1364, 600), (1449, 656), (1444, 665), (1448, 668)],
    '04': [(1158, 573), (1158, 571), (1178, 580), (1146, 650), (1131, 683), (1122, 679), (1051, 646), (1065, 616), (1070, 604), (1074, 606), (1078, 603), (1103, 548)],
    '05': [(525, 838), (515, 859), (534, 868), (538, 857), (547, 861), (540, 873), (537, 880), (555, 889), (576, 846), (563, 839), (559, 837), (554, 846), (552, 851)],
    '06': [(332, 720), (293, 801), (294, 801), (298, 803), (422, 862), (431, 841), (385, 819), (410, 766), (398, 760), (401, 753), (395, 749), (374, 794), (362, 788), (355, 804), (322, 788), (346, 736), (335, 730), (338, 723)],
    '07': [(1111, 815), (1039, 780), (1030, 799), (1026, 808), (1105, 846), (1182, 835), (1190, 834), (1199, 833), (1241, 827), (1240, 818), (1239, 816), (1239, 812), (1237, 798), (1195, 804), (1188, 805), (1180, 806)],
    '08': [(1313, 641), (1314, 640), (1315, 637), (1323, 640), (1347, 587), (1344, 586), (1345, 582), (1332, 576), (1330, 580), (1323, 576), (1298, 629), (1308, 634), (1306, 638), (1309, 639)],
    '09': [(899, 490), (907, 474), (795, 421), (782, 449), (874, 492), (879, 480)],
    '10': [(1309, 639), (1303, 650), (1294, 669), (1272, 715), (1265, 712), (1266, 710), (1222, 690), (1220, 692), (1205, 685), (1202, 684), (1193, 680), (1195, 676), (1174, 666), (1162, 693), (1161, 695), (1162, 696), (1275, 749), (1324, 646), (1313, 641)],
    '11': [(501, 873), (493, 870), (489, 868), (485, 866), (481, 875), (477, 874), (471, 887), (512, 906), (493, 946), (508, 953), (504, 961), (515, 967), (516, 964), (518, 960), (520, 961), (535, 930), (524, 924), (526, 921), (538, 927), (548, 905), (554, 894), (537, 886), (535, 890), (533, 889), (529, 887), (524, 884), (519, 882), (514, 880), (510, 878), (505, 875)],
    '12': [(881, 375), (831, 351), (814, 385), (808, 381), (801, 395), (860, 424), (867, 410), (864, 409)],
    '13': [(1360, 832), (1356, 841), (1260, 795), (1253, 810), (1250, 817), (1256, 819), (1261, 822), (1257, 830), (1361, 880), (1375, 851), (1372, 850), (1377, 839)],
    '14': [(634, 1018), (639, 1007), (578, 978), (573, 989), (568, 1000), (567, 999), (565, 998), (563, 1003), (565, 1004), (566, 1004), (561, 1014), (622, 1043)],
    '15': [(733, 408), (703, 474), (733, 488), (763, 422)],
    '16': [(1220, 527), (1207, 553), (1218, 558), (1216, 562), (1231, 570), (1233, 566), (1297, 597), (1310, 571)],
    '17': [(438, 927), (426, 952), (482, 979), (495, 986), (548, 1011), (560, 985), (516, 964), (515, 967), (504, 961), (508, 953), (493, 946), (490, 952)],
    '18': [(1063, 1097), (1079, 1063), (1055, 1052), (1061, 1038), (990, 1005), (968, 1052)],
    '19': [(1377, 839), (1380, 841), (1425, 748), (1416, 744), (1388, 730), (1381, 745), (1380, 746), (1379, 749), (1375, 758), (1379, 761), (1391, 766), (1360, 832)],
    '20': [(757, 367), (754, 372), (777, 386), (779, 381), (783, 373), (781, 372), (787, 358), (782, 356), (783, 353), (737, 331), (727, 352), (764, 370)],
    '21': [(1206, 529), (1209, 523), (1172, 505), (1173, 504), (1024, 432), (1011, 460), (1158, 531), (1160, 532), (1161, 531), (1197, 548), (1201, 539), (1204, 541), (1209, 531)],
    '22': [(620, 453), (628, 437), (666, 455), (658, 471), (687, 485), (708, 443), (692, 435), (693, 432), (629, 401), (628, 404), (612, 396), (590, 439)],
    '23': [(746, 920), (718, 978), (634, 937), (627, 952), (618, 947), (600, 985), (616, 993), (630, 965), (707, 1002), (686, 1046), (639, 1023), (628, 1046), (747, 1103), (758, 1081), (701, 1053), (722, 1009), (770, 1032), (785, 1000), (738, 978), (762, 927)],
    '24': [(1214, 836), (1200, 864), (1288, 906), (1302, 879)],
    '25': [(680, 262), (667, 289), (713, 311), (725, 284)],
    '26': [(1327, 694), (1321, 691), (1289, 757), (1300, 763), (1299, 765), (1303, 767), (1304, 765), (1315, 770), (1327, 745), (1344, 710), (1347, 712), (1351, 705), (1342, 701)],
    '27': [(762, 927), (817, 953), (828, 930), (692, 864), (680, 888), (746, 920)],
    '28': [(882, 569), (885, 564), (889, 566), (894, 554), (889, 551), (895, 537), (784, 485), (769, 516)],
    '29': [(641, 387), (664, 338), (602, 309), (606, 299), (598, 295), (594, 304), (593, 304), (593, 304), (570, 348), (569, 353)],
    '30': [(513, 779), (502, 802), (620, 859), (631, 836)],
    '31': [(677, 364), (668, 382), (662, 379), (659, 386), (665, 389), (664, 392), (712, 415), (726, 387)],
    '32': [(1788, 1272), (1807, 1281), (1818, 1256), (1799, 1248), (1803, 1239), (1773, 1225), (1768, 1234), (1759, 1230), (1764, 1221), (1742, 1211), (1732, 1234), (1793, 1261)],
    '33': [(1179, 916), (1122, 1035), (1181, 1062), (1194, 1035), (1207, 1042), (1213, 1028), (1245, 1040), (1261, 1038), (1272, 1033), (1279, 1020), (1278, 1004), (1270, 990), (1260, 982), (1271, 960), (1215, 933), (1203, 927)],
    '34': [(728, 665), (740, 640), (687, 615), (696, 596), (709, 568), (711, 564), (765, 589), (776, 564), (646, 503), (635, 528), (695, 556), (671, 607), (611, 579), (599, 604)],
    '35': [(1525, 799), (1515, 794), (1516, 791), (1512, 789), (1511, 792), (1498, 787), (1484, 820), (1511, 832)],
    '36': [(1769, 1301), (1751, 1341), (1776, 1352), (1794, 1312), (1784, 1308), (1784, 1306), (1777, 1303), (1776, 1304)],
    '37': [(1916, 1197), (1910, 1198), (1912, 1203), (1909, 1204), (1909, 1206), (1905, 1207), (1900, 1212), (1904, 1226), (1885, 1232), (1888, 1242), (1878, 1245), (1885, 1265), (1921, 1254), (1924, 1253), (1965, 1240), (1953, 1202), (1924, 1212), (1923, 1209), (1929, 1207), (1922, 1197), (1917, 1199)],
    '38': [(1565, 587), (1544, 607), (1616, 679), (1600, 694), (1559, 650), (1541, 667), (1589, 718), (1597, 710), (1603, 705), (1623, 686), (1640, 689), (1642, 679), (1643, 675), (1646, 662), (1637, 660)],
    '39': [(1459, 918), (1454, 910), (1449, 905), (1444, 900), (1440, 897), (1433, 894), (1420, 905), (1420, 916), (1405, 922), (1401, 919), (1398, 924), (1409, 932), (1412, 926), (1410, 924), (1421, 920), (1420, 925), (1422, 936), (1430, 962), (1433, 969), (1436, 973), (1440, 977), (1452, 986), (1455, 988), (1459, 988), (1462, 987), (1466, 986), (1468, 983), (1470, 980), (1471, 975), (1472, 971), (1473, 967), (1473, 959), (1471, 950), (1469, 942), (1467, 934), (1463, 926)],
    '40': [(1397, 528), (1364, 507), (1357, 518), (1362, 522), (1356, 531), (1351, 528), (1341, 544), (1374, 565)],
    '41': [(1428, 554), (1421, 565), (1419, 564), (1408, 582), (1439, 601), (1438, 604), (1460, 618), (1469, 604), (1466, 603), (1468, 599), (1480, 606), (1491, 591), (1447, 564), (1447, 565)],
    '42': [(1303, 650), (1266, 633), (1252, 660), (1287, 677), (1291, 668), (1294, 669)],
    '43': [(1217, 663), (1241, 675), (1242, 673), (1248, 676), (1253, 666), (1246, 663), (1265, 624), (1271, 627), (1276, 616), (1208, 582), (1178, 643), (1213, 661)],
    '44': [(1696, 816), (1708, 804), (1741, 839), (1761, 820), (1728, 786), (1720, 792), (1678, 748), (1661, 765), (1657, 768), (1654, 771), (1673, 791)],
    '45': [(475, 696), (576, 745), (610, 675), (509, 626)],
    '46': [(179, 958), (194, 925), (202, 908), (145, 881), (143, 885), (120, 933), (119, 936), (176, 963)],
    '47': [(792, 667), (781, 662), (770, 684), (773, 685), (772, 687), (903, 749), (904, 747), (909, 750), (919, 728), (896, 716), (850, 695), (844, 692), (798, 670)],
    '48': [(1399, 1016), (1403, 1018), (1406, 1011), (1408, 1012), (1412, 1004), (1406, 1001), (1419, 975), (1390, 961), (1381, 981), (1371, 976), (1368, 982), (1378, 986), (1368, 1008), (1386, 1016), (1369, 1053), (1380, 1058)],
    '49': [(1459, 1554), (1443, 1560), (1442, 1557), (1400, 1574), (1401, 1577), (1384, 1583), (1401, 1628), (1476, 1598)],
    '50': [(1367, 1394), (1367, 1374), (1363, 1374), (1363, 1312), (1351, 1312), (1351, 1309), (1349, 1309), (1350, 1392), (1319, 1406), (1325, 1421), (1359, 1407), (1387, 1421), (1394, 1408)],
    '51': [(1440, 1376), (1438, 1376), (1435, 1375), (1433, 1375), (1431, 1376), (1429, 1376), (1428, 1377), (1425, 1378), (1422, 1380), (1421, 1381), (1419, 1384), (1416, 1387), (1415, 1390), (1414, 1394), (1414, 1398), (1415, 1401), (1415, 1403), (1417, 1406), (1419, 1409), (1421, 1411), (1424, 1413), (1427, 1415), (1430, 1416), (1434, 1417), (1438, 1416), (1442, 1415), (1446, 1413), (1448, 1411), (1451, 1409), (1453, 1406), (1454, 1402), (1455, 1398), (1455, 1394), (1454, 1390), (1453, 1386), (1451, 1384), (1449, 1382), (1446, 1379), (1442, 1377)],
    '52': [(1274, 1113), (1270, 1123), (1300, 1136), (1295, 1147), (1290, 1158), (1287, 1166), (1256, 1152), (1251, 1163), (1280, 1175), (1278, 1179), (1286, 1182), (1287, 1181), (1313, 1192), (1318, 1194), (1323, 1183), (1303, 1174), (1316, 1144), (1336, 1153), (1341, 1141)],
    '53': [(1616, 1045), (1616, 1048), (1603, 1049), (1603, 1045), (1599, 1045), (1575, 1047), (1576, 1064), (1578, 1064), (1578, 1072), (1589, 1072), (1590, 1075), (1605, 1074), (1604, 1069), (1618, 1068), (1621, 1068), (1632, 1067), (1632, 1072), (1648, 1071), (1648, 1061), (1651, 1061), (1650, 1042)],
    '54': [(1370, 1071), (1376, 1094), (1385, 1091), (1379, 1068)],
    '55': [(1613, 1097), (1615, 1115), (1622, 1114), (1623, 1123), (1641, 1122), (1639, 1095), (1623, 1097), (1620, 1097)],
    '56': [(1258, 1190), (1246, 1183), (1227, 1217), (1239, 1224)],
    '57': [(1369, 1114), (1374, 1133), (1386, 1130), (1381, 1111)],
    '58': [(1100, 1078), (1089, 1100), (1111, 1110), (1122, 1089), (1112, 1084), (1112, 1082), (1106, 1079), (1105, 1081)],
    '59': [(1677, 1056), (1655, 1076), (1683, 1105), (1705, 1085)],
    '60': [(1596, 1005), (1597, 1028), (1599, 1028), (1603, 1028), (1651, 1024), (1651, 1023), (1655, 1023), (1654, 1010), (1650, 1011), (1649, 1001)],
    '61': [(1302, 1217), (1292, 1238), (1353, 1265), (1362, 1244), (1320, 1225)],
    '62': [(1530, 847), (1480, 823), (1472, 840), (1474, 841), (1462, 865), (1489, 878), (1494, 867), (1515, 877)],
    '63': [(1456, 490), (1445, 508), (1496, 539), (1506, 522), (1496, 515), (1486, 509)],
    '64': [(463, 416), (451, 441), (519, 473), (495, 523), (435, 495), (422, 521), (553, 583), (566, 556), (502, 526), (503, 522), (515, 528), (536, 485), (522, 479), (524, 475), (589, 506), (600, 482)],
    '65': [(1087, 735), (1107, 744), (1119, 718), (1099, 709)],
    '66': [(1040, 680), (1028, 704), (1081, 729), (1093, 705)],
    '67': [(1049, 776), (1047, 780), (1068, 790), (1072, 782), (1089, 747), (1068, 738)],
    '68': [(836, 600), (824, 624), (866, 644), (872, 646), (916, 667), (927, 643)],
    '69': [(815, 635), (860, 656), (866, 644), (824, 624), (821, 622)],
    '70': [(906, 976), (921, 983), (929, 966), (913, 959)],
    '71': [(412, 989), (397, 982), (374, 972), (367, 988), (364, 995), (356, 991), (362, 978), (359, 976), (351, 993), (362, 998), (346, 1032), (396, 1054), (410, 1023), (402, 1020), (405, 1014), (413, 1017), (424, 994)],
    '72': [(820, 267), (824, 261), (807, 250), (785, 285), (803, 296), (806, 292), (859, 326), (875, 301)],
    '73': [(469, 1086), (493, 1097), (499, 1083), (523, 1094), (536, 1067), (488, 1045)],
    '74': [(1657, 1647), (1660, 1681), (1673, 1679), (1674, 1688), (1689, 1686), (1685, 1652), (1681, 1652), (1680, 1647), (1669, 1648), (1668, 1646)],
    '75': [(1062, 357), (1058, 367), (1054, 366), (1050, 376), (1054, 377), (1052, 381), (1151, 423), (1153, 421), (1157, 423), (1161, 412), (1158, 410), (1162, 400)],
    '76': [(1018, 533), (1014, 511), (1013, 506), (983, 512), (997, 600), (1026, 595), (1026, 591), (1040, 588), (1039, 592), (1052, 598), (1081, 539), (1068, 533), (1070, 530), (1033, 512), (1032, 516), (1022, 535)],
    '77': [(1369, 765), (1328, 745), (1316, 770), (1357, 790), (1358, 787), (1353, 785), (1356, 780), (1360, 782)],
    '78': [(1015, 430), (983, 416), (984, 414), (964, 406), (978, 486), (983, 476), (992, 480)],
    '79': [(935, 614), (929, 562), (924, 559), (925, 557), (923, 556), (926, 549), (907, 540), (883, 593), (891, 596), (888, 602), (917, 616)],
    '80': [(1004, 700), (999, 710), (1022, 720), (1027, 710)],
    '81': [(531, 1085), (547, 1092), (537, 1118), (548, 1120), (553, 1120), (559, 1121), (561, 1121), (563, 1116), (556, 1113), (576, 1123), (583, 1108), (588, 1111), (594, 1097), (589, 1094), (596, 1076), (575, 1066), (574, 1069), (574, 1069), (572, 1069), (571, 1069), (571, 1070), (571, 1070), (570, 1071), (570, 1072), (570, 1073), (570, 1073), (571, 1074), (572, 1075), (568, 1085), (537, 1071)],
    '82': [(448, 1034), (420, 1022), (402, 1063), (430, 1076)],
    '83': [(208, 700), (204, 709), (200, 708), (194, 720), (196, 722), (191, 733), (219, 747), (224, 736), (232, 740), (227, 750), (247, 759), (258, 736), (235, 724), (236, 722), (233, 720), (236, 714)],
    '84': [(238, 655), (235, 662), (229, 659), (224, 671), (229, 673), (226, 680), (245, 689), (251, 677), (272, 687), (271, 690), (275, 692), (270, 701), (288, 709), (303, 679), (258, 657), (255, 663)],
    '85': [(1595, 1185), (1615, 1183), (1611, 1140), (1560, 1144), (1561, 1158), (1557, 1159), (1561, 1210), (1565, 1210), (1567, 1233), (1599, 1231)],
    '86': [(1866, 1098), (1838, 1121), (1846, 1132), (1841, 1136), (1843, 1138), (1840, 1141), (1849, 1151), (1852, 1148), (1860, 1158), (1857, 1160), (1877, 1184), (1886, 1176), (1894, 1186), (1921, 1163)],
    '87': [(1947, 1051), (1927, 1066), (1982, 1142), (2002, 1127)],
    '88': [(1903, 1018), (1905, 1021), (1898, 1026), (1925, 1065), (1947, 1050), (1919, 1011), (1912, 1016), (1910, 1013), (1917, 1008), (1891, 972), (1870, 988), (1897, 1023)],
    '89': [(1925, 1269), (1915, 1272), (1916, 1276), (1871, 1289), (1878, 1314), (1978, 1284), (1970, 1258), (1936, 1269), (1935, 1266), (1928, 1268)],
    '90': [(1924, 1368), (1922, 1363), (1934, 1360), (1924, 1326), (1928, 1325), (1924, 1310), (1890, 1320), (1906, 1373)],
    '91': [(1988, 1316), (1986, 1316), (1974, 1320), (1975, 1325), (1956, 1331), (1937, 1336), (1946, 1369), (2015, 1349), (2006, 1316), (1997, 1318), (1989, 1321)],
    '92': [(1949, 1441), (1951, 1439), (1952, 1438), (1957, 1436), (1945, 1389), (1913, 1397), (1926, 1445), (1933, 1443), (1936, 1444), (1938, 1444), (1941, 1444), (1944, 1444), (1947, 1443)],
    '93': [(2069, 1410), (2053, 1355), (1964, 1382), (1975, 1419), (1973, 1420), (1978, 1437)],
    '94': [(2070, 1411), (2024, 1425), (2027, 1434), (2024, 1434), (2042, 1493), (2100, 1476), (2082, 1414), (2072, 1417)],
    '95': [(1985, 1447), (1987, 1453), (1985, 1453), (1999, 1500), (2019, 1494), (2006, 1448), (2001, 1449), (1999, 1443)],
    '96': [(1927, 1476), (1933, 1496), (1974, 1483), (1968, 1463)],
    '97': [(2107, 1364), (2088, 1304), (2057, 1314), (2076, 1373)],
    '98': [(2063, 1517), (2072, 1514), (2076, 1529), (2097, 1523), (2085, 1485), (2056, 1494)],
    '99': [(1905, 1507), (1904, 1506), (1906, 1502), (1868, 1477), (1860, 1489), (1900, 1515)],
    '100': [(1749, 1459), (1751, 1436), (1709, 1433), (1708, 1446), (1721, 1447), (1720, 1451), (1731, 1452), (1731, 1458)],
    '101': [(1781, 1435), (1752, 1434), (1751, 1476), (1780, 1477)],
    '102': [(1675, 1454), (1675, 1466), (1708, 1467), (1708, 1455), (1698, 1455), (1698, 1452), (1686, 1451), (1686, 1454)],
    '103': [(1554, 1424), (1555, 1445), (1590, 1444), (1590, 1424)],
    '104': [(1505, 1557), (1490, 1555), (1487, 1574), (1502, 1576)],
    '105': [(1516, 1559), (1513, 1585), (1523, 1586), (1523, 1584), (1527, 1584), (1529, 1560)],
    '106': [(165, 740), (153, 738), (147, 773), (158, 775)],
    '107': [(157, 707), (160, 707), (159, 713), (171, 716), (194, 619), (181, 616), (179, 621), (177, 621)],
    '108': [(1459, 1355), (1465, 1354), (1460, 1319), (1438, 1323), (1443, 1357), (1452, 1356), (1452, 1362), (1460, 1361)],
    '109': [(1176, 394), (1166, 417), (1230, 447), (1241, 422), (1225, 414), (1227, 411), (1217, 407), (1216, 410), (1205, 405), (1206, 402), (1193, 396), (1191, 401)],
    '110': [(1253, 433), (1245, 452), (1273, 464), (1281, 445)],
    '111': [(1173, 350), (1165, 370), (1218, 393), (1221, 386), (1225, 387), (1230, 374)],
    '112': [(1234, 406), (1251, 413), (1261, 391), (1244, 383)],
    '113': [(1380, 422), (1341, 406), (1334, 422), (1373, 438)],
    '114': [(1628, 943), (1583, 947), (1586, 989), (1640, 985), (1639, 970), (1642, 969), (1642, 958), (1638, 959), (1637, 944), (1629, 945)],
    '115': [(1517, 942), (1525, 958), (1555, 943), (1547, 927)],
    '116': [(1509, 892), (1499, 904), (1519, 921), (1529, 910)],
    '117': [(824, 1043), (816, 1039), (822, 1026), (817, 1024), (823, 1010), (819, 1007), (823, 997), (808, 991), (783, 1046), (814, 1060), (815, 1057), (817, 1058)],
    '118': [(730, 1051), (782, 1076), (784, 1072), (789, 1075), (795, 1063), (734, 1034), (731, 1040), (735, 1042)],
    '119': [(1381, 745), (1378, 743), (1384, 730), (1353, 715), (1351, 717), (1343, 713), (1331, 739), (1351, 749), (1352, 747), (1372, 757), (1376, 747), (1379, 749), (1380, 746)],
    '120': [(401, 753), (460, 780), (470, 758), (343, 697), (332, 720), (338, 723), (395, 749)],
    '121': [(360, 835), (337, 883), (291, 862), (310, 822), (292, 814), (263, 877), (397, 940), (426, 878), (406, 868), (386, 909), (356, 896), (379, 844)],
    '122': [(1084, 345), (1081, 351), (1108, 363), (1125, 322), (1099, 311), (1091, 330)],
    '123': [(1003, 273), (1000, 282), (996, 281), (993, 288), (997, 290), (988, 310), (1033, 329), (1038, 331), (1052, 337), (1063, 309), (1045, 301), (1048, 292)],
    '124': [(1427, 1662), (1423, 1664), (1427, 1673), (1418, 1676), (1420, 1682), (1422, 1681), (1421, 1679), (1425, 1678), (1427, 1683), (1423, 1684), (1424, 1688), (1459, 1677), (1457, 1671), (1438, 1676), (1436, 1670), (1430, 1672)],
    '125': [(1412, 1668), (1417, 1686), (1423, 1684), (1427, 1683), (1425, 1678), (1421, 1679), (1422, 1681), (1420, 1682), (1418, 1676), (1415, 1667)],
    '126': [(1450, 1633), (1447, 1627), (1414, 1640), (1416, 1646), (1421, 1644), (1420, 1641), (1444, 1632), (1445, 1635)],
    '127': [(1427, 1662), (1453, 1653), (1452, 1650), (1454, 1649), (1456, 1652), (1469, 1647), (1462, 1628), (1450, 1633), (1445, 1635), (1421, 1644), (1416, 1646), (1402, 1651), (1408, 1669), (1412, 1668), (1415, 1667), (1423, 1664)],
    '128': [(1538, 1658), (1536, 1655), (1531, 1659), (1533, 1663)],
    '129': [(1616, 1910), (1591, 1919), (1601, 1946), (1610, 1942), (1613, 1951), (1638, 1943), (1632, 1926), (1623, 1929)],
    '130': [(1759, 1884), (1769, 1876), (1745, 1843), (1735, 1850)],
    '131': [(1519, 1903), (1525, 1899), (1527, 1898), (1523, 1892), (1521, 1888), (1513, 1893)],
    '132': [(1523, 1672), (1519, 1671), (1513, 1686), (1518, 1688)],
    '133': [(2086, 1570), (2077, 1573), (2082, 1593), (2092, 1590)],
    '134': [(1701, 1693), (1702, 1707), (1705, 1706), (1704, 1693)],
    '135': [(1556, 1922), (1558, 1927), (1564, 1925), (1563, 1919)],
    '136': [(1590, 1919), (1555, 1932), (1552, 1925), (1539, 1930), (1541, 1937), (1519, 1945), (1528, 1968), (1535, 1965), (1535, 1964), (1546, 1960), (1551, 1973), (1572, 1965), (1567, 1952), (1597, 1941)],
    '137': [(1669, 1595), (1665, 1595), (1665, 1593), (1660, 1593), (1660, 1594), (1657, 1594), (1654, 1618), (1666, 1619)],
    '138': [(1440, 1802), (1439, 1797), (1435, 1798), (1436, 1803)],
    '139': [(1510, 1919), (1513, 1922), (1523, 1915), (1521, 1911)],
    '140': [(1442, 1807), (1441, 1802), (1437, 1803), (1438, 1805), (1437, 1805), (1438, 1808)],
    '141': [(1446, 1817), (1443, 1808), (1439, 1809), (1442, 1818)],
    '142': [(1699, 1674), (1700, 1686), (1703, 1686), (1702, 1674)],
    '143': [(1722, 1885), (1717, 1880), (1697, 1894), (1702, 1900)],
    '144': [(1452, 1618), (1426, 1629), (1427, 1631), (1453, 1621)],
    '145': [(1414, 1691), (1419, 1706), (1439, 1700), (1440, 1702), (1459, 1696), (1458, 1693), (1462, 1692), (1463, 1695), (1483, 1689), (1479, 1678), (1478, 1678), (1477, 1672), (1459, 1677), (1424, 1688)],
    '146': [(1684, 1638), (1684, 1632), (1677, 1633), (1677, 1639)],
    '147': [(1709, 1826), (1712, 1830), (1724, 1822), (1720, 1817)],
    '148': [(155, 723), (154, 730), (158, 731), (159, 724)],
    '149': [(160, 718), (156, 717), (155, 723), (159, 724)],
    '150': [(312, 828), (311, 831), (323, 837), (325, 834)],
    '151': [(314, 825), (312, 828), (325, 834), (326, 831)],
    '152': [(311, 367), (310, 370), (309, 374), (302, 397), (308, 398), (303, 413), (354, 430), (368, 386)],
    '153': [(317, 301), (274, 286), (271, 298), (262, 295), (251, 329), (259, 332), (258, 333), (301, 348), (311, 318)],
    '154': [(311, 318), (319, 321), (317, 327), (311, 324), (298, 364), (301, 371), (309, 374), (310, 370), (304, 368), (303, 364), (313, 332), (320, 334), (334, 294), (294, 281), (292, 287), (267, 278), (262, 295), (271, 298), (274, 286), (317, 301)],
    '155': [(326, 713), (329, 715), (336, 701), (332, 699)],
    '156': [(332, 699), (330, 698), (323, 712), (326, 713)],
    '157': [(194, 720), (200, 708), (194, 705), (188, 717)],
    '158': [(143, 885), (138, 883), (115, 930), (120, 933)],
    '159': [(219, 915), (224, 917), (229, 919), (235, 906), (238, 901), (228, 896)],
    '160': [(207, 977), (206, 980), (261, 1006), (276, 973), (221, 947)],
    '161': [(240, 908), (235, 906), (229, 919), (231, 920), (229, 923), (224, 920), (216, 936), (194, 925), (179, 958), (182, 959), (192, 940), (202, 945), (205, 939), (221, 947), (222, 945)],
    '162': [(221, 947), (205, 939), (202, 945), (192, 940), (182, 959), (180, 964), (207, 977)],
    '163': [(363, 263), (362, 262), (362, 261), (316, 246), (315, 246), (314, 248), (313, 250), (362, 266)],
    '164': [(327, 221), (298, 212), (289, 238), (307, 244), (306, 247), (313, 249), (314, 248), (315, 246), (316, 246), (316, 245), (318, 242), (320, 232), (323, 233)],
    '165': [(275, 824), (266, 820), (260, 832), (269, 836)],
    '166': [(324, 205), (320, 203), (316, 217), (320, 218)],
    '167': [(289, 808), (285, 806), (271, 833), (276, 836), (279, 829)],
    '168': [(213, 630), (204, 626), (201, 633), (210, 637)],
    '169': [(326, 696), (323, 695), (316, 709), (320, 711)],
    '170': [(219, 415), (215, 413), (210, 428), (214, 429)],
    '171': [(339, 441), (322, 436), (317, 453), (333, 458)],
    '172': [(168, 874), (153, 866), (146, 881), (161, 888)],
    '173': [(267, 819), (274, 803), (270, 801), (263, 817)],
    '174': [(294, 955), (290, 965), (303, 971), (308, 962)],
    '175': [(282, 658), (236, 635), (234, 639), (280, 662)],
    '176': [(282, 795), (287, 797), (309, 751), (305, 748)],
    '177': [(267, 841), (256, 836), (250, 850), (261, 855)],
    '178': [(325, 1025), (338, 1031), (345, 1015), (332, 1010)],
    '179': [(245, 393), (243, 397), (274, 408), (276, 404)],
    '180': [(271, 355), (261, 352), (260, 357), (269, 360)],
    '181': [(321, 839), (312, 835), (311, 838), (320, 842)],
    '182': [(193, 875), (173, 866), (166, 881), (170, 883), (168, 887), (183, 894)],
    '183': [(222, 945), (273, 969), (291, 931), (263, 918), (266, 912), (243, 901), (240, 908)],
    '184': [(305, 246), (293, 241), (290, 249), (303, 253)],
    '185': [(301, 254), (274, 245), (265, 276), (292, 284)],
    '186': [(228, 844), (158, 810), (145, 838), (171, 851), (169, 856), (194, 868), (197, 863), (215, 872)],
    '187': [(298, 983), (305, 986), (309, 979), (301, 976)],
    '188': [(259, 350), (243, 345), (239, 355), (247, 358), (250, 356), (256, 358)],
    '189': [(279, 357), (277, 363), (285, 366), (287, 360)],
    '190': [(274, 792), (278, 794), (301, 746), (297, 744)],
    '191': [(128, 839), (120, 854), (126, 857), (125, 859), (141, 868), (143, 865), (145, 866), (151, 851)],
    '192': [(127, 902), (109, 893), (107, 898), (125, 907)],
    '193': [(224, 400), (219, 398), (214, 413), (219, 414)],
    '194': [(157, 781), (145, 778), (137, 812), (146, 814), (147, 809), (150, 810)],
    '195': [(344, 841), (330, 834), (321, 851), (336, 858)],
    '196': [(278, 804), (270, 820), (274, 822), (282, 806)],
    '197': [(301, 972), (289, 966), (285, 974), (298, 980)],
    '198': [(315, 182), (311, 181), (306, 198), (384, 223), (377, 244), (370, 242), (368, 246), (375, 248), (372, 257), (364, 254), (362, 261), (362, 262), (363, 263), (371, 266), (371, 268), (362, 266), (313, 250), (306, 247), (300, 264), (403, 298), (409, 281), (392, 276), (405, 235), (392, 231), (394, 226), (424, 236), (430, 220), (398, 209), (400, 203), (395, 201), (394, 204), (393, 208)],
    '199': [(394, 204), (316, 178), (315, 182), (393, 208)],
    '200': [(2035, 1546), (2052, 1602), (2082, 1593), (2077, 1573), (2067, 1576), (2065, 1569), (2065, 1569), (2057, 1540)],
    '201': [(1459, 1436), (1457, 1440), (1465, 1443), (1466, 1439)],
    '202': [(1456, 1430), (1454, 1435), (1464, 1438), (1466, 1434)],
    '203': [(487, 857), (485, 861), (491, 864), (489, 868), (493, 870), (495, 866), (502, 870), (501, 873), (505, 875), (506, 871), (512, 874), (510, 878), (514, 880), (516, 876), (521, 879), (519, 882), (524, 884), (525, 880), (531, 883), (529, 887), (533, 889), (535, 885), (536, 886), (538, 882)],
    '204': [(550, 948), (544, 945), (540, 954), (543, 955), (542, 960), (545, 961)],
    '205': [(1539, 987), (1558, 985), (1556, 964), (1537, 967)],
    '206': [(1539, 987), (1540, 993), (1559, 991), (1558, 985)],
    '207': [(745, 309), (722, 299), (715, 315), (737, 326)],
    '208': [(737, 326), (736, 328), (795, 355), (804, 337), (745, 309)],
    '209': [(643, 273), (650, 248), (640, 245), (641, 242), (621, 236), (617, 252), (613, 265)],
    '210': [(617, 252), (608, 250), (604, 264), (613, 266), (613, 265)],
    '211': [(1250, 817), (1253, 810), (1243, 812), (1239, 812), (1239, 816), (1240, 818), (1244, 817)],
    '212': [(1303, 1385), (1331, 1384), (1330, 1371), (1334, 1370), (1333, 1336), (1329, 1337), (1330, 1348), (1302, 1349)],
    '213': [(1805, 1234), (1795, 1230), (1794, 1233), (1804, 1237)],
    '214': [(1373, 1132), (1367, 1134), (1368, 1137), (1374, 1136)],
    '215': [(1802, 1038), (1795, 1032), (1776, 1051), (1783, 1058)],
    '216': [(1679, 920), (1672, 913), (1654, 931), (1661, 938)],
    '217': [(1945, 1380), (1940, 1365), (1906, 1374), (1910, 1389)],
    '218': [(1104, 788), (1100, 797), (1124, 809), (1128, 800)],
    '219': [(1546, 1482), (1536, 1481), (1536, 1484), (1546, 1485)],
    '220': [(948, 972), (941, 969), (940, 971), (941, 972), (940, 974), (946, 977)],
    '221': [(1257, 682), (1252, 693), (1270, 701), (1275, 690)],
    '222': [(1042, 485), (1026, 477), (1023, 483), (1039, 491)],
    '223': [(1737, 1529), (1733, 1526), (1718, 1541), (1721, 1544)],
    '224': [(339, 107), (378, 120), (381, 119), (388, 98), (387, 95), (346, 82), (344, 83), (337, 104)],
    '225': [(1724, 762), (1734, 771), (1742, 763), (1731, 753)],
    '226': [(1791, 791), (1781, 786), (1778, 793), (1788, 798)],
    '227': [(1943, 1149), (1941, 1152), (1954, 1158), (1955, 1154)],
    '228': [(1693, 1499), (1689, 1499), (1688, 1504), (1692, 1505)],
    '229': [(1674, 953), (1664, 942), (1658, 948), (1669, 959)],
    '230': [(2057, 1539), (2056, 1535), (2049, 1537), (2050, 1541)],
    '231': [(1838, 972), (1824, 958), (1807, 974), (1821, 988)],
    '232': [(1265, 791), (1268, 792), (1274, 779), (1272, 777)],
    '233': [(1734, 963), (1728, 956), (1707, 976), (1714, 983)],
    '234': [(979, 268), (972, 251), (963, 255), (970, 272)],
    '235': [(1824, 923), (1829, 929), (1836, 922), (1831, 917)],
    '236': [(1410, 436), (1404, 450), (1449, 469), (1455, 456)],
    '237': [(1795, 1028), (1801, 1036), (1808, 1030), (1802, 1022)],
    '238': [(1833, 1108), (1841, 1115), (1845, 1111), (1837, 1103)],
    '239': [(2084, 1283), (2079, 1267), (2075, 1268), (2080, 1284)],
    '240': [(1193, 770), (1191, 752), (1172, 754), (1171, 739), (1143, 741), (1146, 774)],
    '241': [(1805, 1037), (1812, 1045), (1818, 1040), (1811, 1032)],
    '242': [(1552, 1232), (1552, 1226), (1552, 1225), (1552, 1224), (1551, 1224), (1551, 1223), (1551, 1223), (1551, 1223), (1550, 1222), (1550, 1222), (1549, 1222), (1549, 1222), (1548, 1222), (1548, 1222), (1547, 1222), (1547, 1222), (1546, 1222), (1546, 1222), (1545, 1222), (1545, 1222), (1545, 1222), (1545, 1223), (1544, 1223), (1544, 1223), (1544, 1224), (1544, 1224), (1544, 1224), (1543, 1225), (1543, 1227), (1544, 1232)],
    '243': [(1204, 758), (1202, 745), (1198, 746), (1201, 758)],
    '244': [(1600, 1487), (1592, 1487), (1592, 1491), (1600, 1492)],
    '245': [(479, 847), (499, 857), (511, 831), (492, 821)],
    '246': [(1038, 494), (1022, 486), (1019, 492), (1035, 500)],
    '247': [(392, 755), (381, 749), (371, 768), (383, 774)],
    '248': [(951, 744), (946, 744), (946, 749), (950, 749)],
    '249': [(657, 267), (649, 265), (646, 274), (654, 277)],
    '250': [(1755, 1264), (1743, 1259), (1734, 1280), (1746, 1285)],
    '251': [(1245, 681), (1241, 679), (1237, 686), (1242, 688)],
    '252': [(1544, 958), (1540, 959), (1542, 962), (1545, 961)],
    '253': [(1925, 797), (1914, 786), (1909, 792), (1920, 802)],
    '254': [(1779, 1036), (1769, 1026), (1762, 1032), (1772, 1042)],
    '255': [(1433, 1499), (1430, 1528), (1440, 1529), (1444, 1500)],
    '256': [(569, 403), (549, 394), (539, 415), (542, 416), (538, 424), (555, 432)],
    '257': [(781, 296), (778, 300), (791, 307), (793, 303)],
    '258': [(1205, 507), (1197, 504), (1194, 509), (1202, 513)],
    '259': [(1481, 473), (1479, 472), (1478, 474), (1480, 475)],
    '260': [(1357, 1163), (1348, 1159), (1323, 1213), (1331, 1217)],
    '261': [(1162, 487), (1156, 485), (1154, 489), (1160, 492)],
    '262': [(1097, 793), (1093, 791), (1088, 802), (1091, 804)],
    '263': [(1761, 858), (1769, 867), (1781, 856), (1773, 847)],
    '264': [(1599, 761), (1602, 764), (1617, 750), (1614, 746)],
    '265': [(2089, 1115), (2072, 1122), (2075, 1128), (2072, 1129), (2080, 1147), (2083, 1146), (2087, 1155), (2067, 1164), (2073, 1179), (2087, 1172), (2089, 1175), (2096, 1172), (2095, 1169), (2102, 1166), (2102, 1167), (2110, 1164), (2108, 1161), (2115, 1158), (2109, 1145), (2104, 1148)],
    '266': [(1773, 817), (1764, 827), (1769, 832), (1779, 822)],
    '267': [(1780, 1215), (1782, 1208), (1772, 1204), (1769, 1210)],
    '268': [(1790, 1263), (1786, 1262), (1784, 1268), (1783, 1267), (1782, 1270), (1783, 1270), (1782, 1271), (1786, 1273)],
    '269': [(968, 294), (961, 279), (964, 278), (961, 272), (943, 281), (953, 301)],
    '270': [(1691, 928), (1684, 921), (1668, 938), (1675, 945)],
    '271': [(1109, 516), (1091, 508), (1088, 514), (1106, 522)],
    '272': [(1090, 330), (1080, 326), (1074, 341), (1084, 345)],
    '273': [(2001, 1178), (1998, 1175), (1995, 1177), (1999, 1181)],
    '274': [(1479, 471), (1474, 468), (1472, 471), (1478, 474)],
    '275': [(1214, 751), (1207, 748), (1204, 753), (1211, 756)],
    '276': [(1413, 1374), (1422, 1372), (1420, 1360), (1412, 1362)],
    '277': [(432, 191), (430, 196), (439, 199), (440, 194)],
    '278': [(1792, 1286), (1779, 1281), (1778, 1284), (1791, 1289)],
    '279': [(379, 177), (377, 182), (414, 195), (416, 190)],
    '280': [(1414, 1451), (1387, 1452), (1387, 1469), (1414, 1468)],
    '281': [(1386, 1134), (1375, 1136), (1376, 1140), (1387, 1138)],
    '282': [(1333, 823), (1326, 802), (1320, 804), (1328, 826)],
    '283': [(1373, 878), (1382, 882), (1394, 859), (1385, 854)],
    '284': [(400, 102), (407, 104), (404, 112), (433, 121), (439, 102), (437, 101), (438, 99), (435, 97), (435, 96), (428, 93), (427, 98), (416, 94), (418, 89), (406, 85)],
    '285': [(2100, 1391), (2096, 1390), (2096, 1411), (2099, 1411)],
    '286': [(1709, 928), (1701, 921), (1697, 925), (1699, 927), (1698, 928), (1704, 933)],
    '287': [(1689, 910), (1678, 898), (1673, 903), (1682, 913), (1685, 910), (1687, 912)],
    '288': [(1058, 504), (1042, 496), (1039, 502), (1055, 509)],
    '289': [(830, 333), (824, 345), (827, 347), (833, 335)],
    '290': [(1361, 1449), (1352, 1426), (1320, 1439), (1330, 1463)],
    '291': [(1124, 735), (1133, 740), (1141, 725), (1132, 721)],
    '292': [(753, 301), (748, 299), (746, 303), (752, 305)],
    '293': [(1626, 854), (1619, 847), (1600, 865), (1607, 873)],
    '294': [(1702, 938), (1694, 931), (1677, 948), (1685, 956)],
    '295': [(2049, 1295), (2044, 1278), (2035, 1281), (2040, 1298)],
    '296': [(1652, 851), (1649, 848), (1643, 853), (1646, 856)],
    '297': [(641, 276), (638, 275), (637, 279), (640, 280)],
    '298': [(416, 167), (422, 150), (408, 145), (409, 143), (390, 136), (383, 155)],
    '299': [(993, 798), (995, 795), (985, 791), (984, 794)],
    '300': [(1498, 910), (1492, 917), (1503, 927), (1509, 919)],
    '301': [(636, 274), (633, 273), (632, 277), (635, 278)],
    '302': [(1435, 1348), (1433, 1337), (1427, 1338), (1429, 1349)],
    '303': [(1348, 831), (1340, 809), (1335, 810), (1343, 833)],
    '304': [(839, 336), (834, 334), (832, 340), (837, 342)],
    '305': [(1215, 933), (1218, 926), (1205, 921), (1203, 927)],
    '306': [(1797, 1222), (1801, 1213), (1787, 1207), (1787, 1208), (1783, 1216)],
    '307': [(1319, 817), (1311, 795), (1305, 797), (1313, 819)],
    '308': [(2078, 1287), (2073, 1269), (2065, 1271), (2070, 1289)],
    '309': [(1413, 912), (1408, 908), (1406, 912), (1411, 915)],
    '310': [(1374, 466), (1335, 454), (1330, 473), (1368, 484)],
    '311': [(1614, 1491), (1614, 1494), (1623, 1495), (1624, 1492)],
    '312': [(1503, 482), (1499, 480), (1496, 486), (1500, 487)],
    '313': [(409, 236), (396, 275), (434, 287), (445, 255), (443, 254), (446, 244), (423, 236), (422, 240)],
    '314': [(1009, 726), (1001, 721), (997, 727), (1005, 732)],
    '315': [(1382, 773), (1377, 771), (1365, 796), (1370, 798)],
    '316': [(1131, 476), (1114, 468), (1112, 470), (1130, 479)],
    '317': [(2059, 1292), (2053, 1275), (2045, 1277), (2050, 1295)],
    '318': [(1658, 857), (1655, 854), (1649, 859), (1652, 862)],
    '319': [(489, 490), (486, 489), (480, 502), (482, 503)],
    '320': [(616, 277), (614, 281), (618, 282), (620, 278)],
    '321': [(1816, 804), (1792, 793), (1781, 815), (1806, 827)],
    '322': [(387, 160), (381, 158), (380, 164), (386, 166)],
    '323': [(730, 931), (725, 928), (712, 953), (718, 956)],
    '324': [(1325, 571), (1321, 569), (1309, 595), (1313, 597)],
    '325': [(1107, 767), (1130, 778), (1140, 759), (1131, 755), (1135, 746), (1121, 739)],
    '326': [(427, 136), (421, 134), (419, 137), (416, 136), (414, 142), (417, 143), (415, 146), (422, 148)],
    '327': [(716, 1028), (732, 1035), (733, 1033), (717, 1025)],
    '328': [(2108, 1380), (2107, 1374), (2102, 1375), (2104, 1381)],
    '329': [(1283, 1195), (1268, 1188), (1236, 1255), (1252, 1262)],
    '330': [(1503, 908), (1498, 904), (1497, 906), (1501, 911)],
    '331': [(1549, 1556), (1548, 1562), (1568, 1564), (1569, 1558)],
    '332': [(377, 454), (370, 472), (374, 474), (382, 456)],
    '333': [(1647, 846), (1644, 843), (1639, 848), (1642, 851)],
    '334': [(844, 236), (821, 246), (825, 254), (828, 252), (829, 256), (838, 252), (851, 283), (853, 283), (854, 285), (864, 281)],
    '335': [(1018, 485), (1010, 481), (1007, 487), (1015, 491)],
    '336': [(1399, 1521), (1366, 1534), (1379, 1566), (1412, 1553)],
    '337': [(1179, 738), (1180, 747), (1184, 746), (1183, 738)],
    '338': [(477, 1021), (472, 1019), (470, 1026), (475, 1028)],
    '339': [(973, 305), (969, 296), (963, 299), (967, 308)],
    '340': [(1488, 899), (1483, 906), (1487, 909), (1492, 903)],
    '341': [(1647, 706), (1645, 710), (1677, 721), (1678, 717)],
    '342': [(1624, 906), (1616, 912), (1627, 924), (1634, 917)],
    '343': [(431, 121), (427, 134), (430, 135), (434, 122)],
    '344': [(1545, 1248), (1545, 1237), (1532, 1237), (1532, 1248)],
    '345': [(635, 220), (639, 215), (632, 211), (629, 216)],
    '346': [(1429, 1369), (1439, 1368), (1437, 1348), (1435, 1348), (1429, 1349), (1427, 1349)],
    '347': [(1718, 760), (1710, 768), (1724, 782), (1732, 774)],
    '348': [(1615, 842), (1608, 835), (1589, 854), (1596, 861)],
    '349': [(1193, 1203), (1189, 1205), (1207, 1232), (1211, 1230)],
    '350': [(1178, 790), (1177, 786), (1132, 792), (1132, 796)],
    '351': [(887, 487), (879, 483), (874, 494), (882, 498)],
    '352': [(1801, 1217), (1798, 1222), (1808, 1227), (1810, 1221)],
    '353': [(1262, 432), (1283, 440), (1297, 405), (1277, 397)],
    '354': [(1713, 949), (1705, 941), (1688, 958), (1696, 966)],
    '355': [(1305, 810), (1297, 789), (1291, 791), (1299, 813)],
    '356': [(1750, 796), (1746, 801), (1755, 808), (1759, 804)],
    '357': [(1200, 759), (1198, 747), (1193, 747), (1195, 760)],
    '358': [(1604, 886), (1598, 892), (1613, 908), (1619, 901)],
    '359': [(1288, 446), (1284, 454), (1298, 460), (1302, 451), (1312, 428), (1298, 422)],
    '360': [(1113, 813), (1115, 810), (1100, 803), (1099, 807)],
    '361': [(1382, 1567), (1385, 1575), (1398, 1569), (1395, 1562)],
    '362': [(1656, 1050), (1666, 1058), (1671, 1052), (1662, 1044)],
    '363': [(1673, 814), (1661, 823), (1672, 839), (1684, 830)],
    '364': [(1567, 858), (1552, 851), (1542, 872), (1556, 879)],
    '365': [(1022, 475), (1014, 471), (1011, 478), (1019, 482)],
    '366': [(447, 168), (462, 121), (449, 117), (432, 168), (432, 170), (445, 174)],
    '367': [(1765, 1204), (1761, 1212), (1765, 1214), (1769, 1205)],
    '368': [(467, 1089), (465, 1094), (480, 1101), (483, 1096)],
    '369': [(1273, 794), (1275, 795), (1281, 782), (1279, 781)],
    '370': [(1349, 887), (1346, 893), (1361, 901), (1364, 895)],
    '371': [(1638, 866), (1631, 859), (1611, 878), (1619, 885)],
    '372': [(1053, 679), (1050, 683), (1070, 694), (1072, 689)],
    '373': [(1302, 1324), (1288, 1324), (1288, 1337), (1302, 1337)],
    '374': [(1811, 1047), (1804, 1040), (1783, 1062), (1789, 1068)],
    '375': [(1818, 1055), (1811, 1055), (1811, 1062), (1812, 1062), (1813, 1067), (1819, 1066)],
    '376': [(450, 457), (443, 472), (484, 491), (491, 476)],
    '377': [(339, 162), (338, 167), (377, 181), (379, 175)],
    '378': [(444, 181), (423, 175), (422, 180), (443, 186)],
    '379': [(1251, 684), (1246, 682), (1243, 689), (1248, 691)],
    '380': [(624, 206), (610, 196), (604, 203), (617, 214)],
    '381': [(2095, 1377), (2093, 1373), (2077, 1378), (2078, 1382)],
    '382': [(1705, 1129), (1699, 1122), (1696, 1124), (1702, 1131)],
    '383': [(721, 958), (724, 959), (737, 933), (733, 932)],
    '384': [(1822, 888), (1817, 883), (1811, 889), (1815, 894)],
    '385': [(1525, 1208), (1523, 1181), (1510, 1182), (1512, 1209)],
    '386': [(2068, 1289), (2063, 1272), (2055, 1275), (2060, 1292)],
    '387': [(1766, 1020), (1763, 1018), (1757, 1027), (1760, 1029)],
    '388': [(960, 272), (952, 256), (935, 264), (943, 280)],
    '389': [(1131, 799), (1132, 806), (1179, 800), (1178, 793)],
    '390': [(1701, 641), (1697, 656), (1720, 662), (1724, 647)],
    '391': [(1062, 495), (1045, 487), (1043, 493), (1060, 501)],
    '392': [(1008, 629), (1006, 613), (1003, 614), (1005, 630)],
    '393': [(1823, 889), (1818, 894), (1819, 896), (1817, 897), (1829, 911), (1831, 908), (1836, 914), (1842, 909)],
    '394': [(1702, 980), (1681, 959), (1676, 965), (1697, 986)],
    '395': [(1529, 1180), (1529, 1168), (1509, 1169), (1510, 1181)],
    '396': [(1496, 478), (1486, 472), (1481, 480), (1490, 487)],
    '397': [(456, 103), (455, 107), (468, 111), (469, 108)],
    '398': [(1851, 986), (1838, 973), (1822, 989), (1835, 1002)],
    '399': [(770, 1073), (767, 1071), (755, 1095), (758, 1097)],
    '400': [(608, 289), (612, 280), (600, 274), (596, 283)],
    '401': [(1713, 1129), (1711, 1126), (1706, 1130), (1709, 1133)],
    '402': [(1818, 1223), (1813, 1234), (1828, 1241), (1833, 1229)],
    '403': [(1695, 633), (1687, 631), (1684, 646), (1692, 648)],
    '404': [(1455, 798), (1440, 789), (1432, 807), (1444, 815)],
    '405': [(1903, 811), (1895, 804), (1885, 815), (1892, 822)],
    '406': [(1385, 1112), (1388, 1124), (1395, 1122), (1392, 1111)],
    '407': [(765, 1090), (768, 1092), (770, 1088), (772, 1089), (778, 1078), (772, 1075)],
    '408': [(1827, 1050), (1822, 1050), (1822, 1052), (1821, 1052), (1821, 1058), (1827, 1058), (1827, 1052), (1827, 1052)],
    '409': [(2095, 1497), (2095, 1495), (2097, 1494), (2093, 1482), (2086, 1484), (2091, 1499)],
    '410': [(1810, 953), (1775, 917), (1769, 923), (1803, 959)],
    '411': [(1708, 868), (1718, 859), (1696, 835), (1686, 845)],
    '412': [(1769, 784), (1753, 784), (1752, 798), (1769, 799)],
    '413': [(972, 310), (957, 316), (972, 351), (987, 345)],
    '414': [(1557, 996), (1557, 1003), (1561, 1002), (1561, 996)],
    '415': [(1000, 682), (1001, 683), (1002, 684), (1003, 685), (1004, 684), (1005, 684), (1006, 683), (1007, 681), (1007, 677), (1006, 676), (1005, 675), (1004, 674), (1003, 674), (1002, 674), (1001, 675), (1000, 677)],
    '416': [(721, 926), (718, 924), (706, 951), (709, 952)],
    '417': [(1096, 1054), (1089, 1047), (1085, 1052), (1094, 1059)],
    '418': [(765, 413), (752, 406), (750, 410), (764, 416)],
    '419': [(484, 867), (476, 863), (471, 873), (476, 875), (477, 873), (480, 875)],
    '420': [(1660, 943), (1656, 938), (1651, 942), (1656, 947)],
    '421': [(1628, 825), (1616, 824), (1616, 831), (1628, 831)],
    '422': [(1070, 1108), (1061, 1104), (1056, 1113), (1066, 1117)],
    '423': [(1674, 1108), (1670, 1112), (1677, 1120), (1681, 1116)],
    '424': [(1064, 488), (1017, 466), (1015, 469), (1062, 492)],
    '425': [(1766, 914), (1762, 911), (1766, 906), (1753, 894), (1744, 904), (1761, 919)],
    '426': [(1296, 1309), (1282, 1309), (1282, 1320), (1296, 1320)],
    '427': [(762, 267), (761, 269), (758, 268), (753, 277), (767, 286), (774, 274)],
    '428': [(1546, 960), (1546, 963), (1554, 962), (1554, 959)],
    '429': [(1728, 867), (1718, 877), (1737, 896), (1747, 886)],
    '430': [(1935, 802), (1931, 798), (1927, 803), (1931, 806)],
    '431': [(998, 753), (1002, 753), (1002, 737), (998, 737)],
    '432': [(1424, 1441), (1424, 1436), (1415, 1436), (1415, 1442)],
    '433': [(1573, 712), (1569, 715), (1580, 726), (1587, 719), (1580, 712), (1576, 715)],
    '434': [(1726, 955), (1718, 947), (1698, 968), (1706, 975)],
    '435': [(1583, 866), (1576, 873), (1592, 891), (1600, 884)],
    '436': [(1127, 525), (1111, 517), (1108, 523), (1124, 531)],
    '437': [(661, 1153), (673, 1159), (691, 1151), (705, 1122), (680, 1109), (678, 1112), (612, 1079), (592, 1119)],
    '438': [(538, 857), (534, 868), (533, 870), (540, 873), (547, 861)],
    '439': [(568, 895), (556, 889), (554, 894), (548, 905), (561, 911)],
    '440': [(554, 846), (524, 830), (521, 835), (552, 851)],
    '441': [(645, 844), (635, 839), (631, 846), (628, 844), (626, 849), (628, 850), (625, 858), (636, 863)],
    '442': [(559, 837), (563, 839), (566, 833), (562, 831)],
    '443': [(495, 986), (482, 979), (480, 984), (493, 990)],
    '444': [(447, 882), (455, 886), (457, 883), (464, 887), (468, 878), (473, 880), (475, 875), (471, 873), (476, 863), (460, 855)],
    '445': [(1332, 1084), (1295, 1069), (1284, 1093), (1321, 1108), (1322, 1106), (1328, 1109), (1333, 1099), (1327, 1096)],
    '446': [(1288, 1143), (1283, 1155), (1290, 1158), (1295, 1147)],
    '447': [(1315, 1107), (1307, 1124), (1310, 1125), (1318, 1109)],
    '448': [(1295, 1102), (1290, 1113), (1306, 1121), (1311, 1109)],
    '449': [(1292, 1098), (1272, 1088), (1268, 1097), (1288, 1107)],
    '450': [(1320, 1225), (1323, 1218), (1309, 1213), (1318, 1194), (1313, 1192), (1302, 1217)],
    '451': [(621, 310), (606, 302), (603, 308), (618, 316)],
    '452': [(669, 328), (679, 307), (625, 281), (615, 303)],
    '453': [(901, 706), (855, 684), (850, 695), (896, 716)],
    '454': [(872, 646), (866, 659), (912, 682), (919, 669), (916, 667)],
    '455': [(803, 658), (798, 656), (792, 667), (798, 670)],
    '456': [(901, 706), (925, 717), (951, 664), (927, 652), (919, 669), (912, 682)],
    '457': [(806, 653), (803, 658), (798, 670), (844, 692), (850, 680), (812, 662), (814, 657)],
    '458': [(828, 607), (811, 600), (787, 650), (798, 656), (803, 658), (806, 653), (815, 635), (821, 622)],
    '459': [(696, 596), (706, 601), (719, 573), (709, 568)],
    '460': [(1028, 702), (1034, 690), (1032, 689), (1037, 678), (1019, 669), (1015, 677), (1010, 675), (1003, 690)],
    '461': [(1341, 678), (1338, 676), (1335, 682), (1327, 694), (1342, 701), (1345, 695), (1334, 689), (1338, 683)],
    '462': [(1182, 835), (1183, 842), (1200, 839), (1199, 833), (1190, 834)],
    '463': [(1483, 732), (1477, 728), (1468, 740), (1475, 744)],
    '464': [(1217, 663), (1213, 661), (1202, 684), (1205, 685)],
    '465': [(1032, 516), (1021, 510), (1014, 511), (1018, 533), (1022, 535)],
    '466': [(1007, 324), (996, 351), (1033, 366), (1044, 341), (1035, 337), (1038, 331), (1033, 329), (1030, 334)],
    '467': [(1395, 429), (1386, 426), (1387, 424), (1381, 421), (1374, 438), (1376, 439), (1374, 443), (1387, 448)],
    '468': [(1436, 601), (1431, 597), (1426, 605), (1432, 609)],
    '469': [(1489, 504), (1491, 500), (1461, 481), (1456, 490), (1486, 509)],
    '470': [(1499, 510), (1489, 504), (1486, 509), (1496, 515)],
    '471': [(1346, 525), (1316, 506), (1304, 525), (1335, 544)],
    '472': [(1352, 526), (1348, 524), (1332, 548), (1336, 551)],
    '473': [(1798, 704), (1796, 704), (1798, 698), (1653, 662), (1650, 676), (1648, 681), (1646, 691), (1790, 727), (1793, 717), (1801, 719), (1802, 714), (1794, 712), (1796, 706), (1798, 706)],
    '474': [(1630, 718), (1629, 720), (1626, 716), (1623, 718), (1613, 727), (1607, 734), (1610, 737), (1608, 739), (1631, 764), (1643, 753), (1646, 750), (1653, 743)],
    '475': [(1603, 705), (1597, 710), (1613, 727), (1623, 718), (1620, 714), (1615, 718)],
    '476': [(1650, 676), (1643, 675), (1642, 679), (1648, 681)],
    '477': [(1630, 794), (1641, 807), (1643, 805), (1650, 813), (1673, 791), (1654, 771)],
    '478': [(1643, 753), (1657, 768), (1661, 765), (1661, 765), (1646, 750)],
    '479': [(1539, 767), (1556, 775), (1565, 766), (1570, 755), (1549, 745), (1525, 734), (1506, 775), (1515, 779), (1513, 783), (1517, 785), (1519, 782), (1530, 787)],
    '480': [(1623, 1097), (1621, 1068), (1618, 1068), (1620, 1097)],
    '481': [(1693, 1111), (1708, 1127), (1729, 1106), (1715, 1090)],
    '482': [(1599, 1045), (1603, 1045), (1603, 1045), (1603, 1028), (1599, 1028)],
    '483': [(1552, 1424), (1509, 1426), (1509, 1446), (1545, 1445), (1545, 1443), (1553, 1443), (1553, 1436)],
    '484': [(1985, 1145), (1997, 1162), (2016, 1149), (2003, 1132)],
    '485': [(2001, 1060), (1998, 1062), (2001, 1066), (2004, 1064), (2013, 1077), (2050, 1050), (2044, 1042), (2030, 1052), (2022, 1041), (2021, 1042), (1947, 940), (1913, 964), (1947, 1011), (1954, 1006), (1958, 1010), (1963, 1007), (1978, 1028), (1983, 1025), (1992, 1038), (1987, 1041)],
    '486': [(1967, 956), (1963, 951), (1959, 954), (1963, 960)],
    '487': [(1967, 958), (1965, 960), (1973, 973), (1977, 970), (1974, 966), (1973, 967)],
    '488': [(1956, 1331), (1955, 1325), (1974, 1320), (1986, 1316), (1982, 1301), (1931, 1315), (1937, 1336)],
    '489': [(1957, 1302), (1955, 1296), (1948, 1298), (1949, 1304)],
    '490': [(1936, 1308), (1933, 1299), (1927, 1301), (1930, 1310)],
    '491': [(1928, 1268), (1924, 1253), (1921, 1254), (1925, 1269)],
    '492': [(1990, 1294), (1930, 1311), (1931, 1315), (1982, 1301), (1986, 1316), (1988, 1316), (1989, 1321), (1997, 1318)],
    '493': [(1244, 1181), (1231, 1174), (1213, 1206), (1226, 1214)],
}
