BUILDING_POLY = {
    '00': [(1024, 1709), (1022, 1698), (994, 1704), (990, 1689), (1018, 1683), (1015, 1670), (1042, 1663), (1045, 1676), (1056, 1673), (1054, 1666), (1051, 1667), (1048, 1654), (1062, 1651), (1065, 1664), (1061, 1664), (1063, 1672), (1075, 1669), (1074, 1662), (1098, 1657), (1104, 1681), (1080, 1687), (1079, 1684), (1074, 1685), (1081, 1711), (1099, 1707), (1109, 1750), (1100, 1752), (1101, 1757), (1066, 1765), (1055, 1717), (1072, 1713), (1066, 1687), (1049, 1691), (1052, 1702), (1035, 1706), (1036, 1713), (1046, 1710), (1054, 1743), (1014, 1752), (1006, 1720), (1032, 1714), (1031, 1707)],
    '01': [(1041, 1555), (1042, 1550), (1068, 1559), (1060, 1582), (1064, 1584), (1062, 1592), (1065, 1593), (1061, 1602), (1046, 1597), (1046, 1595), (1044, 1594), (1043, 1597), (1040, 1600), (1035, 1600), (1031, 1599), (1023, 1622), (1013, 1617), (1008, 1612), (1006, 1613), (1002, 1604), (999, 1598), (992, 1599), (991, 1590), (991, 1584), (992, 1580), (989, 1579), (991, 1575), (995, 1576), (1007, 1544)],
    '02': [(1794, 1476), (1797, 1477), (1806, 1480), (1808, 1480), (1796, 1520), (1739, 1503), (1746, 1480), (1746, 1480), (1744, 1482), (1741, 1484), (1737, 1485), (1734, 1485), (1730, 1484), (1727, 1481), (1726, 1478), (1725, 1475), (1725, 1471), (1726, 1468), (1729, 1465), (1732, 1464), (1735, 1463), (1739, 1463), (1742, 1464), (1750, 1467), (1752, 1463)],
    '03': [(622, 1150), (621, 1146), (625, 1144), (627, 1148), (632, 1144), (635, 1141), (639, 1144), (635, 1149), (630, 1154), (629, 1155), (592, 1175), (592, 1175), (591, 1176), (589, 1177), (555, 1104), (529, 1095), (533, 1084), (535, 1076), (555, 1083), (561, 1085), (570, 1088), (574, 1097), (576, 1101), (603, 1160)],
    '04': [(1311, 1440), (1346, 1446), (1343, 1460), (1309, 1455)],
    '05': [(1497, 1431), (1533, 1448), (1554, 1459), (1552, 1462), (1550, 1467), (1528, 1457), (1493, 1440)],
    '06': [(1658, 1680), (1694, 1680), (1694, 1688), (1633, 1689), (1633, 1686), (1633, 1680)],
    '07': [(1658, 1659), (1708, 1659), (1708, 1668), (1659, 1668), (1639, 1668), (1639, 1664), (1639, 1659)],
    '08': [(732, 1248), (731, 1244), (728, 1239), (700, 1202), (718, 1187), (731, 1192), (746, 1194), (761, 1193), (775, 1189), (805, 1177), (808, 1176), (831, 1226), (831, 1226), (802, 1237), (793, 1241), (783, 1248), (775, 1257), (768, 1268), (764, 1285), (762, 1299), (763, 1311), (756, 1315), (761, 1325), (758, 1327), (736, 1337), (733, 1338), (710, 1286), (714, 1274), (718, 1273), (726, 1266), (731, 1257)],
    '09': [(452, 1038), (498, 1053), (508, 1056), (502, 1073), (493, 1098), (423, 1074), (413, 1070), (428, 1031), (434, 1033)],
    '10': [(979, 638), (995, 643), (999, 630), (1012, 634), (1013, 632), (1016, 633), (1015, 638), (1048, 652), (1045, 660), (1041, 659), (1041, 661), (1031, 658), (1019, 654), (1011, 650), (1009, 654), (1049, 668), (1038, 701), (1011, 691), (1015, 678), (1003, 674), (1000, 682), (987, 678), (991, 667), (972, 660)],
    '11': [(458, 835), (486, 845), (493, 847), (525, 858), (535, 862), (531, 874), (523, 896), (519, 895), (485, 883), (482, 891), (468, 887), (471, 877), (447, 869)],
    '12': [(547, 940), (558, 943), (565, 924), (574, 928), (581, 910), (586, 912), (591, 914), (595, 915), (596, 910), (603, 913), (597, 929), (588, 926), (581, 946), (575, 964), (615, 978), (611, 988), (619, 991), (613, 1007), (606, 1005), (602, 1003), (603, 1000), (594, 997), (594, 999), (593, 1002), (591, 1001), (589, 1005), (594, 1007), (573, 1066), (569, 1064), (553, 1059), (513, 1045), (520, 1024), (526, 1007), (527, 1005), (532, 988), (533, 986), (534, 984), (543, 987), (546, 979), (549, 980), (547, 986), (549, 986), (549, 985), (552, 986), (553, 983), (553, 982), (555, 983), (561, 963), (557, 962), (553, 972), (547, 970), (538, 967)],
    '13': [(709, 753), (775, 722), (773, 716), (786, 710), (783, 704), (797, 697), (804, 694), (810, 707), (815, 705), (821, 702), (826, 713), (842, 706), (851, 715), (849, 719), (852, 721), (851, 723), (850, 725), (842, 723), (834, 730), (839, 742), (854, 733), (865, 756), (872, 771), (840, 786), (832, 770), (831, 767), (808, 778), (801, 764), (799, 765), (790, 769), (787, 762), (770, 770), (766, 762), (762, 764), (767, 774), (744, 785), (736, 767), (720, 775), (714, 763)],
    '14': [(423, 771), (436, 775), (440, 777), (463, 785), (461, 788), (502, 803), (508, 805), (547, 819), (540, 840), (532, 837), (501, 826), (494, 824), (421, 796), (415, 794), (418, 787)],
    '15': [(347, 247), (362, 241), (372, 268), (383, 262), (401, 308), (421, 313), (439, 259), (463, 268), (465, 265), (513, 283), (499, 324), (518, 331), (516, 336), (535, 343), (540, 362), (557, 361), (573, 315), (581, 318), (580, 322), (575, 335), (560, 379), (540, 380), (516, 381), (456, 359), (442, 356), (430, 357), (416, 355), (409, 353), (396, 349), (379, 339), (367, 328), (353, 323), (359, 305), (344, 263), (343, 255)],
    '16': [(730, 1504), (726, 1497), (718, 1480), (725, 1478), (719, 1467), (708, 1472), (701, 1455), (708, 1451), (706, 1448), (723, 1440), (720, 1429), (738, 1421), (741, 1428), (738, 1430), (744, 1441), (740, 1444), (744, 1451), (766, 1440), (780, 1434), (787, 1448), (791, 1455), (785, 1458), (789, 1466), (784, 1468), (788, 1476)],
    '17': [(854, 1497), (868, 1491), (863, 1481), (884, 1471), (895, 1495), (889, 1499), (894, 1509), (901, 1506), (912, 1526), (917, 1528), (918, 1527), (923, 1528), (922, 1530), (926, 1532), (924, 1539), (926, 1540), (930, 1529), (950, 1535), (946, 1546), (949, 1547), (951, 1540), (955, 1541), (956, 1539), (961, 1541), (960, 1543), (964, 1545), (961, 1552), (957, 1551), (956, 1555), (976, 1562), (971, 1579), (976, 1581), (973, 1591), (897, 1563), (894, 1572), (888, 1570), (880, 1567), (872, 1551), (877, 1548), (866, 1525), (867, 1525)],
    '18': [(561, 1270), (584, 1269), (636, 1323), (574, 1397), (574, 1426), (574, 1431), (524, 1432), (495, 1407), (551, 1344), (516, 1314)],
    '19': [(777, 1331), (808, 1396), (832, 1405), (846, 1410), (868, 1418), (876, 1421), (883, 1423), (904, 1431), (896, 1454), (840, 1433), (822, 1427), (789, 1415), (789, 1414), (788, 1411), (782, 1399), (779, 1394), (764, 1361), (755, 1341), (763, 1338), (766, 1336)],
    '20': [(691, 1273), (685, 1266), (678, 1257), (681, 1255), (692, 1245), (696, 1250), (706, 1261), (714, 1272), (714, 1274), (710, 1286), (707, 1295), (697, 1325), (713, 1359), (722, 1379), (737, 1413), (739, 1419), (740, 1420), (738, 1421), (720, 1429), (718, 1426), (702, 1392), (692, 1371), (683, 1351), (673, 1330), (671, 1325), (677, 1310), (688, 1283), (691, 1275)],
    '21': [(860, 1222), (871, 1217), (883, 1211), (902, 1201), (915, 1239), (918, 1238), (926, 1235), (918, 1211), (936, 1207), (937, 1217), (946, 1225), (944, 1233), (950, 1238), (949, 1248), (940, 1250), (941, 1254), (942, 1259), (950, 1257), (957, 1264), (956, 1272), (962, 1277), (961, 1285), (964, 1295), (943, 1304), (945, 1311), (934, 1312), (932, 1312), (928, 1313), (923, 1313), (924, 1305), (912, 1301), (901, 1305), (896, 1295), (894, 1291), (891, 1292), (881, 1286), (882, 1276), (879, 1269), (869, 1262), (873, 1249), (863, 1229)],
    '22': [(201, 665), (219, 657), (232, 651), (243, 675), (250, 672), (291, 760), (296, 771), (291, 773), (306, 805), (274, 820), (270, 811), (267, 813), (263, 815), (252, 793), (260, 789)],
    '23': [(630, 1154), (635, 1149), (639, 1144), (641, 1143), (645, 1138), (656, 1150), (666, 1163), (693, 1198), (699, 1205), (703, 1211), (712, 1222), (720, 1232), (729, 1243), (714, 1255), (706, 1261), (696, 1250), (692, 1245), (681, 1255), (678, 1257), (675, 1261), (664, 1248), (654, 1236), (648, 1227), (634, 1210), (626, 1201), (623, 1198), (643, 1182), (645, 1179), (648, 1177), (644, 1174), (643, 1172), (634, 1162), (629, 1155)],
    '24': [(834, 1088), (852, 1094), (863, 1110), (863, 1112), (879, 1111), (879, 1125), (863, 1124), (863, 1129), (859, 1137), (852, 1143), (842, 1148), (832, 1150), (824, 1149), (816, 1145), (811, 1140), (806, 1134), (803, 1125), (803, 1117), (804, 1110), (807, 1103), (809, 1101), (816, 1093)],
    '25': [(909, 623), (947, 637), (937, 665), (936, 668), (914, 659), (915, 656), (918, 649), (902, 643)],
    '26': [(606, 297), (690, 328), (669, 387), (667, 386), (584, 360), (592, 339), (595, 329)],
    '27': [(745, 311), (821, 337), (804, 386), (770, 374), (776, 356), (762, 351), (766, 338), (739, 328)],
    '28': [(1035, 491), (1032, 499), (1022, 522), (1022, 523), (1021, 525), (961, 503), (968, 479), (972, 467)],
    '29': [(1094, 1372), (1125, 1327), (1139, 1337), (1107, 1382)],
    '30': [(1016, 1282), (1024, 1281), (1024, 1278), (1082, 1271), (1133, 1264), (1135, 1283), (1147, 1282), (1148, 1281), (1148, 1279), (1151, 1277), (1150, 1273), (1173, 1265), (1193, 1324), (1198, 1341), (1180, 1354), (1154, 1363), (1147, 1336), (1142, 1320), (1164, 1316), (1155, 1288), (1143, 1289), (1144, 1296), (1137, 1297), (1138, 1305), (1028, 1318), (1028, 1315), (1021, 1316)],
    '31': [(1836, 1391), (1836, 1395), (1831, 1396), (1831, 1412), (1876, 1412), (1876, 1390)],
    '32': [(1899, 1426), (1900, 1358), (1913, 1358), (1921, 1352), (1947, 1352), (1984, 1352), (1995, 1362), (1973, 1383), (1959, 1383), (1947, 1383), (1932, 1397), (1932, 1423), (1902, 1423)],
    '33': [(1797, 1386), (1797, 1418), (1819, 1418), (1819, 1386)],
    '34': [(1734, 1358), (1735, 1387), (1797, 1386), (1819, 1386), (1876, 1385), (1875, 1357), (1819, 1357), (1800, 1357)],
    '35': [(1748, 1296), (1748, 1323), (1800, 1323), (1820, 1324), (1948, 1324), (2002, 1325), (2002, 1297), (1953, 1297), (1933, 1297), (1933, 1271), (1883, 1271), (1882, 1297), (1864, 1297), (1822, 1296), (1796, 1296)],
    '36': [(1899, 1443), (1898, 1463), (1907, 1473), (1959, 1473), (1962, 1470), (1969, 1463), (1967, 1460), (1961, 1454), (1910, 1454)],
    '37': [(1735, 1418), (1735, 1442), (1735, 1446), (1795, 1446), (1797, 1446), (1806, 1446), (1818, 1446), (1863, 1446), (1873, 1446), (1873, 1418), (1819, 1418), (1797, 1418)],
    '38': [(1902, 1423), (1899, 1426), (1890, 1434), (1899, 1443), (1910, 1454), (1961, 1454), (1967, 1460), (1969, 1463), (1962, 1470), (1965, 1470), (2007, 1470), (2014, 1470), (2039, 1444), (2035, 1439), (2030, 1434), (2015, 1433), (2009, 1433), (1999, 1433), (1973, 1432), (1965, 1423), (1960, 1423), (1932, 1423)],
    '39': [(1800, 1323), (1800, 1357), (1819, 1357), (1820, 1324)],
    '40': [(1959, 1383), (1960, 1423), (1965, 1423), (1973, 1432), (1999, 1433), (1990, 1419), (1990, 1374), (1995, 1362), (1973, 1383)],
    '41': [(1726, 1234), (1725, 1323), (1748, 1323), (1748, 1296), (1749, 1265), (1796, 1266), (1796, 1296), (1822, 1296), (1822, 1264), (1864, 1264), (1864, 1297), (1882, 1297), (1883, 1271), (1883, 1264), (1933, 1264), (1933, 1271), (1933, 1297), (1953, 1297), (1953, 1264), (2002, 1265), (2002, 1297), (2002, 1325), (2021, 1325), (2021, 1297), (2022, 1235), (2011, 1235), (2011, 1219), (2002, 1219), (1988, 1219), (1987, 1224), (1966, 1223), (1966, 1206), (1969, 1206), (1974, 1206), (1974, 1179), (1969, 1179), (1966, 1179), (1966, 1175), (1962, 1175), (1865, 1175), (1844, 1175), (1839, 1175), (1832, 1174), (1792, 1174), (1791, 1223), (1791, 1235)],
    '42': [(422, 217), (432, 248), (474, 232), (474, 249), (481, 249), (487, 248), (492, 246), (486, 230), (500, 228), (517, 284), (519, 292), (525, 311), (531, 311), (566, 310), (582, 260), (592, 230), (597, 217), (569, 206), (539, 200), (510, 199), (490, 199), (470, 202), (446, 210)],
    '43': [(1161, 1625), (1172, 1622), (1171, 1618), (1181, 1614), (1183, 1619), (1189, 1618), (1195, 1620), (1200, 1625), (1203, 1631), (1202, 1639), (1197, 1645), (1189, 1648), (1187, 1648), (1183, 1647), (1177, 1643), (1175, 1639), (1167, 1642), (1163, 1631)],
    '44': [(612, 239), (624, 243), (619, 256), (607, 251)],
    '45': [(628, 254), (680, 272), (672, 295), (620, 277)],
    '46': [(396, 546), (435, 526), (477, 610), (437, 630), (432, 619), (429, 614)],
    '47': [(525, 622), (563, 605), (597, 681), (598, 684), (560, 701), (550, 678)],
    '48': [(457, 633), (495, 614), (526, 679), (488, 698)],
    '49': [(479, 697), (461, 704), (465, 713), (467, 719), (470, 725), (523, 744), (530, 747), (532, 747), (539, 728), (486, 709)],
    '50': [(426, 720), (411, 715), (403, 699), (408, 686), (419, 690), (420, 688), (431, 692), (435, 702), (431, 713), (430, 712)],
    '51': [(529, 786), (537, 764), (525, 760), (528, 752), (530, 747), (523, 744), (521, 750), (518, 758), (486, 746), (488, 742), (459, 732), (448, 728), (426, 720), (411, 715), (403, 699), (393, 676), (391, 673), (388, 667), (387, 668), (377, 648), (375, 642), (373, 639), (368, 641), (361, 645), (372, 668), (363, 672), (383, 715), (387, 722), (393, 735), (415, 743), (443, 753), (448, 755), (478, 766), (483, 770), (511, 780), (517, 782)],
    '52': [(342, 559), (363, 550), (383, 591), (391, 588), (408, 624), (411, 629), (413, 633), (430, 669), (419, 674), (420, 677), (410, 682), (404, 671), (393, 676), (391, 673), (403, 667), (392, 644), (384, 648), (383, 645), (377, 648), (375, 642), (380, 639), (350, 576), (348, 571)],
    '53': [(278, 540), (299, 548), (304, 550), (309, 547), (311, 543), (319, 521), (309, 517), (298, 513), (286, 519), (284, 525)],
    '54': [(336, 523), (330, 526), (337, 540), (349, 533), (346, 528), (349, 521), (376, 531), (380, 519), (382, 524), (392, 520), (387, 509), (383, 511), (386, 500), (321, 478), (320, 482), (306, 489), (310, 498), (316, 495), (312, 506), (338, 516), (337, 519), (336, 521)],
    '55': [(319, 603), (320, 602), (334, 596), (343, 615), (332, 621), (329, 622)],
    '56': [(351, 620), (360, 640), (357, 642), (344, 648), (341, 649), (332, 629), (335, 627), (332, 621), (343, 615), (346, 622)],
    '57': [(281, 588), (282, 590), (285, 596), (320, 671), (322, 674), (328, 687), (335, 684), (338, 689), (344, 686), (342, 681), (349, 677), (340, 659), (337, 653), (314, 604), (312, 599), (310, 595), (307, 590), (302, 579), (288, 585), (282, 588)],
    '58': [(316, 586), (307, 590), (310, 595), (312, 594), (318, 592), (326, 588), (329, 586), (340, 581), (350, 576), (348, 571), (329, 580), (318, 585)],
    '59': [(360, 650), (340, 659), (337, 653), (345, 649), (344, 648), (357, 642)],
    '60': [(452, 719), (448, 728), (459, 732), (461, 726), (456, 724), (461, 722), (467, 719), (465, 713), (458, 716)],
    '61': [(507, 790), (502, 803), (508, 805), (517, 782), (511, 780)],
    '62': [(300, 663), (295, 665), (292, 659), (280, 665), (283, 671), (279, 673), (281, 678), (266, 685), (296, 749), (303, 746), (304, 749), (301, 751), (303, 754), (309, 768), (321, 762), (319, 758), (340, 748), (339, 744), (336, 739), (308, 680), (307, 677)],
    '63': [(293, 649), (289, 651), (273, 658), (272, 656), (264, 660), (260, 651), (252, 655), (236, 621), (232, 612), (239, 608), (236, 602), (239, 601), (245, 598), (244, 596), (264, 587), (269, 597), (271, 603)],
    '64': [(271, 603), (269, 597), (282, 590), (285, 596)],
    '65': [(327, 592), (326, 588), (329, 586), (334, 596), (320, 602), (320, 601), (314, 604), (312, 599), (314, 598), (312, 594), (318, 592), (320, 596)],
    '66': [(411, 629), (408, 624), (425, 616), (429, 614), (432, 619), (428, 621)],
    '67': [(230, 566), (224, 569), (210, 575), (208, 570), (214, 568), (212, 563), (206, 566), (200, 552), (225, 479), (234, 482), (235, 480), (236, 478), (218, 472), (228, 445), (255, 455), (261, 452), (267, 448), (270, 455), (273, 460), (300, 471), (290, 498), (273, 491), (271, 496), (279, 499), (274, 515), (272, 520), (267, 529), (280, 552), (274, 555), (276, 559), (283, 556), (286, 560), (278, 564), (272, 567), (267, 569), (253, 541), (250, 535), (247, 529), (232, 524), (223, 548), (222, 550), (225, 555)],
    '68': [(278, 523), (284, 525), (286, 519), (274, 515), (272, 520)],
    '69': [(239, 548), (253, 541), (250, 535), (223, 548), (222, 550), (225, 555)],
    '70': [(276, 577), (282, 588), (288, 585), (278, 564), (272, 567)],
    '71': [(305, 557), (306, 559), (318, 585), (329, 580), (311, 543), (309, 547), (304, 550), (299, 548), (299, 549), (301, 553), (303, 558)],
    '72': [(293, 556), (286, 560), (283, 556), (299, 549), (301, 553)],
    '73': [(231, 584), (239, 601), (245, 598), (244, 596), (230, 566), (224, 569)],
    '74': [(321, 761), (331, 781), (349, 772), (340, 752), (339, 749), (335, 750), (336, 754)],
    '75': [(370, 723), (368, 718), (375, 715), (376, 718), (383, 715), (387, 722), (339, 744), (336, 739)],
    '76': [(499, 831), (493, 847), (486, 845), (494, 824), (501, 826)],
    '77': [(444, 766), (440, 777), (436, 775), (443, 753), (448, 755)],
    '78': [(320, 671), (322, 674), (308, 680), (307, 677)],
    '79': [(300, 663), (295, 665), (292, 659), (289, 651), (293, 649)],
    '80': [(303, 858), (323, 864), (334, 868), (325, 895), (333, 898), (319, 938), (312, 935), (308, 944), (286, 937), (289, 927), (280, 924), (284, 912), (286, 906), (297, 876), (300, 867)],
    '81': [(247, 848), (259, 852), (262, 853), (265, 854), (278, 859), (277, 862), (275, 868), (264, 898), (262, 903), (248, 944), (216, 933), (226, 906)],
    '82': [(215, 902), (226, 906), (216, 933), (203, 928), (200, 927), (201, 924), (194, 920), (191, 916), (189, 911), (190, 905), (190, 901), (183, 898), (191, 875), (213, 813), (166, 713), (196, 699), (248, 811), (242, 828), (236, 844)],
    '83': [(286, 906), (284, 912), (272, 908), (271, 910), (268, 909), (265, 915), (261, 914), (264, 903), (262, 903), (264, 898)],
    '84': [(289, 867), (290, 864), (300, 867), (297, 876), (275, 868), (277, 862)],
    '85': [(339, 899), (359, 906), (357, 911), (373, 916), (372, 920), (350, 982), (311, 968), (317, 953), (322, 955), (323, 951), (326, 952), (332, 939), (340, 914), (334, 912)],
    '86': [(656, 1513), (681, 1501), (689, 1505), (697, 1509), (714, 1512), (725, 1518), (727, 1519), (731, 1520), (745, 1523), (746, 1526), (758, 1554), (742, 1562), (726, 1560), (712, 1555), (708, 1554), (706, 1554), (696, 1554), (694, 1554), (687, 1551), (679, 1546), (663, 1531)],
    '87': [(452, 1225), (463, 1221), (474, 1214), (477, 1213), (479, 1212), (482, 1211), (486, 1210), (495, 1212), (506, 1218), (509, 1221), (511, 1223), (519, 1218), (526, 1229), (514, 1237), (513, 1242), (512, 1250), (506, 1256), (516, 1266), (508, 1275), (503, 1277), (498, 1278), (487, 1280), (482, 1281), (471, 1278), (462, 1272), (450, 1263), (461, 1251), (458, 1242), (455, 1235)],
    '88': [(635, 919), (632, 927), (641, 930), (623, 981), (615, 978), (575, 964), (581, 946), (588, 926), (597, 929), (603, 913), (604, 908)],
    '89': [(654, 908), (689, 921), (684, 935), (688, 937), (668, 991), (629, 977), (648, 924)],
    '90': [(1159, 963), (1162, 954), (1181, 889), (1188, 891), (1205, 897), (1243, 911), (1218, 981), (1213, 996), (1160, 964)],
    '91': [(1143, 870), (1182, 884), (1181, 889), (1162, 954), (1159, 963), (1119, 939), (1106, 931), (1108, 928), (1110, 925), (1111, 923), (1112, 921), (1122, 905), (1136, 883), (1138, 880)],
    '92': [(1410, 963), (1476, 933), (1481, 930), (1487, 942), (1481, 945), (1476, 947), (1481, 956), (1425, 983), (1422, 977), (1418, 979), (1414, 972)],
    '93': [(601, 821), (617, 827), (611, 846), (616, 848), (610, 865), (606, 879), (604, 879), (598, 877), (596, 876), (598, 869), (599, 867), (581, 860), (589, 838), (595, 840)],
    '94': [(615, 868), (610, 865), (620, 834), (625, 836), (639, 841), (636, 850), (640, 852), (633, 873), (631, 873), (625, 891), (609, 886)],
    '95': [(1277, 923), (1283, 925), (1285, 921), (1351, 945), (1349, 951), (1346, 961), (1342, 971), (1340, 970), (1330, 967), (1332, 962), (1271, 939), (1275, 927)],
    '96': [(1316, 962), (1330, 967), (1340, 970), (1327, 1006), (1322, 1004), (1320, 1008), (1315, 1007), (1317, 1002), (1303, 997)],
    '97': [(1359, 948), (1410, 966), (1408, 973), (1411, 974), (1414, 972), (1418, 979), (1413, 981), (1421, 984), (1416, 997), (1401, 992), (1349, 973), (1353, 963), (1356, 954)],
    '98': [(1370, 1026), (1320, 1008), (1315, 1007), (1313, 1011), (1309, 1010), (1303, 1028), (1302, 1031), (1306, 1032), (1308, 1028), (1362, 1048), (1369, 1030)],
    '99': [(1433, 1057), (1379, 1038), (1380, 1034), (1369, 1030), (1362, 1048), (1359, 1054), (1425, 1078), (1430, 1064), (1432, 1059)],
    '100': [(1262, 1096), (1281, 1087), (1290, 1083), (1304, 1044), (1306, 1040), (1294, 1036), (1295, 1034), (1284, 1030), (1283, 1034), (1279, 1044), (1259, 1037), (1248, 1042), (1240, 1063), (1224, 1057), (1220, 1068), (1223, 1070), (1219, 1080)],
    '101': [(1213, 1080), (1229, 1086), (1223, 1105), (1213, 1102), (1211, 1109), (1214, 1110), (1213, 1115), (1210, 1121), (1199, 1117), (1189, 1113), (1199, 1084), (1209, 1087)],
    '102': [(1266, 1134), (1213, 1115), (1210, 1121), (1199, 1117), (1197, 1123), (1188, 1120), (1173, 1161), (1194, 1169), (1205, 1137), (1259, 1156), (1264, 1142)],
    '103': [(1321, 1107), (1273, 1130), (1270, 1124), (1265, 1127), (1268, 1133), (1266, 1134), (1264, 1142), (1269, 1151), (1280, 1146), (1283, 1151), (1333, 1127), (1340, 1124), (1337, 1118), (1345, 1114), (1345, 1112), (1343, 1106), (1326, 1113), (1324, 1109), (1323, 1106)],
    '104': [(1311, 1086), (1328, 1078), (1339, 1102), (1324, 1109), (1323, 1106), (1321, 1107)],
    '105': [(1350, 1100), (1345, 1112), (1345, 1114), (1342, 1121), (1394, 1140), (1396, 1135), (1407, 1139), (1412, 1126), (1400, 1122), (1401, 1119)],
    '106': [(1403, 1114), (1410, 1095), (1401, 1091), (1402, 1089), (1367, 1076), (1366, 1079), (1358, 1076), (1351, 1095)],
    '107': [(1424, 1111), (1428, 1112), (1481, 1131), (1484, 1138), (1486, 1141), (1481, 1154), (1484, 1155), (1478, 1171), (1465, 1167), (1466, 1163), (1424, 1148), (1408, 1142), (1406, 1142), (1407, 1139), (1412, 1126), (1418, 1128)],
    '108': [(1417, 1168), (1424, 1148), (1408, 1142), (1401, 1162)],
    '109': [(1418, 1092), (1433, 1097), (1432, 1101), (1435, 1102), (1434, 1105), (1431, 1104), (1428, 1112), (1424, 1111), (1426, 1103), (1415, 1099)],
    '110': [(1452, 1075), (1460, 1053), (1463, 1049), (1467, 1045), (1473, 1043), (1478, 1042), (1506, 1052), (1501, 1067), (1523, 1075), (1514, 1101), (1506, 1099), (1494, 1095), (1487, 1115), (1443, 1100)],
    '111': [(1434, 1013), (1444, 1017), (1463, 1024), (1451, 1057), (1444, 1054), (1449, 1040), (1427, 1033)],
    '112': [(1519, 951), (1518, 949), (1518, 948), (1513, 938), (1492, 948), (1497, 959), (1513, 992), (1516, 999), (1541, 987), (1544, 986), (1550, 983), (1552, 982), (1554, 981), (1583, 967), (1576, 952), (1571, 955), (1563, 958), (1553, 963), (1548, 953), (1547, 951), (1542, 940), (1528, 947)],
    '113': [(1551, 891), (1558, 906), (1552, 909), (1555, 915), (1532, 925), (1534, 928), (1513, 938), (1492, 948), (1490, 949), (1487, 942), (1481, 930), (1476, 920), (1478, 920), (1482, 918), (1483, 921), (1488, 919), (1543, 892), (1545, 895), (1548, 893)],
    '114': [(1652, 906), (1667, 911), (1657, 938), (1657, 941), (1646, 937), (1641, 935), (1644, 928)],
    '115': [(1633, 890), (1655, 897), (1652, 906), (1644, 928), (1622, 920)],
    '116': [(1611, 930), (1604, 915), (1593, 920), (1592, 918), (1591, 920), (1586, 918), (1575, 948), (1580, 949), (1580, 951), (1582, 951), (1587, 961), (1601, 955), (1607, 952), (1615, 955), (1616, 952), (1620, 940), (1621, 937), (1613, 934)],
    '117': [(1614, 926), (1619, 928), (1621, 923), (1622, 920), (1644, 928), (1641, 935), (1646, 937), (1657, 941), (1657, 938), (1664, 941), (1660, 952), (1644, 947), (1642, 955), (1634, 952), (1631, 960), (1622, 957), (1619, 966), (1617, 973), (1614, 972), (1610, 971), (1604, 969), (1608, 958), (1601, 955), (1607, 952), (1615, 955), (1616, 952), (1620, 940), (1621, 937), (1613, 934), (1611, 930)],
    '118': [(1688, 977), (1637, 959), (1635, 965), (1628, 963), (1625, 968), (1619, 966), (1617, 973), (1618, 973), (1623, 975), (1621, 981), (1628, 983), (1629, 979), (1667, 992), (1681, 997), (1686, 982)],
    '119': [(1694, 1003), (1703, 1006), (1702, 1010), (1705, 1012), (1707, 1014), (1707, 1018), (1741, 1030), (1743, 1025), (1751, 1028), (1754, 1023), (1758, 1025), (1761, 1017), (1756, 1015), (1758, 1009), (1752, 1007), (1754, 1001), (1702, 981), (1700, 987), (1686, 982), (1681, 997), (1683, 999), (1679, 1010), (1682, 1011), (1683, 1006), (1688, 1007), (1691, 998), (1696, 1000)],
    '120': [(1523, 1015), (1532, 1035), (1536, 1041), (1556, 1030), (1594, 1031), (1601, 1013), (1606, 1015), (1616, 1018), (1622, 1000), (1610, 996), (1606, 995), (1602, 993), (1600, 993), (1604, 982), (1596, 979), (1584, 975), (1582, 975), (1557, 987), (1555, 988), (1553, 988), (1547, 991), (1544, 992), (1528, 1000), (1531, 1007), (1532, 1011)],
    '121': [(1653, 1009), (1630, 1001), (1623, 998), (1622, 1000), (1616, 1018), (1620, 1020), (1617, 1028), (1623, 1029), (1626, 1024), (1645, 1031)],
    '122': [(1663, 1003), (1670, 1006), (1679, 1010), (1682, 1011), (1694, 1015), (1697, 1017), (1699, 1019), (1701, 1021), (1701, 1025), (1700, 1029), (1697, 1032), (1695, 1034), (1696, 1036), (1684, 1067), (1670, 1062), (1646, 1054), (1660, 1012)],
    '123': [(1600, 1061), (1653, 1080), (1652, 1084), (1657, 1086), (1653, 1097), (1652, 1099), (1660, 1102), (1661, 1098), (1664, 1099), (1667, 1092), (1669, 1085), (1671, 1081), (1664, 1078), (1670, 1062), (1646, 1054), (1608, 1040), (1606, 1045)],
    '124': [(1709, 1028), (1735, 1038), (1732, 1044), (1754, 1052), (1740, 1090), (1733, 1109), (1729, 1107), (1687, 1092), (1686, 1091)],
    '125': [(1579, 1099), (1585, 1101), (1584, 1104), (1583, 1108), (1627, 1124), (1635, 1126), (1642, 1108), (1642, 1105), (1589, 1086), (1590, 1081), (1585, 1080), (1583, 1087), (1579, 1085), (1575, 1084), (1574, 1087), (1574, 1089), (1581, 1091)],
    '126': [(1587, 969), (1608, 976), (1610, 971), (1614, 972), (1617, 973), (1618, 973), (1610, 996), (1606, 995), (1602, 993), (1606, 982), (1604, 982), (1596, 979), (1584, 975)],
    '127': [(1621, 1140), (1627, 1124), (1583, 1108), (1584, 1104), (1578, 1102), (1576, 1107), (1568, 1105), (1566, 1113), (1567, 1113), (1565, 1116), (1571, 1118), (1570, 1122)],
    '128': [(1703, 1118), (1693, 1115), (1695, 1110), (1676, 1103), (1674, 1108), (1660, 1102), (1652, 1099), (1651, 1103), (1646, 1102), (1643, 1108), (1642, 1108), (1635, 1126), (1639, 1128), (1646, 1130), (1648, 1123), (1683, 1135), (1695, 1140)],
    '129': [(1598, 1199), (1608, 1173), (1597, 1169), (1599, 1164), (1595, 1163), (1602, 1146), (1511, 1112), (1508, 1111), (1507, 1114), (1500, 1133), (1496, 1142), (1510, 1147), (1511, 1145), (1535, 1154), (1533, 1158), (1537, 1160), (1535, 1165), (1540, 1167), (1539, 1169), (1542, 1171), (1542, 1173), (1581, 1188), (1579, 1193)],
    '130': [(1632, 1129), (1638, 1131), (1639, 1128), (1646, 1130), (1648, 1131), (1646, 1135), (1661, 1141), (1657, 1150), (1653, 1148), (1637, 1190), (1620, 1184), (1612, 1180), (1615, 1171), (1613, 1170), (1623, 1141), (1625, 1138), (1628, 1139)],
    '131': [(1681, 1239), (1687, 1222), (1692, 1210), (1637, 1190), (1620, 1184), (1618, 1190), (1610, 1187), (1606, 1198), (1604, 1197), (1599, 1213), (1616, 1219), (1618, 1222), (1601, 1236), (1592, 1232), (1589, 1240), (1600, 1244), (1626, 1221), (1627, 1219)],
    '132': [(1712, 1117), (1699, 1151), (1679, 1144), (1672, 1166), (1684, 1170), (1676, 1194), (1703, 1204), (1708, 1191), (1740, 1203), (1750, 1180), (1750, 1160), (1750, 1149), (1747, 1143), (1741, 1140), (1742, 1135), (1737, 1134), (1740, 1127), (1729, 1123), (1725, 1121)],
    '133': [(1512, 1203), (1508, 1218), (1502, 1216), (1499, 1225), (1517, 1231), (1520, 1223), (1527, 1226), (1542, 1231), (1550, 1208), (1552, 1208), (1559, 1210), (1562, 1199), (1555, 1196), (1555, 1194), (1526, 1183), (1530, 1169), (1520, 1166), (1521, 1163), (1486, 1151), (1484, 1155), (1478, 1171), (1477, 1175), (1469, 1172), (1466, 1178), (1475, 1181), (1472, 1188)],
    '134': [(1515, 1270), (1579, 1294), (1576, 1301), (1592, 1307), (1595, 1299), (1607, 1303), (1601, 1321), (1615, 1326), (1611, 1341), (1615, 1343), (1616, 1340), (1617, 1337), (1627, 1340), (1640, 1335), (1659, 1283), (1628, 1272), (1562, 1249), (1567, 1234), (1576, 1236), (1577, 1240), (1581, 1239), (1585, 1235), (1588, 1231), (1588, 1223), (1587, 1221), (1559, 1210), (1552, 1208), (1544, 1232), (1542, 1231), (1527, 1226), (1524, 1232), (1527, 1233)],
    '135': [(1670, 941), (1665, 955), (1666, 958), (1669, 961), (1736, 986), (1743, 985), (1750, 983), (1755, 980), (1759, 975), (1761, 972), (1763, 966), (1763, 959), (1763, 956), (1759, 957), (1752, 945), (1745, 939), (1738, 932), (1720, 919), (1719, 920), (1692, 903), (1690, 908), (1686, 908), (1683, 916), (1711, 937), (1710, 941), (1700, 938), (1698, 943), (1697, 946), (1706, 950), (1704, 953), (1704, 954)],
    '136': [(1601, 830), (1603, 849), (1591, 850), (1591, 858), (1583, 858), (1582, 845), (1594, 840), (1590, 830)],
    '137': [(1521, 847), (1584, 818), (1590, 830), (1594, 840), (1582, 845), (1536, 866), (1531, 869), (1528, 863), (1524, 865), (1520, 855), (1524, 853)],
    '138': [(1620, 828), (1621, 837), (1617, 837), (1618, 848), (1603, 849), (1601, 830)],
    '139': [(1434, 1065), (1430, 1064), (1432, 1059), (1436, 1060), (1439, 1053), (1444, 1054), (1451, 1057), (1452, 1057), (1449, 1065), (1455, 1067), (1453, 1071), (1447, 1069), (1435, 1102), (1432, 1101), (1433, 1097), (1441, 1075), (1435, 1073), (1437, 1066), (1434, 1065)],
    '140': [(342, 1126), (354, 1131), (359, 1141), (364, 1151), (345, 1160), (330, 1155), (323, 1138)],
    '141': [(268, 1152), (324, 1171), (326, 1167), (329, 1160), (330, 1155), (345, 1160), (339, 1176), (347, 1178), (405, 1149), (412, 1163), (392, 1173), (384, 1176), (359, 1189), (354, 1192), (347, 1196), (338, 1193), (332, 1191), (306, 1181), (300, 1179), (271, 1169), (257, 1164), (260, 1156), (266, 1158)],
    '142': [(477, 1120), (485, 1122), (492, 1125), (500, 1128), (497, 1137), (488, 1134), (474, 1174), (466, 1178), (460, 1181), (434, 1193), (429, 1195), (404, 1208), (400, 1210), (390, 1214), (386, 1206), (384, 1201), (387, 1200), (383, 1192), (390, 1189), (384, 1176), (392, 1173), (398, 1185), (401, 1183), (405, 1191), (461, 1164)],
    '143': [(265, 1177), (276, 1175), (277, 1180), (288, 1178), (294, 1191), (293, 1194), (290, 1202), (289, 1206), (282, 1209), (276, 1212), (269, 1203), (264, 1207), (257, 1198)],
    '144': [(302, 1195), (320, 1201), (315, 1215), (315, 1216), (297, 1209)],
    '145': [(374, 1212), (366, 1216), (334, 1231), (332, 1225), (335, 1216), (330, 1214), (327, 1221), (326, 1221), (323, 1220), (317, 1218), (313, 1228), (321, 1231), (324, 1235), (292, 1224), (288, 1222), (290, 1215), (284, 1213), (275, 1237), (290, 1243), (326, 1256), (332, 1252), (337, 1249), (373, 1232), (379, 1230), (381, 1229)],
    '146': [(333, 1203), (340, 1206), (341, 1201), (336, 1199), (338, 1193), (332, 1191), (330, 1197), (323, 1194), (322, 1199), (329, 1202), (328, 1204), (320, 1201), (315, 1215), (324, 1218), (323, 1220), (326, 1221)],
    '147': [(296, 1191), (294, 1191), (293, 1194), (290, 1202), (289, 1206), (292, 1207), (290, 1215), (288, 1222), (292, 1224), (297, 1209), (302, 1195), (306, 1181), (300, 1179)],
    '148': [(328, 1283), (343, 1276), (349, 1273), (384, 1257), (389, 1254), (415, 1242), (417, 1241), (416, 1237), (418, 1236), (428, 1230), (430, 1234), (451, 1224), (452, 1225), (455, 1235), (458, 1241), (456, 1242), (451, 1245), (447, 1247), (444, 1249), (448, 1255), (445, 1262), (442, 1264), (441, 1265), (439, 1266), (436, 1261), (429, 1265), (425, 1258), (404, 1268), (398, 1271), (398, 1271), (394, 1273), (389, 1275), (342, 1298), (337, 1288), (332, 1291)],
    '149': [(368, 1208), (384, 1201), (386, 1206), (374, 1212), (366, 1216), (354, 1192), (359, 1189)],
    '150': [(440, 1205), (459, 1196), (461, 1198), (467, 1211), (468, 1214), (448, 1224), (446, 1219)],
    '151': [(410, 1216), (430, 1207), (431, 1210), (436, 1222), (417, 1231), (413, 1224), (410, 1217)],
    '152': [(435, 1208), (431, 1210), (436, 1222), (439, 1220), (440, 1222), (446, 1219), (440, 1205), (434, 1193), (429, 1195)],
    '153': [(469, 1185), (482, 1211), (479, 1212), (477, 1213), (474, 1208), (467, 1211), (461, 1198), (468, 1195), (464, 1187), (456, 1191), (454, 1187), (462, 1183), (460, 1181), (466, 1178), (467, 1180), (474, 1177), (476, 1182)],
    '154': [(551, 1066), (560, 1069), (555, 1083), (561, 1085), (567, 1070), (569, 1064), (553, 1059)],
    '155': [(600, 1128), (618, 1119), (627, 1137), (609, 1146)],
    '156': [(594, 1105), (609, 1097), (616, 1112), (601, 1119), (600, 1117), (595, 1107)],
    '157': [(305, 1298), (335, 1308), (324, 1340), (292, 1329), (293, 1326), (288, 1324), (291, 1315), (280, 1311), (277, 1310), (282, 1296), (273, 1293), (285, 1259), (290, 1243), (326, 1256), (319, 1277), (313, 1274), (307, 1294)],
    '158': [(343, 1260), (349, 1273), (343, 1276), (332, 1252), (337, 1249)],
    '159': [(576, 1092), (587, 1087), (590, 1094), (585, 1097), (590, 1106), (594, 1105), (595, 1107), (600, 1117), (601, 1119), (597, 1121), (598, 1124), (600, 1128), (609, 1146), (605, 1148), (580, 1099), (576, 1101), (574, 1097), (578, 1096)],
    '160': [(387, 1246), (390, 1244), (393, 1250), (388, 1252), (389, 1254), (384, 1257), (383, 1255), (376, 1258), (373, 1252), (381, 1249), (373, 1232), (379, 1230)],
    '161': [(412, 1224), (418, 1236), (416, 1237), (417, 1241), (415, 1242), (400, 1210), (404, 1208), (409, 1217), (410, 1217), (413, 1224)],
    '162': [(383, 1296), (400, 1288), (399, 1285), (394, 1287), (389, 1275), (394, 1273), (398, 1271), (398, 1271), (399, 1274), (406, 1271), (410, 1280), (405, 1282), (406, 1285), (431, 1274), (439, 1290), (424, 1298), (414, 1302), (410, 1305), (405, 1307), (399, 1310), (383, 1353), (382, 1353), (367, 1347), (358, 1344), (362, 1334), (368, 1336)],
    '163': [(440, 1305), (433, 1326), (420, 1332), (399, 1323), (405, 1307), (410, 1305), (414, 1302), (424, 1298)],
    '164': [(657, 1467), (658, 1456), (672, 1445), (641, 1378), (634, 1383), (618, 1402), (614, 1407), (601, 1426), (598, 1431), (612, 1442), (636, 1488)],
    '165': [(661, 1355), (679, 1361), (683, 1351), (673, 1330), (662, 1326), (662, 1327), (656, 1344)],
    '166': [(680, 1396), (698, 1403), (702, 1392), (692, 1371), (682, 1367), (675, 1385)],
    '167': [(782, 1434), (776, 1420), (775, 1418), (768, 1405), (752, 1413), (766, 1440), (780, 1434)],
    '168': [(771, 1398), (779, 1394), (782, 1399), (768, 1405), (752, 1413), (739, 1419), (737, 1413), (751, 1407), (752, 1408), (767, 1402), (766, 1400)],
    '169': [(728, 1363), (734, 1361), (749, 1354), (754, 1366), (758, 1376), (766, 1400), (767, 1402), (752, 1408), (751, 1407), (740, 1384), (739, 1384), (733, 1374)],
    '170': [(724, 1353), (737, 1347), (740, 1346), (743, 1345), (744, 1346), (755, 1341), (764, 1361), (754, 1366), (749, 1354), (734, 1361), (728, 1363), (733, 1374), (722, 1379), (713, 1359), (724, 1355)],
    '171': [(1000, 1339), (1090, 1333), (1091, 1353), (1002, 1359), (1001, 1348)],
    '172': [(961, 503), (949, 510), (899, 537), (893, 539), (876, 509), (935, 478), (928, 466), (944, 471), (955, 474), (968, 479)],
    '173': [(1003, 475), (1005, 470), (1015, 440), (917, 405), (899, 455), (928, 466), (944, 471), (948, 469), (942, 467), (945, 458), (958, 463), (955, 474), (968, 479), (972, 467), (973, 464)],
    '174': [(220, 1412), (232, 1405), (244, 1426), (199, 1449), (184, 1457), (179, 1447), (183, 1445), (176, 1430), (175, 1427), (192, 1419), (200, 1433), (203, 1432), (202, 1428), (224, 1417)],
    '175': [(189, 1369), (196, 1365), (220, 1405), (192, 1419), (175, 1427), (172, 1428), (167, 1417), (174, 1414), (168, 1400), (181, 1393), (186, 1403), (196, 1398), (187, 1378), (192, 1376), (189, 1370)],
    '176': [(173, 1492), (176, 1498), (167, 1502), (154, 1478), (156, 1476), (152, 1467), (154, 1466), (141, 1441), (122, 1451), (113, 1435), (110, 1436), (107, 1428), (115, 1424), (119, 1421), (124, 1430), (140, 1421), (149, 1417), (161, 1442), (175, 1470), (193, 1461), (193, 1462), (197, 1460), (197, 1462), (200, 1466), (200, 1468), (203, 1467), (207, 1473), (209, 1472), (213, 1480), (201, 1487), (197, 1480)],
    '177': [(157, 1285), (173, 1290), (172, 1294), (176, 1295), (174, 1303), (180, 1305), (166, 1353), (174, 1349), (178, 1347), (183, 1357), (179, 1358), (163, 1367), (166, 1373), (163, 1375), (151, 1382), (139, 1353), (148, 1328), (144, 1326)],
    '178': [(88, 1408), (116, 1394), (109, 1379), (127, 1371), (141, 1399), (131, 1405), (117, 1412), (110, 1415), (115, 1424), (107, 1428), (101, 1431)],
    '179': [(322, 1477), (342, 1469), (342, 1479), (351, 1474), (353, 1474), (356, 1481), (354, 1481), (346, 1485), (350, 1492), (358, 1488), (359, 1491), (374, 1520), (329, 1542), (314, 1512), (307, 1498), (321, 1490)],
    '180': [(262, 1467), (266, 1465), (262, 1457), (225, 1475), (222, 1470), (217, 1460), (224, 1456), (225, 1458), (229, 1457), (247, 1448), (246, 1446), (266, 1436), (275, 1454), (272, 1456), (278, 1466), (300, 1454), (307, 1467), (293, 1474), (292, 1472), (286, 1475), (285, 1473), (278, 1477), (279, 1479), (273, 1482), (270, 1483)],
    '181': [(411, 1524), (424, 1517), (420, 1508), (417, 1504), (401, 1513), (393, 1497), (403, 1493), (396, 1481), (390, 1485), (391, 1487), (384, 1491), (381, 1485), (379, 1486), (372, 1489), (386, 1517), (384, 1518), (392, 1534), (400, 1531), (401, 1533), (412, 1526)],
    '182': [(259, 1521), (279, 1511), (290, 1533), (299, 1528), (300, 1532), (308, 1528), (309, 1530), (317, 1526), (311, 1514), (302, 1518), (301, 1516), (288, 1489), (282, 1492), (279, 1494), (253, 1508), (258, 1518)],
    '183': [(454, 1489), (463, 1508), (469, 1519), (477, 1515), (482, 1527), (475, 1531), (474, 1529), (467, 1532), (465, 1530), (457, 1533), (446, 1511), (426, 1521), (424, 1517), (420, 1508), (435, 1500), (434, 1498)],
    '184': [(206, 1492), (215, 1486), (217, 1490), (223, 1487), (222, 1484), (230, 1480), (237, 1492), (227, 1497), (235, 1512), (251, 1504), (253, 1508), (258, 1518), (225, 1535), (216, 1518), (219, 1516)],
    '185': [(592, 895), (586, 912), (591, 914), (599, 893), (604, 879), (598, 877)],
    '186': [(1224, 1056), (1233, 1028), (1242, 1031), (1252, 1026), (1259, 1023), (1260, 1022), (1283, 1030), (1278, 1042), (1260, 1036), (1246, 1042), (1240, 1061)],
    '187': [(883, 1423), (886, 1414), (884, 1413), (872, 1409), (868, 1418), (876, 1421)],
    '188': [(699, 844), (743, 863), (737, 877), (734, 884), (689, 865)],
    '189': [(1061, 1116), (1068, 1119), (1074, 1125), (1076, 1131), (1076, 1141), (1073, 1147), (1068, 1152), (1062, 1154), (1057, 1155), (1050, 1154), (1042, 1148), (1038, 1142), (1037, 1132), (1040, 1126), (1043, 1121), (1049, 1117), (1055, 1116)],
    '190': [(1369, 1512), (1374, 1517), (1376, 1515), (1380, 1520), (1385, 1515), (1389, 1520), (1386, 1524), (1393, 1531), (1382, 1543), (1360, 1522)],
    '191': [(1420, 1560), (1418, 1559), (1421, 1551), (1439, 1556), (1437, 1564), (1428, 1562), (1427, 1567), (1419, 1565)],
    '192': [(2082, 1295), (2094, 1289), (2053, 1219), (2060, 1215), (2074, 1236), (2071, 1238), (2101, 1289), (2102, 1290), (2084, 1299), (2083, 1297)],
    '193': [(2130, 1246), (2127, 1248), (2125, 1249), (2121, 1244), (2123, 1243), (2100, 1212), (2098, 1214), (2086, 1198), (2088, 1196), (2060, 1158), (2063, 1156)],
    '194': [(1428, 1683), (1390, 1696), (1377, 1669), (1386, 1664), (1394, 1680), (1435, 1667), (1440, 1684), (1442, 1691), (1482, 1678), (1486, 1690), (1485, 1690), (1435, 1705), (1430, 1689)],
    '195': [(1470, 1607), (1474, 1606), (1480, 1622), (1475, 1624), (1478, 1632), (1465, 1637), (1462, 1628), (1458, 1630), (1454, 1618), (1452, 1614), (1457, 1612), (1454, 1603), (1467, 1599)],
    '196': [(1432, 1635), (1434, 1630), (1438, 1632), (1449, 1638), (1447, 1642), (1456, 1646), (1450, 1658), (1441, 1654), (1439, 1659), (1424, 1652), (1426, 1647), (1417, 1643), (1423, 1631)],
    '197': [(1488, 1774), (1511, 1747), (1514, 1750), (1517, 1746), (1539, 1765), (1538, 1767), (1533, 1772), (1516, 1758), (1495, 1782), (1492, 1780), (1488, 1787), (1463, 1771), (1468, 1762)],
    '198': [(1440, 1716), (1448, 1711), (1459, 1730), (1474, 1724), (1472, 1721), (1486, 1715), (1479, 1697), (1487, 1694), (1489, 1693), (1500, 1721), (1491, 1724), (1492, 1728), (1461, 1740), (1461, 1739), (1454, 1742)],
    '199': [(1558, 1842), (1561, 1824), (1552, 1823), (1553, 1812), (1554, 1812), (1563, 1813), (1566, 1795), (1569, 1795), (1550, 1786), (1540, 1805), (1534, 1815), (1532, 1814), (1529, 1822), (1500, 1811), (1504, 1800), (1525, 1808), (1543, 1776), (1545, 1778), (1548, 1772), (1578, 1786), (1574, 1796), (1578, 1797), (1569, 1845), (1565, 1844), (1564, 1854), (1537, 1850), (1538, 1840)],
    '200': [(1622, 1760), (1622, 1756), (1622, 1753), (1622, 1749), (1624, 1748), (1625, 1745), (1637, 1745), (1649, 1745), (1649, 1748), (1657, 1748), (1657, 1753), (1664, 1751), (1667, 1757), (1662, 1759)],
    '201': [(1497, 1642), (1491, 1642), (1493, 1596), (1506, 1596), (1505, 1641), (1507, 1647), (1498, 1650)],
    '202': [(1532, 1719), (1530, 1721), (1507, 1690), (1515, 1684), (1517, 1683), (1539, 1715), (1538, 1715), (1544, 1720), (1541, 1725)],
    '203': [(1710, 1743), (1708, 1740), (1699, 1745), (1697, 1739), (1704, 1735), (1703, 1733), (1720, 1720), (1731, 1710), (1739, 1719), (1727, 1730)],
    '204': [(1667, 1757), (1664, 1751), (1662, 1746), (1695, 1734), (1697, 1739), (1699, 1745)],
    '205': [(1495, 1651), (1498, 1650), (1507, 1647), (1518, 1678), (1515, 1679), (1517, 1683), (1515, 1684), (1513, 1680), (1506, 1682)],
    '206': [(1538, 1728), (1541, 1725), (1544, 1720), (1546, 1718), (1574, 1737), (1572, 1739), (1578, 1741), (1578, 1743), (1571, 1741), (1566, 1747)],
    '207': [(1834, 1675), (1830, 1670), (1823, 1661), (1830, 1655), (1840, 1666), (1848, 1676), (1850, 1677), (1833, 1691), (1827, 1684), (1826, 1682)],
    '208': [(1803, 1690), (1798, 1684), (1792, 1676), (1799, 1670), (1808, 1680), (1817, 1690), (1819, 1692), (1802, 1706), (1796, 1698), (1795, 1697)],
    '209': [(1866, 1659), (1863, 1655), (1855, 1646), (1862, 1640), (1882, 1662), (1865, 1676), (1859, 1668), (1858, 1667)],
    '210': [(1702, 1760), (1706, 1768), (1707, 1770), (1695, 1775), (1704, 1794), (1694, 1798), (1681, 1770)],
    '211': [(1772, 1705), (1766, 1698), (1760, 1691), (1763, 1689), (1768, 1685), (1775, 1694), (1785, 1705), (1787, 1707), (1771, 1721), (1763, 1712)],
    '212': [(1724, 1846), (1695, 1856), (1691, 1846), (1711, 1839), (1696, 1803), (1721, 1790), (1724, 1796), (1726, 1799), (1708, 1808)],
    '213': [(1715, 1764), (1725, 1759), (1753, 1812), (1751, 1813), (1756, 1820), (1733, 1835), (1727, 1827), (1743, 1816), (1730, 1792), (1716, 1764)],
    '214': [(1591, 1805), (1593, 1804), (1596, 1804), (1598, 1804), (1599, 1804), (1601, 1806), (1602, 1808), (1603, 1810), (1603, 1812), (1603, 1815), (1601, 1817), (1601, 1817), (1599, 1818), (1597, 1819), (1595, 1819), (1592, 1818), (1591, 1817), (1589, 1815), (1588, 1812), (1588, 1810), (1589, 1807)],
    '215': [(1652, 1649), (1651, 1640), (1630, 1640), (1630, 1638), (1630, 1627), (1652, 1627), (1652, 1635), (1659, 1635), (1659, 1640), (1705, 1640), (1705, 1649), (1658, 1649)],
    '216': [(1611, 1523), (1604, 1503), (1616, 1500), (1623, 1520), (1617, 1522), (1626, 1547), (1608, 1553), (1616, 1577), (1634, 1571), (1641, 1592), (1602, 1605), (1599, 1606), (1584, 1559), (1592, 1556), (1585, 1534), (1584, 1532), (1592, 1529)],
    '217': [(1492, 1417), (1496, 1409), (1542, 1431), (1569, 1444), (1567, 1449), (1565, 1453), (1537, 1440)],
    '218': [(1517, 1406), (1522, 1397), (1588, 1431), (1585, 1436), (1583, 1440), (1547, 1421)],
    '219': [(1584, 1443), (1589, 1442), (1593, 1441), (1606, 1482), (1597, 1484), (1593, 1470)],
    '220': [(1567, 1456), (1572, 1455), (1577, 1453), (1584, 1473), (1598, 1517), (1589, 1520), (1588, 1520), (1574, 1477)],
    '221': [(1568, 1662), (1575, 1655), (1583, 1663), (1611, 1690), (1604, 1698), (1571, 1665)],
    '222': [(1489, 1460), (1493, 1452), (1523, 1467), (1534, 1472), (1538, 1474), (1534, 1482)],
    '223': [(580, 496), (582, 500), (584, 505), (598, 499), (604, 510), (588, 517), (570, 526), (576, 539), (585, 536), (590, 548), (601, 544), (594, 527), (609, 521), (616, 538), (627, 533), (621, 520), (624, 518), (618, 504), (612, 506), (603, 487), (596, 489), (586, 493), (584, 494)],
    '224': [(530, 538), (546, 530), (552, 545), (548, 546), (555, 562), (573, 554), (574, 555), (578, 564), (564, 570), (566, 575), (551, 582)],
    '225': [(590, 580), (597, 595), (594, 597), (600, 612), (618, 603), (623, 615), (608, 621), (610, 625), (596, 631), (576, 587), (578, 586)],
    '226': [(485, 486), (495, 508), (506, 531), (521, 524), (519, 520), (533, 514), (529, 505), (528, 503), (510, 512), (503, 497), (511, 493), (505, 478)],
    '227': [(608, 484), (634, 473), (647, 499), (658, 494), (663, 505), (665, 509), (654, 515), (655, 518), (641, 524), (627, 495), (616, 500), (612, 492)],
    '228': [(669, 516), (653, 523), (656, 530), (642, 536), (649, 551), (651, 553), (639, 559), (645, 571), (645, 572), (662, 564), (678, 599), (698, 590), (708, 585), (696, 560), (685, 566), (680, 555), (692, 549), (690, 545), (686, 537), (674, 542), (666, 526), (672, 523)],
    '229': [(1661, 1779), (1673, 1779), (1672, 1817), (1651, 1817), (1648, 1817), (1648, 1806), (1661, 1806)],
    '230': [(1625, 1745), (1616, 1739), (1616, 1739), (1618, 1735), (1621, 1730), (1623, 1728), (1625, 1726), (1628, 1724), (1634, 1722), (1638, 1722), (1643, 1723), (1647, 1726), (1649, 1727), (1651, 1729), (1654, 1732), (1655, 1736), (1655, 1740), (1652, 1742), (1649, 1745), (1637, 1745)],
    '231': [(753, 862), (777, 873), (771, 884), (755, 877), (748, 874)],
    '232': [(800, 884), (821, 897), (814, 908), (793, 895)],
    '233': [(833, 901), (854, 914), (847, 924), (827, 912)],
    '234': [(864, 934), (884, 947), (877, 958), (857, 945)],
    '235': [(403, 375), (406, 367), (408, 361), (406, 361), (409, 353), (396, 349), (393, 356), (392, 355), (389, 362), (386, 369)],
    '236': [(1172, 1712), (1174, 1720), (1185, 1725), (1197, 1730), (1205, 1728), (1199, 1711), (1196, 1711), (1193, 1710), (1190, 1708), (1188, 1705), (1186, 1706), (1186, 1707)],
    '237': [(1177, 1683), (1186, 1706), (1186, 1707), (1172, 1712), (1170, 1713), (1167, 1705), (1167, 1705), (1163, 1706), (1159, 1705), (1156, 1703), (1155, 1700), (1155, 1700), (1151, 1701), (1132, 1652), (1159, 1642), (1175, 1684)],
    '238': [(1193, 1710), (1196, 1711), (1199, 1711), (1203, 1709), (1205, 1706), (1206, 1702), (1205, 1699), (1204, 1697), (1203, 1696), (1200, 1694), (1197, 1693), (1193, 1693), (1190, 1695), (1188, 1698), (1187, 1701), (1188, 1705), (1190, 1708)],
    '239': [(1175, 1763), (1165, 1785), (1164, 1786), (1139, 1774), (1146, 1758), (1127, 1749), (1113, 1778), (1120, 1781), (1113, 1796), (1178, 1825), (1185, 1809), (1188, 1801), (1197, 1805), (1199, 1801), (1197, 1800), (1201, 1790), (1202, 1781), (1196, 1779), (1199, 1774), (1179, 1765)],
    '240': [(1206, 1702), (1208, 1708), (1199, 1711), (1205, 1728), (1207, 1734), (1209, 1733), (1212, 1735), (1218, 1737), (1224, 1737), (1230, 1735), (1234, 1732), (1237, 1728), (1239, 1722), (1241, 1721), (1232, 1697), (1222, 1701), (1218, 1692), (1204, 1697), (1205, 1699)],
    '241': [(1283, 1670), (1284, 1668), (1293, 1677), (1291, 1679), (1296, 1684), (1297, 1682), (1306, 1691), (1304, 1693), (1306, 1695), (1298, 1702), (1294, 1698), (1280, 1711), (1269, 1700), (1270, 1699), (1266, 1695), (1266, 1695), (1242, 1684), (1244, 1678), (1250, 1680), (1252, 1676), (1245, 1673), (1252, 1655), (1270, 1663), (1264, 1678), (1267, 1680), (1264, 1687), (1271, 1690), (1276, 1694), (1284, 1687), (1273, 1676), (1282, 1668)],
    '242': [(1133, 1629), (1155, 1621), (1159, 1631), (1137, 1639)],
    '243': [(1207, 1763), (1235, 1756), (1250, 1827), (1222, 1833)],
    '244': [(1491, 1552), (1491, 1539), (1488, 1539), (1488, 1534), (1481, 1534), (1481, 1539), (1473, 1539), (1473, 1548), (1477, 1548), (1477, 1552), (1481, 1552), (1481, 1550), (1486, 1550), (1486, 1552)],
    '245': [(1437, 1531), (1445, 1530), (1445, 1529), (1450, 1528), (1450, 1529), (1463, 1527), (1461, 1517), (1455, 1518), (1450, 1518), (1450, 1515), (1442, 1516), (1437, 1517), (1437, 1522), (1435, 1522)],
    '246': [(1426, 1522), (1428, 1517), (1426, 1516), (1429, 1512), (1427, 1510), (1429, 1507), (1418, 1499), (1410, 1510), (1412, 1511), (1411, 1513)],
    '247': [(1377, 1474), (1380, 1472), (1380, 1471), (1389, 1466), (1394, 1475), (1397, 1474), (1401, 1481), (1398, 1482), (1401, 1487), (1389, 1493), (1384, 1484), (1386, 1483), (1383, 1478), (1381, 1480)],
    '248': [(2111, 1311), (2105, 1314), (2097, 1317), (2088, 1321), (2082, 1325), (2040, 1352), (2016, 1368), (2015, 1433), (2030, 1434), (2042, 1428), (2123, 1427), (2134, 1427), (2132, 1418), (2129, 1402), (2127, 1394), (2126, 1389), (2125, 1381), (2124, 1375), (2122, 1368), (2121, 1361), (2120, 1355), (2120, 1355), (2120, 1354), (2118, 1349), (2118, 1346), (2118, 1344), (2117, 1343), (2117, 1342), (2117, 1341), (2116, 1337), (2116, 1336), (2116, 1336), (2115, 1331), (2115, 1330), (2113, 1323)],
    '249': [(2052, 1441), (2051, 1469), (2078, 1470), (2078, 1442), (2075, 1442)],
    '250': [(2051, 1480), (2050, 1501), (2067, 1501), (2067, 1480)],
    '251': [(1889, 1015), (1902, 1015), (1922, 1023), (1940, 1042), (1973, 1080), (1998, 1125), (2005, 1138), (1979, 1142), (1969, 1142), (1939, 1142), (1888, 1141)],
    '252': [(1034, 797), (1032, 804), (1034, 805), (1030, 816), (1028, 815), (1025, 823), (1037, 827), (1041, 815), (1047, 817), (1044, 829), (1058, 834), (1062, 824), (1065, 826), (1062, 836), (1072, 839), (1081, 842), (1084, 831), (1081, 830), (1084, 822), (1087, 823), (1090, 813), (1072, 807), (1071, 812), (1066, 810), (1070, 801), (1062, 799), (1055, 796), (1051, 807), (1044, 805), (1045, 800)],
    '253': [(1017, 838), (1012, 850), (1004, 848), (999, 862), (988, 858), (989, 854), (973, 848), (971, 854), (955, 849), (964, 822), (972, 825), (967, 840), (990, 847), (996, 831)],
    '254': [(980, 809), (996, 815), (998, 810), (1012, 816), (1023, 788), (1030, 791), (1033, 784), (1035, 778), (993, 762), (990, 771), (1012, 779), (1003, 802), (986, 795)],
    '255': [(956, 817), (953, 824), (938, 819), (937, 823), (925, 818), (939, 778), (952, 783), (957, 770), (966, 773), (963, 780), (969, 782), (964, 795), (943, 787), (935, 810)],
    '256': [(937, 777), (934, 783), (902, 772), (913, 741), (914, 739), (916, 734), (918, 728), (927, 731), (930, 723), (952, 730), (946, 746), (923, 739), (916, 761), (913, 769), (934, 776)],
    '257': [(955, 750), (948, 748), (963, 705), (968, 707), (993, 715), (990, 723), (1004, 728), (993, 759), (982, 755), (990, 733), (964, 724)],
    '258': [(2033, 1306), (2035, 1307), (2046, 1310), (2049, 1318), (2035, 1324), (2030, 1315)],
    '259': [(1297, 1272), (1292, 1271), (1287, 1268), (1284, 1263), (1283, 1258), (1284, 1252), (1287, 1248), (1291, 1244), (1297, 1243), (1302, 1244), (1307, 1247), (1310, 1252), (1311, 1257), (1310, 1262), (1307, 1267), (1303, 1270)],
    '260': [(1248, 1298), (1267, 1304), (1265, 1313), (1245, 1306)],
    '261': [(1813, 1000), (1825, 1000), (1824, 1026), (1833, 1026), (1833, 1000), (1851, 1000), (1851, 1010), (1885, 1010), (1884, 1085), (1884, 1119), (1884, 1122), (1884, 1142), (1866, 1142), (1866, 1120), (1864, 1120), (1864, 1136), (1812, 1136)],
    '262': [(1493, 1300), (1507, 1318), (1500, 1323), (1486, 1306)],
    '263': [(1431, 1252), (1454, 1256), (1453, 1267), (1439, 1265), (1429, 1263)],
    '264': [(1666, 1548), (1682, 1560), (1673, 1572), (1657, 1560), (1662, 1554)],
    '265': [(1535, 1354), (1540, 1349), (1553, 1362), (1548, 1366)],
    '266': [(1295, 1308), (1315, 1303), (1318, 1311), (1298, 1317)],
    '267': [(1508, 1342), (1518, 1335), (1531, 1353), (1521, 1361)],
    '268': [(1619, 1437), (1633, 1431), (1638, 1441), (1624, 1447)],
    '269': [(1475, 1266), (1491, 1277), (1486, 1285), (1469, 1274)],
    '270': [(1543, 1370), (1570, 1381), (1567, 1386), (1541, 1375)],
    '271': [(1626, 1455), (1640, 1450), (1644, 1461), (1630, 1466)],
    '272': [(1243, 1287), (1249, 1289), (1246, 1299), (1239, 1297)],
    '273': [(810, 1625), (839, 1639), (826, 1666), (812, 1659), (819, 1646), (803, 1638)],
    '274': [(837, 1674), (847, 1645), (885, 1658), (886, 1658), (885, 1660), (887, 1661), (885, 1666), (882, 1665), (881, 1669), (861, 1662), (854, 1680)],
    '275': [(686, 1640), (700, 1613), (713, 1620), (706, 1632), (721, 1640), (713, 1654)],
    '276': [(732, 1668), (734, 1664), (719, 1656), (725, 1644), (741, 1652), (746, 1643), (755, 1647), (741, 1673)],
    '277': [(774, 1649), (802, 1664), (796, 1676), (782, 1668), (775, 1681), (761, 1674)],
    '278': [(809, 1684), (816, 1672), (826, 1677), (812, 1703), (802, 1697), (803, 1695), (787, 1687), (794, 1675)],
    '279': [(881, 1696), (896, 1702), (885, 1729), (853, 1718), (858, 1705), (871, 1710), (876, 1697), (880, 1699)],
    '280': [(902, 1705), (937, 1718), (935, 1722), (933, 1722), (927, 1737), (913, 1731), (910, 1740), (891, 1733)],
    '281': [(228, 1126), (230, 1141), (206, 1144), (206, 1152), (223, 1152), (224, 1161), (215, 1161), (216, 1167), (199, 1168), (203, 1180), (197, 1179), (192, 1179), (188, 1181), (183, 1188), (173, 1200), (176, 1193), (143, 1195), (143, 1180), (170, 1178), (168, 1168), (148, 1170), (148, 1154), (168, 1154), (168, 1148), (157, 1150), (156, 1134)],
    '282': [(1351, 1252), (1342, 1255), (1340, 1250), (1337, 1251), (1335, 1243), (1347, 1238)],
    '283': [(1358, 1243), (1368, 1239), (1370, 1246), (1361, 1249)],
    '284': [(691, 370), (703, 337), (724, 344), (713, 378)],
    '285': [(1849, 984), (1837, 985), (1837, 970), (1848, 970)],
    '286': [(1106, 1438), (1107, 1439), (1076, 1511), (978, 1470), (1008, 1398), (1010, 1398), (1013, 1390), (1079, 1417), (1110, 1430)],
    '287': [(1816, 1482), (1864, 1489), (1874, 1491), (1868, 1526), (1810, 1516)],
    '288': [(1975, 1512), (1994, 1532), (1994, 1551), (1968, 1570), (1897, 1572), (1878, 1553), (1878, 1534), (1898, 1513), (1966, 1512)],
    '289': [(1089, 884), (1100, 856), (1101, 851), (1117, 857), (1104, 890), (1092, 923), (1006, 892), (1013, 873), (1024, 877), (1029, 864), (1031, 865), (1043, 869), (1043, 868)],
    '290': [(221, 600), (197, 600), (196, 634), (220, 635)],
    '291': [(712, 1625), (725, 1600), (762, 1610), (799, 1626), (789, 1654), (766, 1644), (763, 1650)],
    '292': [(843, 1713), (825, 1707), (835, 1679), (868, 1692), (863, 1705), (848, 1700)],
    '293': [(169, 928), (187, 935), (195, 937), (197, 933), (200, 927), (203, 928), (201, 934), (199, 939), (204, 940), (236, 951), (255, 958), (254, 962), (241, 1000), (154, 971)],
    '294': [(338, 689), (321, 696), (335, 725), (359, 719), (356, 710), (348, 684), (344, 686)],
    '295': [(926, 1742), (931, 1727), (944, 1732), (945, 1730), (947, 1731), (952, 1718), (968, 1725), (957, 1754)],
    '296': [(964, 1675), (962, 1682), (969, 1685), (972, 1678)],
    '297': [(946, 1672), (965, 1673), (961, 1682), (945, 1675)],
    '298': [(904, 389), (883, 446), (880, 454), (875, 452), (827, 435), (857, 354), (891, 367), (885, 383), (893, 385), (899, 371), (910, 375)],
    '299': [(857, 646), (875, 631), (874, 619), (920, 615), (916, 568), (914, 551), (914, 541), (899, 537), (893, 539), (879, 540), (878, 531), (863, 535), (861, 516), (849, 530), (850, 552), (844, 553), (846, 572), (854, 572), (855, 596), (849, 596), (850, 621), (856, 620)],
    '300': [(343, 778), (331, 814), (330, 817), (332, 818), (331, 821), (334, 822), (331, 832), (334, 833), (337, 835), (341, 824), (345, 824), (357, 849), (391, 833), (370, 787), (361, 788), (362, 783), (348, 775)],
    '301': [(1559, 1745), (1554, 1754), (1575, 1765), (1598, 1772), (1612, 1774), (1614, 1764), (1614, 1763), (1592, 1757), (1567, 1748)],
    '302': [(1739, 1741), (1759, 1777), (1753, 1779), (1759, 1788), (1769, 1783), (1768, 1774), (1774, 1764), (1775, 1749), (1792, 1740), (1799, 1735), (1799, 1731), (1795, 1731), (1769, 1730), (1757, 1733), (1757, 1735), (1748, 1738)],
    '303': [(839, 467), (837, 469), (837, 473), (840, 479), (843, 480), (855, 477), (854, 471)],
    '304': [(551, 1512), (547, 1529), (571, 1533), (574, 1516)],
    '305': [(516, 1314), (551, 1344), (495, 1407), (460, 1377)],
    '306': [(1596, 979), (1604, 982), (1600, 993), (1532, 1035), (1524, 1040), (1523, 1040), (1522, 1041), (1517, 1044), (1504, 1039), (1463, 1024), (1453, 1020), (1459, 1011), (1480, 1011), (1486, 1019), (1487, 1020), (1495, 1022), (1505, 1025), (1511, 1021), (1512, 1020), (1513, 1020), (1516, 1019), (1523, 1015), (1532, 1011)],
    '307': [(1168, 679), (1185, 678), (1192, 772), (1175, 774)],
    '308': [(1397, 942), (1414, 949), (1409, 964), (1383, 954), (1386, 947), (1394, 950)],
    '309': [(1683, 1585), (1695, 1585), (1695, 1599), (1697, 1599), (1697, 1604), (1695, 1604), (1695, 1607), (1684, 1607), (1684, 1604), (1682, 1604), (1682, 1599), (1684, 1599)],
    '310': [(1704, 1593), (1705, 1590), (1706, 1588), (1709, 1587), (1711, 1586), (1714, 1587), (1716, 1588), (1718, 1590), (1720, 1592), (1720, 1595), (1719, 1597), (1718, 1600), (1716, 1601), (1713, 1602), (1711, 1603), (1708, 1602), (1706, 1600), (1704, 1598), (1703, 1596)],
    '311': [(724, 355), (736, 359), (729, 381), (717, 377)],
    '312': [(691, 294), (695, 295), (701, 279), (712, 283), (700, 315), (685, 309)],
    '313': [(1349, 951), (1353, 953), (1356, 954), (1353, 963), (1350, 962), (1346, 961)],
    '314': [(2022, 1235), (2040, 1276), (2049, 1297), (2058, 1318), (2049, 1318), (2046, 1310), (2035, 1307), (2033, 1306), (2030, 1304), (2021, 1297)],
    '315': [(557, 714), (608, 689), (619, 684), (647, 740), (645, 741), (585, 771)],
    '316': [(1578, 1743), (1578, 1741), (1579, 1738), (1591, 1741), (1615, 1748), (1614, 1751), (1622, 1753), (1622, 1756), (1613, 1755), (1611, 1760), (1575, 1750)],
    '317': [(1537, 1627), (1546, 1612), (1555, 1617), (1556, 1618), (1554, 1621), (1557, 1623), (1552, 1630), (1550, 1629), (1547, 1633)],
    '318': [(855, 1219), (902, 1195), (904, 1194), (896, 1151), (857, 1171), (838, 1178), (854, 1217)],
    '319': [(802, 904), (819, 914), (814, 923), (797, 913)],
    '320': [(780, 875), (797, 883), (793, 891), (776, 883)],
    '321': [(856, 923), (868, 934), (874, 926), (863, 916)],
    '322': [(1514, 1101), (1512, 1109), (1511, 1112), (1508, 1111), (1507, 1114), (1501, 1112), (1502, 1111), (1506, 1099)],
    '323': [(1575, 1084), (1579, 1085), (1584, 1071), (1591, 1054), (1595, 1055), (1592, 1062), (1598, 1064), (1600, 1061), (1606, 1045), (1595, 1041), (1606, 1015), (1601, 1013), (1594, 1031), (1584, 1059)],
    '324': [(143, 1277), (129, 1314), (135, 1316), (149, 1280), (148, 1279)],
    '325': [(2084, 1299), (2087, 1307), (2075, 1312), (2072, 1313), (2066, 1315), (2058, 1318), (2049, 1297), (2078, 1286), (2082, 1295), (2083, 1297)],
    '326': [(1627, 1420), (1630, 1428), (1621, 1433), (1618, 1424)],
    '327': [(1391, 1563), (1385, 1571), (1380, 1569), (1373, 1561), (1377, 1555)],
    '328': [(486, 1413), (488, 1402), (476, 1399), (474, 1410)],
    '329': [(1277, 1438), (1277, 1447), (1270, 1448), (1270, 1451), (1258, 1451), (1258, 1448), (1253, 1448), (1252, 1439)],
    '330': [(1215, 1422), (1241, 1436), (1234, 1448), (1209, 1434)],
    '331': [(1179, 1400), (1200, 1412), (1195, 1422), (1187, 1422), (1176, 1417), (1179, 1413), (1173, 1410)],
    '332': [(1149, 1377), (1165, 1392), (1160, 1398), (1144, 1383)],
    '333': [(381, 1529), (384, 1536), (379, 1538), (376, 1531)],
    '334': [(2067, 1135), (2064, 1137), (2051, 1117), (2054, 1115)],
    '335': [(2069, 1138), (2065, 1141), (2069, 1146), (2072, 1144)],
    '336': [(1647, 1498), (1642, 1504), (1651, 1510), (1656, 1504)],
    '337': [(635, 1212), (633, 1213), (633, 1214), (632, 1215), (629, 1218), (651, 1241), (655, 1237)],
    '338': [(1466, 1447), (1463, 1452), (1489, 1469), (1492, 1464), (1479, 1456)],
    '339': [(691, 1428), (694, 1435), (700, 1432), (697, 1425)],
    '340': [(694, 1436), (697, 1443), (703, 1440), (700, 1433)],
    '341': [(1205, 1426), (1199, 1439), (1203, 1442), (1210, 1428)],
    '342': [(568, 1198), (569, 1199), (569, 1200), (570, 1201), (565, 1205), (563, 1203)],
    '343': [(476, 1429), (475, 1433), (488, 1438), (489, 1433)],
    '344': [(393, 1398), (393, 1401), (408, 1402), (408, 1399)],
    '345': [(242, 1235), (243, 1247), (239, 1247), (238, 1235)],
    '346': [(234, 1153), (231, 1161), (228, 1159), (231, 1152)],
    '347': [(209, 1044), (210, 1046), (201, 1048), (200, 1045)],
    '348': [(342, 1012), (342, 1016), (330, 1016), (330, 1011)],
    '349': [(703, 672), (707, 674), (692, 694), (689, 692)],
    '350': [(737, 688), (730, 699), (726, 697), (734, 686)],
    '351': [(958, 680), (971, 682), (970, 686), (958, 683)],
    '352': [(1223, 862), (1235, 867), (1234, 870), (1222, 865), (1223, 863)],
    '353': [(1310, 922), (1322, 927), (1321, 931), (1309, 926), (1310, 924)],
    '354': [(1568, 867), (1581, 866), (1581, 870), (1568, 871)],
    '355': [(1599, 886), (1620, 884), (1620, 888), (1600, 890)],
    '356': [(1903, 960), (1914, 965), (1912, 969), (1901, 963)],
    '357': [(1938, 1024), (1946, 1034), (1943, 1037), (1935, 1027)],
    '358': [(2090, 1502), (2098, 1493), (2101, 1495), (2093, 1505)],
    '359': [(1089, 1387), (1096, 1391), (1094, 1394), (1087, 1390)],
    '360': [(829, 1479), (834, 1467), (838, 1469), (833, 1480)],
    '361': [(123, 1165), (125, 1152), (129, 1153), (127, 1165)],
    '362': [(513, 414), (526, 413), (526, 417), (514, 418)],
    '363': [(613, 384), (625, 388), (624, 389), (624, 391), (612, 387)],
    '364': [(311, 1185), (309, 1191), (315, 1194), (317, 1188)],
    '365': [(127, 1328), (123, 1340), (130, 1342), (135, 1331)],
    '366': [(519, 895), (518, 899), (508, 912), (512, 915), (522, 901), (523, 896)],
    '367': [(845, 490), (862, 486), (859, 476), (855, 477), (843, 480), (823, 485), (803, 490), (805, 500), (827, 495)],
    '368': [(1125, 1245), (1126, 1256), (1088, 1261), (1087, 1250)],
    '369': [(788, 1411), (789, 1414), (776, 1420), (775, 1418)],
    '370': [(270, 811), (274, 820), (306, 805), (331, 814), (330, 817), (332, 818), (331, 821), (308, 813), (274, 828), (265, 854), (259, 852), (268, 826), (263, 815), (267, 813)],
    '371': [(1656, 1416), (1665, 1442), (1653, 1446), (1644, 1420)],
    '372': [(290, 498), (312, 506), (338, 516), (336, 521), (279, 499), (271, 496), (273, 491)],
    '373': [(580, 322), (595, 329), (592, 339), (575, 335)],
    '374': [(852, 721), (898, 741), (911, 733), (916, 734), (913, 741), (910, 739), (897, 748), (850, 725)],
    '375': [(912, 708), (912, 712), (902, 712), (902, 708)],
    '376': [(914, 551), (909, 551), (911, 568), (916, 568)],
    '377': [(1544, 986), (1547, 991), (1544, 992), (1541, 987)],
    '378': [(1729, 1107), (1725, 1121), (1729, 1123), (1733, 1109)],
    '379': [(573, 1029), (567, 1050), (521, 1034), (522, 1026), (535, 1017)],
    '380': [(1683, 916), (1711, 937), (1710, 941), (1700, 938), (1698, 943), (1697, 946), (1706, 950), (1704, 953), (1704, 954), (1670, 941)],
    '381': [(761, 1325), (766, 1336), (763, 1338), (758, 1327)],
    '382': [(736, 1337), (740, 1346), (737, 1347), (733, 1338)],
    '383': [(871, 1130), (879, 1138), (874, 1142), (866, 1135)],
    '384': [(801, 1102), (799, 1107), (791, 1104), (793, 1098)],
    '385': [(117, 1348), (121, 1350), (120, 1354), (115, 1352)],
    '386': [(1554, 981), (1557, 987), (1553, 988), (1550, 983), (1552, 982)],
    '387': [(590, 1191), (589, 1192), (587, 1195), (588, 1199), (594, 1202), (615, 1208), (616, 1207), (616, 1207), (618, 1200)],
    '388': [(570, 1201), (582, 1189), (589, 1192), (590, 1191), (581, 1188), (569, 1199)],
    '389': [(616, 1207), (621, 1208), (628, 1208), (633, 1213), (632, 1215), (627, 1209), (621, 1209), (615, 1208)],
    '390': [(859, 472), (862, 461), (804, 444), (801, 455), (801, 455), (839, 467), (854, 471)],
    '391': [(580, 496), (586, 493), (580, 480), (579, 476), (575, 469), (580, 467), (573, 454), (567, 457), (543, 468), (530, 474), (536, 488), (540, 486), (545, 497), (556, 493), (548, 477), (564, 471), (577, 497)],
    '392': [(1806, 1480), (1806, 1446), (1795, 1446), (1794, 1476)],
    '393': [(871, 1217), (875, 1224), (863, 1229), (860, 1222)],
    '394': [(1174, 1720), (1165, 1735), (1178, 1741), (1196, 1749), (1197, 1730), (1185, 1725)],
    '395': [(1701, 1235), (1710, 1236), (1722, 1236), (1719, 1344), (1690, 1343), (1691, 1271)],
    '396': [(1477, 1651), (1480, 1654), (1480, 1658), (1480, 1659), (1478, 1660), (1475, 1662), (1471, 1663), (1468, 1663), (1464, 1661), (1463, 1660), (1462, 1659), (1460, 1656)],
    '397': [(605, 1234), (629, 1258), (643, 1271), (640, 1273), (659, 1291), (655, 1295), (654, 1296), (658, 1300), (637, 1321), (619, 1303), (629, 1293), (618, 1282), (606, 1271), (596, 1280), (572, 1257), (593, 1236), (598, 1241)],
    '398': [(1209, 1467), (1207, 1477), (1232, 1481), (1232, 1482), (1238, 1483), (1239, 1478), (1243, 1477), (1247, 1477), (1249, 1479), (1250, 1481), (1250, 1488), (1249, 1490), (1246, 1497), (1250, 1499), (1248, 1502), (1260, 1507), (1271, 1486), (1262, 1484), (1262, 1476)],
    '399': [(1143, 1431), (1161, 1446), (1155, 1453), (1137, 1438)],
    '400': [(1187, 1461), (1186, 1472), (1168, 1470), (1170, 1459)],
}
