BUILDING_POLY = {
    '00': [(388, 512), (402, 481), (390, 476), (400, 456), (446, 477), (437, 497), (429, 493), (424, 505), (415, 524)],
    '01': [(1014, 895), (1034, 904), (1025, 924), (1040, 930), (1048, 912), (1089, 929), (1071, 971), (1030, 953), (1036, 940), (1023, 934), (1016, 949), (954, 923), (965, 898), (987, 907), (990, 901), (1008, 909)],
    '02': [(896, 803), (984, 842), (975, 863), (887, 823)],
    '03': [(867, 950), (873, 937), (899, 948), (907, 928), (949, 946), (934, 980)],
    '04': [(1019, 1693), (1007, 1699), (996, 1711), (990, 1725), (988, 1740), (993, 1743), (980, 1761), (987, 1766), (986, 1770), (987, 1774), (993, 1774), (999, 1772), (1038, 1793), (1048, 1778), (1055, 1779), (1067, 1772), (1076, 1761), (1082, 1747), (1081, 1733), (1070, 1720), (1054, 1708), (1034, 1698)],
    '05': [(925, 756), (1002, 787), (992, 813), (915, 783)],
    '06': [(956, 726), (944, 754), (984, 771), (996, 743)],
    '07': [(953, 688), (943, 711), (1021, 743), (1031, 721)],
    '08': [(990, 655), (976, 688), (1014, 703), (1028, 670)],
    '09': [(975, 612), (963, 638), (1057, 678), (1067, 654)],
    '10': [(963, 644), (949, 678), (965, 685), (979, 651)],
    '11': [(1068, 766), (1027, 858), (1052, 869), (1093, 777)],
    '12': [(1014, 815), (1003, 842), (1017, 847), (1028, 821)],
    '13': [(1047, 745), (1034, 775), (1047, 781), (1043, 791), (1052, 795), (1072, 751), (1063, 747), (1061, 751)],
    '14': [(1067, 701), (1055, 727), (1100, 749), (1112, 723), (1101, 717), (1094, 731), (1088, 727), (1094, 714)],
    '15': [(1114, 673), (1103, 700), (1154, 722), (1166, 695)],
    '16': [(1093, 808), (1067, 870), (1104, 885), (1130, 823)],
    '17': [(1127, 583), (1113, 614), (1153, 632), (1165, 607), (1170, 610), (1173, 604)],
    '18': [(840, 840), (881, 857), (871, 880), (831, 862)],
    '19': [(1109, 1048), (1128, 1058), (1116, 1080), (1097, 1070)],
    '20': [(1133, 1059), (1121, 1083), (1164, 1104), (1176, 1080)],
    '21': [(1139, 1017), (1134, 1033), (1143, 1037), (1139, 1050), (1179, 1063), (1184, 1049), (1313, 1094), (1318, 1078)],
    '22': [(1206, 1073), (1267, 1094), (1249, 1146), (1188, 1125)],
    '23': [(964, 415), (951, 447), (1158, 532), (1171, 501)],
    '24': [(1142, 551), (1134, 572), (1182, 592), (1190, 570)],
    '25': [(1269, 625), (1248, 678), (1278, 690), (1285, 672), (1298, 677), (1293, 689), (1322, 701), (1326, 691), (1358, 704), (1369, 676), (1325, 659), (1317, 679), (1288, 668), (1298, 642), (1354, 664), (1364, 639), (1321, 621), (1312, 643)],
    '26': [(1514, 861), (1475, 895), (1522, 949), (1561, 916)],
    '27': [(1382, 745), (1366, 761), (1387, 783), (1404, 766)],
    '28': [(1361, 1070), (1353, 1098), (1368, 1102), (1368, 1106), (1369, 1110), (1374, 1114), (1380, 1114), (1384, 1109), (1385, 1102), (1381, 1098), (1384, 1086), (1383, 1080), (1379, 1075)],
    '29': [(1416, 1147), (1404, 1171), (1434, 1186), (1446, 1161)],
    '30': [(1277, 1105), (1260, 1154), (1301, 1167), (1317, 1118)],
    '31': [(1062, 1098), (1051, 1123), (1097, 1143), (1108, 1118)],
    '32': [(741, 688), (730, 713), (760, 726), (782, 736), (811, 749), (822, 723)],
    '33': [(760, 726), (752, 743), (738, 737), (727, 760), (778, 782), (790, 756), (775, 750), (782, 736)],
    '34': [(697, 569), (684, 597), (730, 617), (742, 588)],
    '35': [(865, 971), (842, 1022), (868, 1034), (883, 1001), (902, 1010), (886, 1046), (913, 1058), (938, 1003)],
    '36': [(765, 1045), (752, 1071), (811, 1099), (836, 1046), (799, 1029), (787, 1056)],
    '37': [(957, 1126), (946, 1120), (934, 1145), (915, 1136), (900, 1168), (944, 1188), (959, 1194), (977, 1192), (992, 1162), (1000, 1166), (1007, 1149), (995, 1143), (1003, 1126), (965, 1108)],
    '38': [(876, 689), (867, 684), (816, 798), (864, 819), (879, 785), (853, 772), (864, 747), (869, 753), (889, 753), (901, 740), (902, 722), (898, 718), (910, 690), (922, 696), (928, 681), (888, 662)],
    '39': [(904, 617), (888, 653), (922, 669), (939, 633)],
    '40': [(1337, 234), (1356, 276), (1410, 253), (1391, 210)],
    '41': [(1264, 271), (1312, 249), (1332, 290), (1277, 316), (1265, 291), (1277, 285), (1275, 280), (1270, 283)],
    '42': [(1386, 297), (1394, 314), (1387, 318), (1397, 340), (1445, 317), (1427, 278)],
    '43': [(1280, 339), (1334, 313), (1345, 335), (1305, 354), (1309, 363), (1344, 346), (1355, 368), (1305, 392)],
    '44': [(757, 650), (745, 676), (828, 713), (840, 686)],
    '45': [(814, 603), (800, 636), (833, 650), (836, 644), (843, 647), (854, 620)],
    '46': [(788, 593), (775, 623), (797, 632), (810, 602)],
    '47': [(746, 606), (739, 623), (764, 633), (771, 616)],
    '48': [(783, 535), (773, 559), (815, 576), (825, 553)],
    '49': [(845, 560), (837, 577), (871, 592), (878, 575)],
    '50': [(799, 467), (793, 488), (824, 497), (827, 488), (842, 492), (846, 480)],
    '51': [(724, 541), (713, 567), (745, 580), (755, 554)],
    '52': [(679, 613), (666, 643), (674, 647), (669, 659), (673, 661), (679, 649), (689, 654), (703, 623)],
    '53': [(639, 646), (628, 670), (659, 684), (669, 688), (698, 700), (709, 677), (673, 661), (669, 659)],
    '54': [(659, 684), (643, 722), (659, 729), (669, 706), (667, 705), (671, 697), (666, 695), (669, 688)],
    '55': [(591, 582), (581, 604), (611, 617), (621, 595)],
    '56': [(575, 631), (568, 648), (571, 650), (567, 658), (582, 665), (586, 656), (590, 658), (598, 641)],
    '57': [(559, 656), (548, 681), (576, 694), (581, 683), (586, 685), (581, 696), (631, 718), (642, 693), (592, 671), (587, 681), (582, 679), (587, 669)],
    '58': [(790, 801), (774, 838), (798, 849), (814, 812)],
    '59': [(710, 776), (693, 816), (650, 798), (667, 758)],
    '60': [(578, 718), (558, 760), (604, 781), (623, 739)],
    '61': [(625, 740), (607, 780), (647, 797), (665, 757)],
    '62': [(528, 723), (517, 749), (554, 765), (566, 739)],
    '63': [(1543, 1126), (1550, 1118), (1560, 1112), (1572, 1114), (1582, 1125), (1572, 1201), (1520, 1196), (1515, 1191), (1515, 1186), (1519, 1183), (1527, 1185), (1543, 1171), (1547, 1147), (1543, 1136)],
    '64': [(1628, 1059), (1723, 1072), (1718, 1108), (1623, 1094)],
    '65': [(1132, 1144), (1089, 1228), (1115, 1241), (1110, 1252), (1186, 1290), (1182, 1299), (1228, 1322), (1238, 1302), (1265, 1316), (1274, 1297), (1247, 1284), (1249, 1280), (1278, 1294), (1300, 1250), (1239, 1219), (1244, 1209), (1219, 1197), (1224, 1189)],
    '66': [(1381, 410), (1412, 397), (1410, 392), (1423, 383), (1435, 396), (1426, 405), (1431, 413), (1387, 432)],
    '67': [(1383, 436), (1431, 417), (1439, 438), (1391, 456)],
    '68': [(1464, 369), (1479, 402), (1493, 396), (1496, 404), (1482, 410), (1497, 444), (1529, 429), (1497, 355)],
    '69': [(1531, 258), (1538, 289), (1581, 280), (1574, 249)],
    '70': [(1540, 415), (1550, 437), (1488, 463), (1500, 490), (1600, 447), (1579, 398)],
    '71': [(1401, 466), (1431, 535), (1468, 519), (1461, 502), (1467, 500), (1444, 447)],
    '72': [(1522, 128), (1537, 197), (1625, 179), (1628, 192), (1653, 187), (1657, 206), (1708, 195), (1696, 141), (1677, 146), (1663, 82), (1598, 96), (1601, 111)],
    '73': [(1371, 1467), (1362, 1523), (1443, 1534), (1451, 1478)],
    '74': [(625, 1582), (672, 1585), (671, 1614), (687, 1608), (699, 1593), (697, 1578), (728, 1568), (732, 1582), (729, 1607), (719, 1623), (699, 1640), (673, 1646), (671, 1682), (716, 1686), (713, 1725), (625, 1719), (628, 1674), (597, 1672), (598, 1644), (621, 1644)],
    '75': [(954, 1648), (956, 1647), (958, 1646), (960, 1647), (962, 1648), (963, 1650), (963, 1652), (966, 1653), (969, 1655), (972, 1657), (977, 1660), (980, 1662), (982, 1664), (984, 1666), (985, 1665), (988, 1665), (990, 1666), (992, 1668), (992, 1670), (992, 1673), (948, 1739), (942, 1735), (937, 1733), (933, 1731), (930, 1730), (927, 1728), (923, 1726), (920, 1723), (917, 1718), (910, 1713)],
    '76': [(918, 1381), (936, 1393), (895, 1455), (884, 1458), (872, 1477), (875, 1481), (875, 1491), (866, 1496), (857, 1491), (855, 1487), (852, 1485)],
    '77': [(1045, 269), (1032, 299), (1119, 337), (1132, 307)],
    '78': [(585, 282), (611, 292), (592, 339), (566, 329)],
    '79': [(621, 315), (608, 347), (644, 361), (652, 343), (632, 335), (638, 322)],
    '80': [(545, 351), (637, 386), (627, 412), (535, 377)],
    '81': [(458, 362), (507, 382), (500, 400), (451, 380)],
    '82': [(911, 1586), (873, 1643), (904, 1663), (942, 1606)],
    '83': [(795, 1652), (792, 1686), (864, 1692), (867, 1657)],
    '84': [(814, 1566), (811, 1561), (799, 1577), (793, 1594), (791, 1613), (793, 1628), (824, 1629), (829, 1567)],
    '85': [(822, 1361), (788, 1412), (776, 1405), (758, 1432), (770, 1440), (737, 1492), (763, 1508), (795, 1459), (819, 1475), (838, 1445), (814, 1430), (848, 1378)],
    '86': [(716, 1491), (700, 1516), (771, 1561), (787, 1537)],
    '87': [(708, 1313), (634, 1426), (646, 1434), (641, 1441), (632, 1435), (615, 1461), (689, 1508), (707, 1482), (649, 1444), (653, 1438), (665, 1445), (679, 1423), (748, 1468), (763, 1444), (695, 1400), (727, 1350), (733, 1354), (726, 1363), (787, 1402), (802, 1378), (776, 1361), (783, 1350), (794, 1357), (806, 1339), (798, 1333), (814, 1310), (777, 1286), (762, 1308), (782, 1321), (769, 1342), (775, 1345), (770, 1353)],
    '88': [(1101, 1495), (1077, 1530), (1089, 1537), (1081, 1548), (1082, 1549), (1085, 1546), (1089, 1546), (1091, 1549), (1089, 1554), (1090, 1554), (1093, 1551), (1097, 1552), (1099, 1555), (1098, 1560), (1099, 1560), (1101, 1557), (1105, 1557), (1108, 1561), (1106, 1565), (1107, 1565), (1109, 1562), (1113, 1562), (1116, 1568), (1114, 1570), (1115, 1572), (1117, 1567), (1121, 1568), (1125, 1573), (1130, 1565), (1161, 1586), (1163, 1596), (1174, 1594), (1183, 1600), (1207, 1565)],
    '89': [(1127, 1619), (1100, 1659), (1118, 1671), (1145, 1630)],
    '90': [(1036, 1505), (1004, 1553), (1013, 1559), (1010, 1563), (1023, 1571), (1025, 1567), (1035, 1573), (1054, 1545), (1052, 1544), (1060, 1532), (1049, 1525), (1054, 1517)],
    '91': [(897, 1186), (861, 1256), (1023, 1338), (1039, 1306), (918, 1244), (938, 1207)],
    '92': [(1455, 1391), (1446, 1460), (1534, 1472), (1536, 1458), (1555, 1460), (1553, 1477), (1666, 1492), (1678, 1404), (1565, 1389), (1560, 1423), (1543, 1421), (1545, 1403), (1540, 1402), (1543, 1382), (1464, 1372), (1462, 1392)],
    '93': [(1469, 1486), (1462, 1529), (1625, 1555), (1631, 1511)],
    '94': [(1512, 1677), (1499, 1699), (1553, 1730), (1566, 1708)],
    '95': [(610, 1799), (602, 1827), (660, 1845), (659, 1875), (690, 1877), (693, 1847), (754, 1841), (751, 1813), (693, 1819), (694, 1809), (669, 1808), (668, 1818)],
    '96': [(578, 1848), (574, 1897), (615, 1900), (618, 1865), (626, 1866), (628, 1852)],
    '97': [(635, 1883), (633, 1909), (706, 1915), (708, 1889)],
    '98': [(873, 1558), (848, 1557), (845, 1600), (870, 1602), (870, 1594), (879, 1600), (896, 1574)],
    '99': [(1495, 1304), (1488, 1352), (1528, 1358), (1536, 1311)],
    '100': [(1549, 1289), (1539, 1359), (1575, 1364), (1586, 1294)],
    '101': [(1667, 1699), (1656, 1719), (1673, 1728), (1669, 1735), (1632, 1714), (1619, 1738), (1656, 1759), (1649, 1771), (1638, 1764), (1625, 1786), (1675, 1814), (1688, 1792), (1658, 1775), (1665, 1764), (1701, 1785), (1715, 1760), (1679, 1739), (1682, 1733), (1700, 1744), (1712, 1724)],
    '102': [(1618, 1803), (1599, 1836), (1645, 1862), (1656, 1844), (1663, 1848), (1672, 1833)],
    '103': [(1693, 1792), (1679, 1817), (1697, 1827), (1690, 1840), (1709, 1850), (1751, 1775), (1733, 1765), (1712, 1803)],
    '104': [(1762, 1736), (1746, 1765), (1820, 1807), (1837, 1778)],
    '105': [(1802, 1296), (1793, 1363), (1782, 1362), (1790, 1307), (1762, 1303), (1756, 1345), (1737, 1342), (1738, 1336), (1732, 1335), (1731, 1341), (1715, 1339), (1713, 1354), (1716, 1354), (1710, 1396), (1707, 1395), (1699, 1452), (1703, 1452), (1701, 1464), (1710, 1465), (1703, 1518), (1683, 1515), (1679, 1540), (1858, 1565), (1861, 1541), (1854, 1540), (1887, 1308)],
    '106': [(1185, 705), (1172, 733), (1201, 747), (1214, 718)],
    '107': [(1168, 742), (1153, 776), (1161, 780), (1154, 797), (1147, 793), (1142, 804), (1149, 807), (1139, 831), (1183, 850), (1194, 824), (1165, 812), (1191, 752)],
    '108': [(1243, 732), (1234, 745), (1277, 773), (1289, 756), (1264, 738), (1260, 744)],
    '109': [(1292, 762), (1264, 807), (1284, 819), (1291, 808), (1320, 825), (1322, 822), (1324, 824), (1331, 813), (1328, 811), (1335, 800), (1298, 778), (1303, 768)],
    '110': [(493, 560), (461, 634), (460, 633), (451, 652), (430, 642), (452, 591), (440, 585), (426, 618), (401, 606), (415, 575), (412, 573), (428, 538), (475, 559), (478, 553)],
    '111': [(531, 448), (518, 477), (574, 501), (580, 489), (582, 490), (590, 473)],
    '112': [(402, 389), (383, 428), (408, 440), (409, 438), (418, 442), (428, 421), (418, 417), (426, 400)],
    '113': [(467, 415), (444, 466), (478, 481), (501, 430)],
    '114': [(1000, 1211), (988, 1236), (1087, 1288), (1100, 1263)],
    '115': [(1284, 487), (1273, 514), (1231, 498), (1236, 488), (1197, 472), (1207, 454)],
    '116': [(1028, 315), (1016, 344), (1046, 356), (1049, 360), (1060, 364), (1065, 365), (1100, 378), (1112, 349), (1088, 340), (1087, 342), (1081, 339), (1086, 327), (1062, 318), (1057, 329), (1051, 327), (1052, 325)],
    '117': [(786, 366), (789, 397), (816, 393), (812, 363)],
    '118': [(897, 400), (883, 435), (906, 444), (920, 410)],
    '119': [(924, 348), (921, 359), (935, 365), (928, 379), (921, 370), (915, 371), (916, 375), (908, 386), (912, 391), (919, 392), (930, 399), (947, 360)],
    '120': [(1280, 1348), (1261, 1378), (1281, 1390), (1300, 1360)],
    '121': [(1330, 1327), (1379, 1357), (1361, 1386), (1312, 1356)],
    '122': [(1296, 1386), (1330, 1408), (1335, 1401), (1351, 1412), (1336, 1433), (1286, 1401)],
    '123': [(1281, 1466), (1295, 1467), (1271, 1449), (1276, 1444), (1247, 1421), (1241, 1427), (1239, 1462), (1239, 1469), (1241, 1475), (1245, 1481), (1251, 1485), (1258, 1487), (1265, 1486), (1271, 1483), (1276, 1479), (1280, 1473)],
    '124': [(959, 1801), (947, 1820), (975, 1838), (985, 1819)],
    '125': [(1013, 522), (1027, 490), (1120, 530), (1106, 561)],
    '126': [(998, 372), (985, 397), (999, 404), (1011, 379)],
    '127': [(1197, 477), (1172, 536), (1218, 556), (1225, 542), (1216, 537), (1218, 530), (1238, 539), (1251, 512), (1230, 504), (1227, 512), (1222, 510), (1229, 491)],
    '128': [(1630, 226), (1643, 289), (1731, 265), (1734, 283), (1761, 279), (1747, 204)],
    '129': [(507, 362), (520, 367), (529, 345), (516, 340)],
    '130': [(541, 503), (537, 511), (532, 509), (504, 573), (536, 587), (568, 515)],
    '131': [(486, 616), (460, 673), (492, 687), (517, 630)],
    '132': [(1369, 1311), (1397, 1329), (1383, 1351), (1355, 1333)],
    '133': [(1384, 794), (1409, 769), (1417, 777), (1411, 783), (1418, 790), (1415, 793), (1420, 798), (1423, 795), (1427, 799), (1421, 805), (1431, 815), (1418, 828)],
    '134': [(1126, 714), (1115, 740), (1136, 750), (1147, 723)],
    '135': [(1571, 988), (1586, 1048), (1617, 1041), (1602, 980)],
    '136': [(1114, 1924), (1134, 1936), (1112, 1968), (1093, 1955)],
    '137': [(1031, 1881), (1027, 1887), (1074, 1917), (1078, 1911)],
    '138': [(903, 1874), (856, 1870), (855, 1888), (902, 1892)],
    '139': [(1473, 1629), (1453, 1663), (1457, 1666), (1453, 1674), (1449, 1671), (1434, 1697), (1379, 1698), (1379, 1702), (1372, 1702), (1372, 1715), (1379, 1715), (1380, 1724), (1422, 1723), (1422, 1738), (1432, 1742), (1445, 1736), (1465, 1772), (1473, 1767), (1477, 1773), (1489, 1766), (1485, 1760), (1488, 1758), (1460, 1711), (1474, 1686), (1464, 1680), (1469, 1672), (1479, 1677), (1499, 1642)],
    '140': [(1402, 1797), (1427, 1801), (1428, 1810), (1432, 1810), (1493, 1775), (1506, 1796), (1447, 1832), (1432, 1836), (1431, 1827), (1401, 1826), (1400, 1829), (1389, 1826)],
    '141': [(712, 1943), (713, 1925), (683, 1923), (682, 1941)],
    '142': [(578, 1904), (576, 1924), (616, 1929), (619, 1909)],
    '143': [(1599, 1273), (1585, 1364), (1674, 1377), (1686, 1286)],
    '144': [(1592, 1056), (1591, 1075), (1615, 1076), (1616, 1057)],
    '145': [(1792, 1116), (1792, 1131), (1845, 1133), (1846, 1117)],
    '146': [(1860, 1120), (1858, 1135), (1920, 1143), (1922, 1128)],
    '147': [(1769, 1082), (1771, 1096), (1831, 1091), (1830, 1077)],
    '148': [(1842, 1076), (1846, 1090), (1903, 1074), (1899, 1060)],
    '149': [(613, 531), (593, 579), (623, 592), (643, 544)],
    '150': [(305, 528), (300, 539), (338, 555), (341, 545), (331, 540), (332, 536), (338, 536), (338, 529), (326, 528), (320, 535)],
    '151': [(460, 681), (485, 693), (467, 734), (441, 722)],
    '152': [(1727, 1153), (1714, 1252), (1722, 1253), (1720, 1263), (1789, 1272), (1800, 1186), (1775, 1182), (1778, 1160)],
    '153': [(1595, 1237), (1694, 1250), (1707, 1152), (1640, 1143), (1639, 1155), (1607, 1150)],
    '154': [(921, 1939), (908, 1962), (928, 1973), (941, 1950)],
    '155': [(744, 1297), (755, 1305), (742, 1326), (714, 1308), (728, 1286), (739, 1293), (741, 1291), (730, 1284), (744, 1264), (765, 1277), (752, 1297), (746, 1293)],
    '156': [(714, 996), (704, 1018), (713, 1022), (709, 1023), (705, 1035), (712, 1049), (722, 1054), (727, 1053), (722, 1063), (748, 1075), (762, 1043), (749, 1011)],
    '157': [(708, 950), (725, 907), (811, 945), (793, 988)],
    '158': [(684, 864), (703, 871), (700, 878), (723, 886), (717, 901), (676, 885)],
    '159': [(680, 902), (709, 914), (704, 925), (675, 913)],
    '160': [(749, 879), (755, 865), (747, 861), (751, 854), (778, 866), (777, 868), (809, 882), (802, 898), (775, 886), (766, 906), (735, 892), (742, 876)],
    '161': [(814, 887), (808, 901), (819, 906), (815, 912), (782, 897), (776, 912), (861, 949), (867, 936), (845, 927), (849, 920), (860, 925), (866, 910)],
    '162': [(1527, 495), (1539, 523), (1560, 513), (1548, 485)],
    '163': [(722, 857), (717, 870), (726, 874), (732, 861)],
    '164': [(1117, 422), (1144, 433), (1133, 460), (1106, 449)],
    '165': [(1023, 382), (1073, 402), (1060, 435), (1009, 414)],
    '166': [(1143, 360), (1123, 406), (1105, 447), (1068, 432), (1084, 394), (1094, 399), (1096, 394), (1113, 353), (1121, 357), (1123, 351)],
    '167': [(461, 421), (446, 455), (429, 447), (434, 436), (438, 437), (448, 415)],
    '168': [(1537, 1634), (1530, 1646), (1553, 1658), (1560, 1647)],
    '169': [(560, 1720), (555, 1777), (569, 1778), (573, 1794), (599, 1787), (589, 1747), (591, 1722)],
    '170': [(562, 1609), (585, 1611), (582, 1654), (558, 1652)],
    '171': [(1042, 1498), (1064, 1463), (1060, 1460), (1069, 1447), (1073, 1448), (1076, 1450), (1081, 1452), (1084, 1455), (1087, 1458), (1090, 1462), (1092, 1466), (1092, 1471), (1092, 1475), (1091, 1479), (1089, 1483), (1083, 1493), (1078, 1501), (1073, 1507), (1067, 1515)],
    '172': [(1749, 99), (1756, 135), (1719, 143), (1712, 107)],
    '173': [(1729, 191), (1730, 197), (1723, 198), (1721, 193)],
    '174': [(1748, 173), (1749, 178), (1767, 174), (1770, 188), (1735, 195), (1731, 176)],
    '175': [(1765, 166), (1766, 172), (1759, 174), (1758, 168)],
    '176': [(1632, 263), (1634, 268), (1628, 269), (1627, 264)],
    '177': [(1631, 271), (1636, 292), (1606, 298), (1601, 278)],
    '178': [(1587, 269), (1590, 282), (1586, 283), (1583, 269)],
    '179': [(1621, 260), (1623, 268), (1605, 272), (1603, 264)],
    '180': [(1614, 237), (1618, 251), (1596, 256), (1593, 242)],
    '181': [(1601, 226), (1604, 237), (1593, 240), (1591, 229)],
    '182': [(1551, 241), (1553, 249), (1537, 253), (1535, 245)],
    '183': [(1524, 258), (1527, 271), (1523, 272), (1520, 259)],
    '184': [(1535, 363), (1537, 368), (1528, 371), (1526, 367)],
    '185': [(1542, 362), (1545, 369), (1541, 371), (1539, 364)],
    '186': [(1539, 372), (1540, 373), (1543, 371), (1545, 376), (1532, 382), (1529, 376)],
    '187': [(1625, 435), (1629, 446), (1619, 450), (1615, 439)],
    '188': [(1635, 467), (1637, 471), (1633, 472), (1631, 469)],
    '189': [(1628, 450), (1629, 451), (1631, 451), (1635, 461), (1633, 462), (1635, 466), (1624, 470), (1622, 465), (1621, 465), (1617, 455)],
    '190': [(1368, 1936), (1370, 1940), (1377, 1935), (1377, 1933), (1375, 1931)],
    '191': [(1395, 1919), (1398, 1923), (1390, 1927), (1389, 1926), (1388, 1924)],
}
