BUILDING_POLY = {
    '00': [(1525, 720), (1546, 748), (1529, 758), (1544, 784), (1570, 774), (1588, 816), (1562, 824), (1567, 855), (1585, 852), (1587, 888), (1525, 888), (1524, 861), (1543, 858), (1538, 831), (1530, 833), (1522, 816), (1516, 798), (1524, 794), (1510, 771), (1494, 781), (1478, 760)],
    '01': [(1554, 1548), (1535, 1546), (1447, 1547), (1444, 1529), (1445, 1516), (1454, 1498), (1465, 1482), (1474, 1476)],
    '02': [(1664, 1451), (1656, 1451), (1656, 1463), (1585, 1465), (1502, 1382), (1510, 1374), (1503, 1366), (1519, 1328), (1535, 1328), (1535, 1312), (1660, 1311), (1660, 1328), (1669, 1328), (1669, 1354), (1660, 1354), (1660, 1350), (1549, 1350), (1540, 1372), (1599, 1430), (1664, 1428)],
    '03': [(1546, 496), (1546, 525), (1632, 525), (1632, 517), (1726, 517), (1726, 490), (1640, 490), (1640, 500), (1632, 500), (1632, 496)],
    '04': [(94, 320), (94, 292), (178, 293), (178, 283), (273, 284), (273, 314), (180, 313), (180, 321)],
    '05': [(90, 397), (90, 367), (175, 368), (175, 359), (269, 360), (269, 391), (176, 390), (176, 398)],
    '06': [(92, 480), (93, 450), (177, 451), (177, 442), (271, 443), (271, 474), (178, 473), (178, 481)],
    '07': [(90, 561), (90, 532), (175, 533), (175, 523), (269, 524), (269, 556), (176, 554), (176, 562)],
    '08': [(308, 556), (308, 528), (397, 530), (397, 537), (482, 538), (481, 569), (395, 567), (396, 558)],
    '09': [(303, 477), (303, 449), (392, 451), (392, 458), (477, 459), (477, 490), (391, 488), (391, 479)],
    '10': [(305, 398), (306, 370), (395, 372), (394, 378), (480, 380), (479, 410), (393, 409), (393, 399)],
    '11': [(305, 314), (306, 286), (394, 288), (394, 295), (479, 296), (479, 326), (393, 325), (393, 316)],
    '12': [(91, 652), (91, 622), (176, 623), (176, 614), (270, 615), (270, 646), (177, 645), (177, 653)],
    '13': [(90, 735), (91, 705), (175, 706), (175, 697), (269, 698), (269, 729), (176, 728), (176, 736)],
    '14': [(88, 817), (89, 787), (173, 788), (174, 779), (267, 780), (267, 811), (174, 810), (174, 818)],
    '15': [(299, 687), (299, 658), (384, 659), (384, 649), (478, 650), (477, 682), (384, 680), (384, 688)],
    '16': [(515, 822), (518, 679), (627, 681), (624, 824)],
    '17': [(520, 655), (521, 603), (565, 604), (565, 656)],
    '18': [(531, 561), (504, 429), (507, 360), (552, 354), (596, 547)],
    '19': [(511, 342), (513, 289), (544, 290), (542, 343)],
    '20': [(958, 389), (958, 359), (1043, 360), (1043, 351), (1137, 352), (1137, 383), (1044, 382), (1044, 390)],
    '21': [(956, 308), (956, 279), (1041, 280), (1041, 270), (1135, 272), (1135, 303), (1042, 302), (1042, 309)],
    '22': [(959, 475), (959, 445), (1044, 446), (1044, 437), (1138, 438), (1137, 469), (1044, 468), (1044, 476)],
    '23': [(959, 563), (960, 533), (1044, 534), (1044, 524), (1138, 526), (1138, 557), (1045, 556), (1045, 563)],
    '24': [(1171, 480), (1172, 378), (1199, 379), (1200, 371), (1244, 372), (1243, 379), (1271, 379), (1270, 481)],
    '25': [(1170, 557), (1170, 530), (1275, 530), (1275, 521), (1320, 521), (1319, 552), (1276, 552), (1276, 558)],
    '26': [(1358, 551), (1358, 521), (1410, 522), (1410, 531), (1504, 531), (1504, 557), (1409, 557), (1409, 552)],
    '27': [(1513, 484), (1443, 482), (1444, 455), (1435, 455), (1436, 409), (1444, 409), (1445, 384), (1516, 386)],
    '28': [(1557, 427), (1557, 456), (1642, 456), (1642, 448), (1736, 448), (1736, 421), (1651, 421), (1651, 431), (1643, 431), (1643, 428)],
    '29': [(1556, 346), (1556, 374), (1642, 375), (1642, 367), (1736, 367), (1736, 340), (1650, 339), (1650, 350), (1642, 350), (1642, 346)],
    '30': [(1144, 879), (1077, 877), (1079, 858), (1082, 839), (1095, 842), (1098, 830), (1079, 825), (1090, 791), (1108, 798), (1113, 787), (1096, 779), (1113, 748), (1129, 758), (1136, 748), (1125, 739), (1149, 711), (1196, 757), (1176, 777), (1164, 769), (1159, 778), (1171, 787), (1159, 808), (1145, 802), (1142, 812), (1153, 816), (1145, 841), (1133, 838), (1130, 848), (1146, 851)],
    '31': [(1249, 727), (1231, 696), (1249, 685), (1267, 677), (1286, 671), (1306, 667), (1324, 665), (1325, 647), (1286, 646), (1286, 613), (1402, 614), (1402, 647), (1364, 647), (1364, 665), (1381, 667), (1398, 670), (1416, 676), (1438, 686), (1458, 697), (1439, 730), (1425, 721), (1410, 713), (1411, 711), (1399, 706), (1386, 702), (1375, 700), (1375, 711), (1363, 710), (1363, 707), (1323, 706), (1323, 710), (1312, 710), (1312, 698), (1301, 700), (1288, 703), (1277, 708), (1279, 712), (1264, 719)],
    '32': [(1936, 411), (1934, 390), (2063, 374), (2065, 395)],
    '33': [(1930, 344), (1928, 323), (2057, 307), (2059, 328)],
    '34': [(1955, 494), (1952, 473), (2081, 456), (2084, 477)],
    '35': [(1559, 638), (1559, 625), (1555, 625), (1557, 612), (1560, 604), (1567, 604), (1567, 607), (1645, 607), (1645, 638)],
    '36': [(1668, 603), (1693, 603), (1695, 605), (1782, 604), (1782, 623), (1790, 623), (1790, 649), (1782, 649), (1782, 714), (1777, 714), (1777, 717), (1774, 719), (1773, 730), (1720, 727), (1720, 715), (1695, 714), (1696, 705), (1700, 696), (1703, 695), (1749, 696), (1750, 637), (1676, 635), (1676, 643), (1670, 643), (1666, 636), (1666, 627), (1667, 627)],
    '37': [(1717, 804), (1717, 789), (1700, 789), (1700, 775), (1693, 775), (1693, 759), (1716, 760), (1716, 771), (1788, 772), (1788, 785), (1790, 785), (1790, 791), (1793, 791), (1793, 860), (1800, 860), (1800, 882), (1794, 882), (1794, 898), (1679, 897), (1679, 884), (1677, 884), (1677, 874), (1683, 863), (1687, 863), (1688, 866), (1761, 866), (1762, 805)],
    '38': [(1995, 762), (1994, 754), (2000, 753), (1996, 726), (1990, 726), (1989, 718), (1997, 717), (1995, 706), (2094, 693), (2101, 748)],
    '39': [(1993, 674), (1976, 550), (2084, 536), (2101, 661)],
    '40': [(1558, 704), (1558, 689), (1635, 689), (1635, 704)],
    '41': [(1853, 713), (1849, 684), (1923, 673), (1920, 645), (1936, 643), (1944, 697), (1941, 700)],
    '42': [(1887, 622), (1884, 599), (1896, 598), (1893, 575), (1927, 571), (1933, 616)],
    '43': [(1856, 799), (1852, 770), (1872, 767), (1873, 772), (1883, 771), (1882, 767), (1921, 761), (1922, 764), (1929, 763), (1929, 760), (1952, 756), (1956, 785)],
    '44': [(1867, 881), (1863, 851), (1883, 848), (1884, 852), (1894, 851), (1893, 847), (1933, 841), (1933, 845), (1942, 844), (1942, 841), (1963, 838), (1967, 868)],
    '45': [(2005, 849), (2003, 845), (1996, 782), (2104, 769), (2110, 812), (2109, 817), (2106, 821), (2102, 822), (2099, 822), (2096, 821), (2093, 819), (2091, 817), (2088, 803), (2063, 806), (2065, 816), (2049, 818), (2048, 807), (2022, 810), (2026, 842), (2024, 848), (2022, 851), (2019, 852), (2014, 853), (2010, 853), (2007, 852)],
    '46': [(2023, 992), (2013, 905), (2016, 898), (2020, 893), (2029, 890), (2039, 893), (2044, 901), (2050, 951), (2077, 947), (2076, 943), (2079, 941), (2089, 939), (2094, 941), (2094, 944), (2129, 940), (2134, 978)],
    '47': [(1563, 1149), (1608, 1149), (1608, 1158), (1615, 1158), (1626, 1137), (1626, 1109), (1609, 1109), (1609, 1121), (1542, 1121), (1542, 1140), (1532, 1140), (1532, 1206), (1522, 1206), (1522, 1229), (1530, 1229), (1530, 1245), (1621, 1245), (1621, 1253), (1642, 1253), (1642, 1228), (1639, 1228), (1639, 1211), (1564, 1211)],
    '48': [(1815, 448), (1807, 339), (1835, 337), (1843, 446)],
    '49': [(1822, 527), (1817, 478), (1832, 476), (1832, 472), (1922, 464), (1923, 479), (1932, 478), (1935, 508), (1931, 517)],
    '50': [(1933, 287), (1931, 274), (1929, 274), (1926, 252), (1936, 251), (1937, 256), (1939, 256), (1941, 255), (1940, 251), (1961, 248), (1962, 252), (1963, 253), (1965, 252), (1965, 248), (1986, 245), (1986, 248), (1988, 249), (1989, 248), (1989, 245), (2010, 243), (2010, 246), (2012, 247), (2014, 245), (2013, 242), (2034, 239), (2034, 242), (2036, 243), (2038, 241), (2037, 238), (2049, 237), (2052, 258), (2048, 258), (2050, 272)],
    '51': [(532, 919), (512, 908), (517, 900), (527, 906), (527, 881), (628, 881), (627, 986), (616, 985), (616, 1008), (525, 1008), (525, 989), (516, 997), (509, 989), (525, 976), (529, 980), (585, 981), (585, 912), (549, 911), (549, 920)],
    '52': [(1931, 1818), (1934, 1623), (1958, 1623), (1955, 1818)],
    '53': [(1544, 1063), (1545, 1044), (1536, 1044), (1536, 978), (1525, 977), (1524, 956), (1536, 955), (1536, 934), (1627, 937), (1628, 932), (1652, 933), (1650, 954), (1653, 954), (1655, 960), (1651, 974), (1645, 975), (1645, 970), (1566, 969), (1567, 1032), (1612, 1033), (1612, 1029), (1619, 1029), (1626, 1047), (1632, 1045), (1632, 1059), (1601, 1058), (1602, 1064)],
}
