BUILDING_POLY = {
    '00': [(1162, 1440), (1169, 1432), (1175, 1435), (1180, 1429), (1184, 1422), (1187, 1417), (1191, 1408), (1192, 1398), (1193, 1389), (1192, 1381), (1185, 1381), (1184, 1374), (1191, 1373), (1190, 1369), (1201, 1366), (1204, 1373), (1204, 1378), (1205, 1381), (1205, 1389), (1203, 1399), (1206, 1399), (1206, 1405), (1205, 1411), (1203, 1417), (1200, 1423), (1198, 1428), (1195, 1427), (1192, 1433), (1189, 1439), (1185, 1445), (1181, 1448), (1178, 1451), (1174, 1454)],
    '01': [(1142, 1513), (1160, 1498), (1177, 1484), (1183, 1490), (1195, 1482), (1196, 1484), (1208, 1497), (1189, 1513), (1186, 1510), (1167, 1526), (1158, 1533), (1154, 1528)],
    '02': [(1271, 1258), (1272, 1258), (1269, 1267), (1280, 1278), (1292, 1277), (1297, 1267), (1299, 1264), (1303, 1262), (1308, 1262), (1329, 1270), (1337, 1261), (1337, 1248), (1331, 1247), (1332, 1244), (1313, 1236), (1308, 1235), (1303, 1235), (1296, 1235), (1291, 1236), (1287, 1238), (1282, 1243), (1281, 1241), (1279, 1240), (1272, 1248), (1274, 1250)],
    '03': [(1416, 939), (1419, 939), (1423, 944), (1423, 947), (1433, 948), (1433, 949), (1450, 950), (1450, 948), (1459, 949), (1459, 947), (1465, 942), (1467, 942), (1469, 896), (1466, 896), (1462, 890), (1426, 889), (1420, 894), (1418, 894)],
    '04': [(1538, 1478), (1531, 1481), (1530, 1478), (1472, 1505), (1474, 1510), (1472, 1510), (1471, 1510), (1469, 1510), (1468, 1511), (1468, 1512), (1467, 1514), (1468, 1515), (1468, 1517), (1470, 1518), (1471, 1517), (1473, 1517), (1474, 1516), (1474, 1515), (1476, 1515), (1478, 1518), (1476, 1522), (1476, 1525), (1476, 1526), (1478, 1528), (1479, 1533), (1482, 1539), (1484, 1541), (1480, 1543), (1485, 1547), (1483, 1549), (1493, 1569), (1512, 1550), (1517, 1550), (1524, 1547), (1530, 1544), (1534, 1540), (1536, 1537), (1539, 1533), (1540, 1528), (1540, 1524), (1555, 1509), (1546, 1492)],
    '05': [(1553, 1653), (1566, 1683), (1561, 1685), (1565, 1693), (1567, 1691), (1585, 1713), (1590, 1709), (1594, 1713), (1640, 1690), (1640, 1687), (1611, 1627), (1599, 1599), (1571, 1614), (1581, 1640)],
    '06': [(1309, 1121), (1321, 1120), (1323, 1135), (1325, 1135), (1327, 1151), (1317, 1152), (1317, 1148), (1315, 1148), (1314, 1139), (1311, 1139)],
    '07': [(1217, 1182), (1214, 1182), (1212, 1198), (1224, 1199), (1225, 1184), (1228, 1184), (1229, 1168), (1218, 1167)],
    '08': [(1243, 1213), (1241, 1213), (1246, 1197), (1257, 1201), (1253, 1214), (1255, 1215), (1250, 1229), (1249, 1228), (1248, 1230), (1240, 1227), (1242, 1223), (1239, 1223)],
    '09': [(1213, 1213), (1217, 1228), (1213, 1229), (1216, 1243), (1227, 1241), (1224, 1228), (1227, 1227), (1223, 1211)],
    '10': [(1215, 1132), (1216, 1160), (1227, 1159), (1226, 1131), (1219, 1131)],
    '11': [(1293, 1092), (1299, 1107), (1302, 1106), (1309, 1118), (1319, 1114), (1312, 1099), (1309, 1100), (1303, 1087)],
    '12': [(1279, 1114), (1277, 1115), (1285, 1130), (1276, 1134), (1266, 1117), (1269, 1116), (1260, 1098), (1269, 1093)],
    '13': [(1283, 1142), (1291, 1155), (1288, 1157), (1296, 1169), (1305, 1163), (1298, 1152), (1301, 1150), (1292, 1136)],
    '14': [(1245, 1118), (1247, 1135), (1249, 1135), (1251, 1148), (1262, 1147), (1260, 1132), (1258, 1132), (1256, 1117)],
    '15': [(1245, 1153), (1245, 1170), (1248, 1170), (1248, 1184), (1260, 1184), (1260, 1167), (1257, 1167), (1257, 1153)],
    '16': [(1204, 1538), (1209, 1545), (1214, 1551), (1265, 1509), (1254, 1497)],
    '17': [(1200, 1646), (1202, 1648), (1200, 1650), (1213, 1665), (1216, 1663), (1217, 1665), (1240, 1646), (1239, 1642), (1236, 1639), (1235, 1636), (1232, 1633), (1230, 1630), (1227, 1629), (1225, 1627), (1224, 1626)],
    '18': [(1147, 1585), (1159, 1598), (1204, 1561), (1198, 1555), (1192, 1548)],
    '19': [(1228, 1571), (1234, 1578), (1236, 1579), (1244, 1573), (1247, 1576), (1253, 1572), (1291, 1541), (1280, 1528)],
    '20': [(1171, 1616), (1216, 1578), (1224, 1586), (1225, 1587), (1217, 1594), (1220, 1598), (1183, 1629)],
    '21': [(1238, 1684), (1245, 1691), (1249, 1696), (1289, 1663), (1285, 1658), (1281, 1654), (1273, 1661), (1270, 1657), (1265, 1661)],
    '22': [(1266, 1584), (1271, 1589), (1270, 1590), (1267, 1593), (1281, 1608), (1283, 1606), (1285, 1604), (1289, 1609), (1321, 1582), (1299, 1557)],
    '23': [(1316, 1673), (1320, 1678), (1315, 1683), (1309, 1688), (1305, 1683), (1288, 1697), (1302, 1712), (1318, 1699), (1314, 1694), (1320, 1689), (1326, 1685), (1329, 1689), (1345, 1675), (1332, 1660)],
    '24': [(1341, 1600), (1302, 1633), (1297, 1637), (1301, 1641), (1293, 1647), (1296, 1650), (1301, 1656), (1339, 1623), (1352, 1613)],
    '25': [(1279, 1813), (1282, 1817), (1278, 1820), (1298, 1844), (1302, 1840), (1306, 1845), (1331, 1825), (1328, 1821), (1332, 1818), (1312, 1794), (1308, 1797), (1304, 1792)],
    '26': [(1173, 1195), (1173, 1193), (1170, 1193), (1171, 1181), (1169, 1181), (1171, 1156), (1174, 1156), (1176, 1156), (1175, 1154), (1183, 1154), (1181, 1180), (1185, 1180), (1184, 1191), (1183, 1191), (1183, 1196)],
    '27': [(1255, 1059), (1251, 1068), (1271, 1076), (1272, 1074), (1289, 1085), (1296, 1076), (1275, 1062), (1274, 1065), (1259, 1059), (1259, 1060)],
    '28': [(1345, 1211), (1358, 1202), (1360, 1203), (1374, 1195), (1380, 1204), (1379, 1205), (1379, 1206), (1365, 1215), (1363, 1212), (1352, 1220)],
    '29': [(1328, 1179), (1334, 1188), (1348, 1180), (1346, 1177), (1357, 1169), (1351, 1160), (1336, 1168), (1339, 1171)],
    '30': [(1360, 1158), (1374, 1177), (1372, 1178), (1373, 1179), (1370, 1181), (1383, 1197), (1394, 1190), (1383, 1176), (1387, 1173), (1370, 1151)],
    '31': [(1165, 1123), (1169, 1147), (1184, 1145), (1180, 1118), (1177, 1113), (1174, 1115), (1156, 1091), (1145, 1095), (1160, 1119), (1162, 1118)],
    '32': [(1058, 1187), (1068, 1196), (1066, 1199), (1071, 1202), (1083, 1208), (1087, 1201), (1075, 1194), (1078, 1191), (1066, 1181)],
    '33': [(1099, 1210), (1095, 1217), (1107, 1224), (1106, 1227), (1120, 1235), (1124, 1226), (1112, 1220), (1114, 1217)],
    '34': [(1082, 1182), (1095, 1190), (1097, 1187), (1107, 1196), (1114, 1189), (1104, 1179), (1100, 1178), (1099, 1179), (1087, 1173)],
    '35': [(1119, 1204), (1131, 1214), (1133, 1213), (1143, 1221), (1149, 1214), (1137, 1204), (1135, 1206), (1126, 1197)],
    '36': [(1157, 1233), (1164, 1225), (1175, 1234), (1177, 1232), (1189, 1241), (1184, 1248), (1172, 1240), (1170, 1242)],
    '37': [(1197, 1258), (1209, 1268), (1210, 1266), (1221, 1275), (1227, 1268), (1215, 1256), (1214, 1258), (1204, 1250)],
    '38': [(1142, 1259), (1149, 1268), (1146, 1270), (1149, 1274), (1161, 1283), (1167, 1275), (1157, 1266), (1159, 1264), (1150, 1252)],
    '39': [(1179, 1279), (1178, 1287), (1193, 1289), (1193, 1291), (1207, 1293), (1208, 1284), (1194, 1282), (1195, 1280)],
    '40': [(1216, 1092), (1218, 1086), (1223, 1087), (1225, 1081), (1232, 1083), (1233, 1078), (1239, 1080), (1235, 1095), (1227, 1093), (1227, 1096)],
    '41': [(1186, 1066), (1188, 1060), (1194, 1062), (1197, 1055), (1202, 1057), (1204, 1052), (1211, 1055), (1205, 1070), (1198, 1067), (1196, 1070)],
    '42': [(1188, 1018), (1185, 1024), (1196, 1028), (1197, 1026), (1205, 1028), (1210, 1012), (1204, 1010), (1202, 1015), (1196, 1013), (1193, 1019)],
    '43': [(1223, 1021), (1226, 1015), (1229, 1016), (1229, 1014), (1234, 1016), (1236, 1012), (1239, 1013), (1240, 1009), (1242, 1010), (1243, 1007), (1249, 1010), (1243, 1025), (1235, 1023), (1234, 1024)],
    '44': [(1187, 1722), (1191, 1726), (1186, 1730), (1208, 1754), (1212, 1751), (1216, 1755), (1224, 1748), (1227, 1751), (1233, 1745), (1231, 1743), (1241, 1734), (1237, 1731), (1241, 1727), (1237, 1722), (1221, 1704), (1217, 1707), (1213, 1702)],
    '45': [(1110, 1658), (1117, 1667), (1119, 1665), (1136, 1683), (1134, 1685), (1140, 1693), (1154, 1682), (1157, 1686), (1164, 1680), (1161, 1677), (1176, 1664), (1169, 1656), (1167, 1658), (1165, 1655), (1160, 1659), (1149, 1645), (1153, 1642), (1151, 1639), (1153, 1637), (1146, 1629)],
    '46': [(1058, 1599), (1070, 1613), (1078, 1611), (1080, 1615), (1075, 1619), (1090, 1636), (1105, 1625), (1103, 1616), (1108, 1615), (1111, 1619), (1129, 1605), (1117, 1590), (1108, 1592), (1108, 1587), (1112, 1584), (1097, 1566), (1082, 1579), (1083, 1586), (1079, 1588), (1076, 1584)],
    '47': [(1330, 1745), (1342, 1735), (1346, 1739), (1351, 1734), (1353, 1736), (1357, 1732), (1360, 1730), (1358, 1728), (1365, 1723), (1361, 1719), (1373, 1709), (1386, 1724), (1342, 1761)],
    '48': [(1468, 1409), (1472, 1418), (1514, 1399), (1510, 1390)],
    '49': [(1303, 934), (1299, 977), (1321, 978), (1320, 975), (1330, 975), (1329, 989), (1382, 992), (1382, 999), (1383, 1000), (1385, 1001), (1387, 1001), (1388, 1001), (1389, 999), (1390, 997), (1390, 991), (1397, 991), (1400, 930), (1394, 930), (1393, 925), (1392, 923), (1390, 922), (1389, 921), (1387, 922), (1386, 924), (1385, 925), (1385, 929), (1333, 927), (1332, 940), (1323, 940), (1324, 936)],
    '50': [(1602, 1504), (1619, 1541), (1650, 1527), (1643, 1513), (1636, 1517), (1626, 1493)],
    '51': [(1605, 1720), (1615, 1747), (1624, 1743), (1625, 1747), (1645, 1739), (1643, 1735), (1664, 1726), (1662, 1721), (1656, 1722), (1651, 1710), (1655, 1705), (1652, 1699)],
    '52': [(1680, 1666), (1689, 1684), (1695, 1680), (1699, 1688), (1704, 1686), (1706, 1691), (1691, 1697), (1709, 1738), (1737, 1726), (1715, 1676), (1736, 1667), (1723, 1645)],
    '53': [(1503, 1628), (1522, 1618), (1539, 1654), (1518, 1664)],
    '54': [(739, 566), (750, 574), (769, 579), (788, 579), (804, 574), (819, 565), (830, 551), (837, 534), (838, 521), (837, 508), (833, 495), (824, 479), (813, 470), (800, 461), (783, 458), (768, 458), (751, 463), (737, 472), (727, 482), (720, 495), (716, 511), (716, 527), (721, 543), (727, 555)],
    '55': [(1360, 1815), (1436, 1751), (1415, 1726), (1339, 1790)],
    '56': [(1390, 1854), (1466, 1791), (1446, 1766), (1370, 1830)],
    '57': [(1421, 1888), (1452, 1864), (1455, 1868), (1470, 1856), (1467, 1852), (1497, 1828), (1477, 1803), (1401, 1865)],
    '58': [(1347, 527), (1343, 534), (1331, 555), (1301, 545), (1257, 517), (1247, 536), (1232, 528), (1236, 519), (1244, 521), (1247, 512), (1240, 509), (1243, 502), (1213, 485), (1208, 496), (1209, 498), (1203, 505), (1151, 479), (1155, 470), (1161, 471), (1159, 466), (1164, 459), (1059, 406), (1056, 412), (1074, 422), (1069, 432), (1028, 410), (1027, 413), (990, 393), (992, 391), (955, 370), (954, 373), (897, 343), (899, 340), (845, 312), (848, 309), (846, 308), (848, 305), (850, 306), (851, 302), (868, 311), (871, 304), (751, 241), (746, 249), (750, 253), (745, 262), (719, 249), (722, 241), (736, 245), (740, 236), (628, 177), (618, 197), (569, 170), (544, 168), (546, 156), (575, 161), (579, 152), (552, 136), (549, 140), (519, 127), (515, 137), (485, 122), (503, 82), (558, 110), (593, 128), (591, 134), (744, 213), (748, 209), (767, 219), (763, 227), (799, 245), (802, 240), (815, 247), (816, 244), (824, 247), (823, 250), (880, 281), (882, 277), (890, 281), (889, 285), (927, 306), (928, 304), (942, 310), (941, 313), (1012, 351), (1015, 348), (1025, 353), (1022, 358), (1077, 387), (1079, 383), (1088, 387), (1087, 392), (1084, 395), (1131, 419), (1129, 423), (1254, 488), (1256, 482), (1298, 502), (1299, 500), (1305, 504), (1304, 505), (1335, 521), (1337, 519), (1342, 521), (1341, 523)],
    '59': [(1672, 1650), (1702, 1638), (1678, 1584), (1648, 1596)],
    '60': [(1531, 1349), (1549, 1342), (1574, 1400), (1556, 1407)],
    '61': [(1219, 1131), (1226, 1131), (1229, 1131), (1229, 1109), (1218, 1110)],
    '62': [(1529, 1589), (1584, 1564), (1586, 1568), (1594, 1565), (1603, 1584), (1596, 1588), (1598, 1594), (1540, 1620), (1525, 1590)],
    '63': [(1173, 782), (1207, 818), (1174, 850), (1157, 832), (1170, 819), (1153, 802)],
    '64': [(1129, 739), (1162, 773), (1144, 790), (1126, 771), (1112, 785), (1097, 770)],
    '65': [(1196, 760), (1228, 787), (1210, 805), (1182, 776)],
    '66': [(1154, 718), (1183, 747), (1170, 760), (1141, 732)],
    '67': [(1220, 741), (1233, 754), (1243, 765), (1248, 770), (1244, 776), (1236, 783), (1208, 753)],
    '68': [(1184, 704), (1199, 719), (1208, 728), (1193, 744), (1168, 720), (1170, 718), (1169, 716), (1174, 712), (1175, 713)],
    '69': [(1206, 671), (1208, 673), (1224, 688), (1243, 706), (1243, 709), (1233, 716), (1225, 725), (1188, 690)],
    '70': [(928, 718), (980, 770), (963, 787), (910, 736)],
    '71': [(1005, 790), (1057, 839), (1040, 858), (987, 810)],
    '72': [(896, 748), (946, 796), (929, 813), (878, 766)],
    '73': [(977, 826), (1031, 872), (1013, 893), (959, 847)],
    '74': [(867, 770), (926, 828), (904, 850), (845, 793)],
    '75': [(949, 851), (1011, 903), (991, 926), (930, 873)],
    '76': [(842, 822), (886, 859), (868, 880), (824, 843)],
    '77': [(912, 889), (963, 932), (946, 953), (895, 910)],
    '78': [(968, 555), (969, 538), (939, 537), (939, 534), (972, 529), (975, 493), (954, 490), (904, 488), (903, 533), (903, 538), (903, 540), (899, 540), (901, 550), (904, 552), (908, 555), (913, 555), (918, 555), (951, 555)],
    '79': [(804, 437), (828, 412), (862, 444), (869, 437), (874, 442), (869, 447), (879, 457), (877, 460), (854, 484)],
    '80': [(847, 627), (863, 610), (865, 612), (869, 609), (873, 611), (876, 608), (875, 606), (878, 603), (875, 601), (890, 584), (880, 575), (860, 596), (855, 591), (862, 584), (842, 565), (824, 583), (844, 602), (851, 595), (855, 598), (837, 618)],
    '81': [(589, 391), (612, 413), (609, 419), (622, 431), (626, 427), (633, 434), (631, 437), (651, 456), (643, 464), (653, 474), (666, 461), (693, 486), (696, 483), (715, 501), (703, 515), (713, 526), (704, 536), (686, 521), (687, 519), (655, 488), (651, 492), (617, 459), (620, 456), (595, 431), (593, 433), (569, 411)],
    '82': [(744, 432), (758, 417), (762, 421), (774, 409), (728, 368), (722, 375), (725, 377), (711, 392), (709, 390), (704, 395)],
    '83': [(804, 332), (815, 342), (780, 379), (770, 370)],
    '84': [(800, 394), (830, 362), (846, 377), (816, 409)],
    '85': [(1422, 1958), (1421, 1970), (1461, 1973), (1462, 1962)],
    '86': [(1342, 1569), (1387, 1626), (1426, 1595), (1381, 1538)],
    '87': [(1444, 823), (1468, 818), (1468, 814), (1477, 812), (1478, 821), (1470, 824), (1471, 828), (1455, 832), (1456, 835), (1449, 835)],
    '88': [(1445, 765), (1470, 760), (1469, 756), (1478, 754), (1480, 763), (1472, 766), (1473, 770), (1457, 774), (1457, 777), (1450, 778)],
    '89': [(1433, 699), (1447, 696), (1445, 691), (1451, 689), (1454, 697), (1470, 694), (1470, 689), (1485, 687), (1488, 697), (1482, 700), (1483, 705), (1467, 708), (1465, 706), (1439, 708)],
    '90': [(1459, 649), (1464, 647), (1463, 642), (1468, 641), (1466, 637), (1471, 635), (1476, 644), (1486, 641), (1484, 637), (1494, 634), (1495, 639), (1498, 638), (1499, 649), (1485, 652), (1484, 648), (1462, 655)],
    '91': [(1455, 585), (1463, 583), (1463, 579), (1469, 578), (1469, 576), (1475, 574), (1476, 582), (1483, 580), (1482, 576), (1488, 575), (1489, 579), (1497, 576), (1501, 586), (1473, 591), (1471, 586), (1456, 590)],
    '92': [(1451, 536), (1457, 534), (1456, 530), (1463, 529), (1462, 525), (1468, 524), (1470, 532), (1479, 530), (1478, 525), (1484, 524), (1485, 527), (1494, 527), (1496, 534), (1453, 543)],
    '93': [(1361, 1893), (1364, 1897), (1362, 1899), (1369, 1908), (1370, 1907), (1375, 1912), (1390, 1899), (1388, 1896), (1391, 1894), (1381, 1882), (1377, 1885), (1374, 1881)],
}
