BUILDING_POLY = {
    '00': [(551, 915), (551, 916), (548, 918), (547, 917), (532, 923), (529, 918), (530, 918), (525, 906), (528, 904), (527, 902), (533, 900), (534, 903), (536, 902), (534, 897), (536, 896), (535, 895), (533, 888), (532, 888), (531, 884), (539, 881), (540, 882), (541, 882), (534, 859), (539, 858), (539, 857), (559, 852), (559, 856), (557, 856), (562, 873), (561, 874), (563, 883), (562, 883), (566, 898), (568, 902), (572, 901), (575, 906), (569, 909), (569, 908)],
    '01': [(822, 473), (821, 473), (821, 472), (821, 471), (820, 468), (819, 468), (819, 466), (818, 464), (819, 464), (818, 460), (817, 460), (817, 459), (817, 458), (815, 454), (818, 453), (819, 452), (820, 452), (821, 453), (825, 452), (824, 449), (822, 450), (821, 447), (823, 447), (822, 444), (826, 443), (827, 446), (828, 445), (829, 447), (827, 448), (828, 450), (832, 449), (832, 448), (833, 447), (834, 448), (837, 447), (838, 451), (839, 451), (840, 452), (839, 453), (841, 458), (843, 464), (844, 464), (844, 465), (844, 466), (845, 470), (842, 471), (842, 472), (841, 473), (840, 471), (828, 475), (828, 476), (824, 478)],
    '02': [(1108, 635), (1110, 634), (1118, 648), (1119, 650), (1119, 650), (1120, 652), (1127, 648), (1131, 654), (1133, 653), (1134, 655), (1135, 654), (1136, 656), (1133, 658), (1134, 659), (1125, 665), (1108, 675), (1109, 678), (1108, 679), (1108, 679), (1106, 680), (1104, 677), (1104, 678), (1108, 685), (1099, 691), (1086, 669), (1095, 665), (1088, 654), (1085, 656), (1084, 654), (1084, 654), (1083, 653), (1086, 651), (1085, 649), (1090, 646), (1105, 637), (1104, 635), (1105, 634), (1105, 634), (1107, 633)],
    '03': [(862, 575), (867, 589), (858, 593), (849, 596), (844, 581)],
    '04': [(1147, 604), (1146, 602), (1150, 591), (1152, 590), (1150, 582), (1179, 569), (1183, 576), (1185, 576), (1197, 580), (1198, 582), (1206, 580), (1228, 629), (1220, 634), (1221, 635), (1216, 647), (1182, 662), (1170, 657), (1170, 656), (1161, 658), (1140, 609)],
    '05': [(865, 873), (850, 878), (826, 813), (838, 810), (839, 813), (843, 812)],
    '06': [(1005, 826), (1024, 826), (1024, 824), (1035, 824), (1035, 830), (1031, 830), (1033, 837), (1017, 843), (1012, 845), (1007, 832), (999, 835), (997, 830), (1000, 829), (996, 818), (1001, 814)],
    '07': [(1012, 845), (1017, 843), (1018, 846), (1026, 846), (1026, 844), (1041, 844), (1041, 850), (1027, 850), (1027, 852), (1014, 852), (1012, 853), (1005, 856), (1003, 851), (1008, 849), (1012, 848), (1012, 846)],
    '08': [(824, 535), (820, 525), (835, 520), (835, 521), (848, 517), (854, 532), (859, 531), (857, 526), (854, 518), (866, 514), (869, 524), (864, 531), (867, 534), (866, 535), (867, 537), (869, 536), (872, 544), (870, 545), (871, 547), (881, 544), (884, 554), (873, 558), (872, 554), (865, 556), (867, 563), (856, 567), (853, 560), (849, 562), (851, 567), (839, 571), (836, 561), (843, 558), (840, 552), (832, 555), (829, 545), (829, 544), (826, 535)],
    '09': [(789, 464), (780, 467), (779, 465), (777, 465), (776, 462), (778, 461), (777, 459), (787, 455), (787, 455), (793, 452), (793, 453), (803, 450), (803, 451), (805, 451), (807, 455), (805, 455), (806, 458), (796, 461), (799, 469), (792, 472)],
    '10': [(889, 425), (889, 426), (891, 428), (894, 428), (895, 425), (894, 422), (893, 422), (892, 420), (898, 418), (895, 411), (896, 410), (895, 406), (895, 405), (895, 403), (893, 402), (893, 403), (890, 396), (882, 398), (881, 395), (890, 392), (889, 388), (886, 383), (885, 383), (885, 382), (885, 382), (885, 381), (885, 380), (884, 379), (884, 379), (883, 379), (882, 380), (882, 381), (881, 381), (880, 380), (850, 391), (850, 393), (853, 392), (856, 391), (856, 392), (857, 393), (857, 394), (852, 396), (854, 401), (859, 399), (861, 405), (853, 408), (854, 412), (841, 416), (846, 429), (845, 430), (845, 432), (847, 431), (848, 435), (861, 430), (862, 435), (865, 434), (865, 435), (871, 433), (872, 434), (873, 433), (875, 439), (889, 434), (886, 426)],
    '11': [(870, 454), (886, 447), (885, 445), (887, 444), (887, 443), (888, 443), (889, 443), (894, 441), (894, 440), (895, 440), (896, 440), (896, 440), (897, 441), (898, 442), (899, 442), (900, 442), (906, 440), (909, 446), (903, 449), (904, 453), (901, 454), (894, 457), (893, 455), (874, 464), (874, 463), (871, 456)],
    '12': [(904, 539), (905, 543), (907, 542), (907, 541), (911, 540), (911, 542), (914, 541), (915, 545), (913, 545), (913, 546), (912, 546), (912, 547), (914, 547), (916, 555), (908, 557), (906, 551), (906, 551), (906, 552), (904, 552), (904, 551), (903, 552), (902, 550), (898, 551), (897, 551), (896, 551), (896, 549), (894, 549), (893, 545), (894, 545), (893, 542), (894, 542), (894, 541), (898, 540), (897, 539), (900, 538), (901, 540)],
    '13': [(949, 573), (943, 563), (949, 559), (950, 559), (950, 559), (951, 560), (952, 560), (958, 556), (958, 555), (961, 553), (962, 554), (969, 550), (968, 549), (969, 548), (970, 548), (969, 547), (975, 543), (981, 553), (982, 553), (984, 557), (984, 558), (987, 564), (985, 565), (986, 567), (988, 566), (989, 568), (988, 568), (989, 570), (983, 574), (983, 575), (967, 585), (966, 584), (962, 586), (961, 585), (959, 586), (959, 585), (955, 587), (954, 586), (957, 584), (956, 583), (955, 583), (952, 577), (951, 578), (950, 576), (948, 577), (948, 575), (949, 574), (948, 573)],
    '14': [(839, 642), (835, 643), (839, 656), (850, 652), (846, 639), (842, 641), (841, 637), (847, 635), (845, 629), (839, 631), (830, 634), (828, 628), (828, 627), (828, 626), (827, 626), (827, 623), (827, 622), (827, 622), (826, 621), (825, 622), (825, 622), (822, 623), (822, 623), (821, 623), (814, 605), (815, 604), (813, 597), (812, 597), (811, 595), (795, 600), (795, 601), (796, 602), (795, 603), (795, 604), (798, 611), (799, 610), (802, 617), (799, 618), (799, 619), (800, 620), (802, 619), (807, 633), (800, 636), (803, 643), (804, 643), (811, 663), (817, 661), (812, 647), (838, 638)],
    '15': [(1214, 743), (1210, 736), (1213, 732), (1218, 728), (1242, 717), (1247, 717), (1252, 717), (1255, 725), (1258, 724), (1264, 744), (1266, 743), (1269, 750), (1269, 758), (1267, 763), (1264, 770), (1259, 774), (1254, 778), (1246, 780), (1240, 780), (1234, 778), (1228, 775), (1224, 773), (1218, 763), (1221, 762), (1211, 745)],
    '16': [(512, 891), (510, 891), (511, 893), (507, 894), (507, 893), (504, 894), (503, 892), (505, 892), (504, 889), (504, 889), (504, 887), (508, 886), (508, 887), (512, 886), (511, 885), (510, 885), (510, 884), (517, 881), (518, 882), (519, 882), (519, 880), (521, 880), (519, 874), (518, 875), (515, 869), (516, 868), (516, 867), (514, 867), (513, 868), (512, 866), (511, 867), (510, 864), (508, 864), (508, 865), (502, 867), (502, 866), (501, 867), (499, 867), (501, 871), (500, 872), (500, 873), (501, 873), (504, 879), (499, 881), (498, 879), (494, 880), (498, 892), (497, 893), (497, 895), (493, 896), (493, 894), (491, 895), (486, 883), (483, 884), (483, 886), (473, 889), (473, 892), (472, 893), (472, 894), (469, 895), (470, 896), (470, 896), (473, 904), (472, 904), (473, 907), (482, 904), (481, 901), (483, 901), (482, 899), (485, 898), (486, 900), (489, 899), (489, 900), (488, 900), (490, 904), (487, 904), (488, 905), (484, 907), (484, 905), (482, 906), (483, 909), (471, 912), (469, 907), (470, 907), (470, 905), (469, 906), (465, 895), (467, 894), (467, 893), (466, 893), (465, 890), (467, 890), (467, 888), (470, 887), (470, 888), (472, 888), (471, 885), (481, 881), (482, 883), (498, 877), (497, 875), (498, 874), (497, 872), (496, 873), (493, 865), (499, 863), (499, 864), (500, 864), (500, 863), (510, 859), (511, 861), (511, 861), (511, 861), (515, 859), (515, 861), (517, 861), (518, 864), (517, 865), (517, 866), (519, 865), (522, 873), (521, 874), (523, 879), (530, 876), (531, 881), (512, 888), (512, 887), (511, 888)],
    '17': [(796, 521), (793, 514), (795, 514), (794, 510), (800, 508), (801, 511), (803, 511), (805, 518), (804, 519), (805, 521), (798, 523), (797, 521)],
    '18': [(817, 514), (815, 507), (817, 506), (815, 503), (821, 501), (822, 504), (825, 503), (827, 510), (824, 512), (825, 512), (825, 513), (825, 514), (824, 513), (823, 513), (824, 512)],
    '19': [(1079, 364), (1082, 374), (1083, 375), (1083, 378), (1083, 380), (1085, 383), (1087, 386), (1089, 387), (1091, 387), (1092, 386), (1094, 386), (1096, 384), (1097, 383), (1089, 360)],
    '20': [(1044, 373), (1076, 358), (1091, 353), (1093, 359), (1089, 360), (1079, 364), (1075, 365), (1078, 374), (1062, 380), (1049, 385)],
    '21': [(1053, 434), (1047, 437), (1042, 426), (1042, 426), (1042, 427), (1028, 433), (1027, 433), (1026, 433), (1027, 436), (1018, 440), (1017, 438), (1018, 438), (1016, 435), (1015, 436), (1014, 434), (1013, 433), (1015, 432), (1015, 431), (1011, 433), (1010, 430), (1015, 428), (1045, 415), (1046, 417), (1045, 417), (1046, 419), (1047, 419)],
    '22': [(1057, 410), (1061, 420), (1083, 413), (1079, 402)],
    '23': [(1084, 405), (1089, 417), (1109, 409), (1105, 398)],
    '24': [(1015, 384), (1023, 400), (1019, 402), (1024, 413), (1028, 411), (1028, 412), (1042, 405), (1040, 400), (1044, 398), (1033, 376), (1030, 378), (1034, 388), (1024, 393), (1019, 383)],
    '25': [(978, 403), (983, 414), (984, 415), (985, 415), (992, 412), (994, 411), (994, 410), (994, 409), (992, 405), (994, 404), (995, 405), (995, 405), (991, 397), (987, 398), (986, 398), (982, 400), (982, 401)],
    '26': [(992, 433), (984, 438), (983, 437), (982, 438), (983, 440), (981, 441), (979, 443), (978, 442), (978, 442), (976, 443), (976, 441), (975, 441), (975, 442), (969, 446), (965, 439), (956, 445), (958, 448), (960, 447), (963, 451), (951, 458), (949, 454), (953, 452), (952, 451), (950, 448), (950, 448), (950, 447), (949, 447), (949, 446), (949, 445), (946, 440), (943, 435), (942, 435), (941, 434), (941, 433), (941, 433), (941, 433), (940, 430), (940, 430), (939, 429), (937, 430), (937, 430), (935, 431), (932, 427), (935, 426), (934, 425), (944, 420), (944, 421), (944, 420), (947, 424), (945, 425), (947, 429), (954, 424), (954, 424), (955, 423), (955, 423), (951, 417), (958, 413), (964, 424), (965, 424), (972, 419), (970, 416), (978, 411), (979, 412), (979, 412), (980, 413), (980, 413), (980, 415), (981, 415), (982, 416), (981, 416), (982, 418), (982, 417), (983, 419), (983, 419), (984, 420), (984, 420), (986, 421), (985, 422), (985, 423), (986, 422), (987, 424), (986, 424), (987, 425), (987, 425), (988, 427), (988, 427), (989, 428), (989, 428), (990, 430), (990, 430), (990, 431), (991, 431), (993, 433), (992, 433)],
    '27': [(967, 476), (969, 478), (971, 482), (975, 489), (1003, 472), (994, 459)],
    '28': [(1010, 439), (1001, 445), (1005, 451), (1006, 454), (1009, 457), (1004, 460), (1001, 455), (993, 443), (994, 442), (1009, 433), (1011, 437), (1009, 438)],
    '29': [(1004, 460), (1005, 463), (1012, 460), (1014, 459), (1014, 458), (1014, 458), (1011, 450), (1007, 452), (1008, 453), (1006, 454), (1009, 457)],
    '30': [(1005, 463), (1012, 460), (1016, 471), (1017, 471), (1018, 474), (1017, 474), (1017, 475), (1017, 476), (1017, 476), (1013, 478), (1013, 477), (1012, 477), (1011, 475), (1010, 476)],
    '31': [(1029, 462), (1045, 456), (1042, 447), (1038, 448), (1039, 452), (1035, 453), (1036, 455), (1028, 458)],
    '32': [(885, 488), (883, 483), (886, 482), (886, 482), (892, 480), (892, 481), (894, 480), (894, 481), (923, 472), (923, 472), (923, 471), (924, 471), (924, 471), (924, 472), (924, 472), (924, 474), (929, 473), (927, 466), (936, 463), (936, 463), (940, 475), (932, 478), (931, 479), (931, 479), (931, 479), (930, 480), (928, 479), (928, 478), (926, 478), (926, 479), (925, 479), (925, 478), (922, 479), (922, 480), (919, 481), (919, 480), (914, 482), (914, 482), (912, 483), (912, 482), (904, 485), (905, 485), (904, 485), (904, 485), (904, 485), (903, 485), (896, 487), (896, 488), (894, 488), (894, 489), (888, 491), (888, 490), (886, 491), (886, 491), (887, 492), (886, 492), (886, 492), (886, 492), (885, 492), (883, 492), (882, 489)],
    '33': [(911, 439), (913, 444), (914, 444), (915, 445), (916, 445), (923, 457), (922, 457), (925, 461), (925, 460), (927, 463), (926, 464), (926, 466), (927, 466), (936, 463), (935, 463), (935, 461), (934, 461), (933, 459), (934, 459), (932, 455), (931, 456), (930, 454), (930, 454), (929, 453), (929, 453), (923, 443), (923, 443), (923, 442), (922, 442), (921, 440), (924, 438), (921, 434), (916, 437), (915, 436), (912, 438), (912, 439)],
    '34': [(906, 500), (905, 500), (908, 508), (908, 508), (908, 508), (922, 504), (924, 509), (922, 509), (922, 510), (922, 510), (925, 521), (926, 521), (926, 522), (934, 519), (933, 519), (934, 519), (931, 508), (930, 508), (930, 507), (927, 508), (926, 503), (932, 501), (931, 501), (932, 500), (930, 493), (929, 493), (929, 492), (906, 499)],
    '35': [(943, 483), (944, 487), (943, 488), (944, 491), (944, 491), (948, 499), (955, 494), (950, 487), (950, 486), (950, 485), (949, 485), (948, 482)],
    '36': [(957, 511), (952, 502), (950, 503), (948, 499), (955, 494), (958, 498), (956, 499), (965, 512), (963, 513), (972, 528), (967, 530), (956, 512)],
    '37': [(845, 497), (849, 507), (855, 505), (852, 497), (854, 497), (854, 495), (855, 494), (855, 493), (851, 494), (851, 493), (848, 494), (849, 496)],
    '38': [(859, 502), (856, 494), (855, 494), (855, 493), (859, 491), (857, 489), (857, 488), (857, 486), (861, 485), (861, 486), (863, 488), (862, 489), (863, 492), (866, 499)],
    '39': [(787, 535), (789, 539), (788, 539), (789, 542), (790, 541), (792, 548), (791, 549), (793, 551), (793, 551), (795, 555), (800, 553), (799, 550), (800, 549), (799, 546), (798, 547), (795, 539), (796, 539), (795, 537), (794, 537), (793, 533)],
    '40': [(811, 552), (813, 558), (814, 558), (819, 572), (818, 572), (820, 578), (828, 575), (819, 550)],
    '41': [(925, 532), (928, 531), (927, 529), (939, 526), (940, 528), (943, 526), (945, 534), (944, 535), (950, 544), (938, 552), (933, 544), (932, 545), (924, 537), (927, 537)],
    '42': [(746, 549), (748, 555), (748, 555), (747, 556), (747, 556), (746, 557), (748, 560), (749, 559), (750, 561), (762, 577), (773, 573), (774, 573), (777, 572), (777, 572), (780, 571), (785, 585), (779, 587), (781, 591), (782, 590), (783, 596), (783, 596), (783, 598), (784, 598), (786, 603), (785, 604), (786, 607), (787, 606), (788, 609), (792, 607), (791, 606), (795, 604), (795, 603), (796, 602), (795, 601), (790, 603), (785, 589), (792, 587), (784, 564), (774, 567), (774, 566), (772, 567), (772, 568), (764, 570), (752, 554), (750, 548)],
    '43': [(747, 525), (750, 536), (750, 536), (750, 537), (751, 537), (751, 537), (752, 536), (755, 535), (754, 532), (763, 528), (764, 532), (769, 530), (765, 519), (761, 520), (761, 522), (751, 526), (751, 524)],
    '44': [(725, 527), (723, 526), (726, 520), (728, 520), (729, 520), (730, 521), (730, 522), (730, 523), (731, 526), (737, 534), (744, 532), (746, 538), (743, 540), (742, 537), (734, 540), (726, 529), (725, 528)],
    '45': [(677, 524), (685, 539), (719, 526), (720, 526), (721, 525), (723, 526), (726, 520), (724, 519), (724, 518), (723, 517), (722, 518), (721, 519), (688, 532), (682, 522)],
    '46': [(699, 499), (674, 508), (682, 522), (677, 524), (666, 505), (697, 494)],
    '47': [(715, 503), (711, 494), (700, 498), (699, 499), (697, 494), (697, 493), (713, 487), (714, 491), (716, 490), (717, 492), (717, 493), (719, 498), (719, 498), (720, 501)],
    '48': [(732, 489), (731, 488), (731, 487), (729, 487), (726, 481), (731, 479), (731, 476), (730, 476), (729, 474), (730, 473), (731, 473), (732, 474), (733, 472), (735, 471), (738, 470), (740, 470), (741, 469), (741, 469), (742, 469), (743, 470), (743, 471), (743, 471), (745, 473), (746, 475), (748, 480), (749, 479), (750, 479), (751, 480), (751, 481), (750, 482), (733, 488)],
    '49': [(688, 543), (705, 536), (710, 544), (706, 547), (707, 549), (703, 552), (699, 554), (696, 556)],
    '50': [(699, 554), (704, 563), (709, 572), (706, 574), (708, 579), (724, 570), (721, 565), (713, 570), (708, 560), (703, 552)],
    '51': [(709, 580), (718, 575), (720, 579), (719, 580), (719, 582), (717, 583), (716, 582), (716, 583), (716, 583), (712, 585)],
    '52': [(715, 584), (717, 583), (719, 582), (721, 585), (721, 585), (722, 587), (729, 582), (730, 582), (729, 580), (734, 579), (734, 582), (736, 582), (737, 585), (735, 586), (735, 587), (732, 588), (731, 587), (725, 591), (726, 593), (728, 592), (728, 594), (729, 594), (729, 594), (729, 595), (730, 596), (727, 598), (728, 599), (726, 600), (725, 598), (721, 600), (719, 597), (720, 597), (719, 596), (721, 594), (717, 587), (717, 588), (716, 587), (716, 587), (715, 586), (716, 586), (715, 585), (716, 585)],
    '53': [(724, 605), (728, 603), (726, 600), (728, 599), (729, 601), (732, 600), (734, 603), (733, 604), (734, 606), (734, 606), (735, 607), (735, 608), (742, 620), (742, 620), (743, 620), (742, 621), (744, 624), (745, 624), (746, 624), (746, 625), (748, 624), (749, 625), (750, 626), (750, 626), (749, 627), (749, 628), (747, 628), (747, 629), (746, 629), (746, 632), (746, 632), (746, 633), (746, 633), (746, 634), (745, 634), (744, 634), (744, 634), (743, 633), (743, 633), (742, 630), (741, 630), (741, 629), (740, 629), (740, 628), (739, 628), (739, 627), (739, 627), (739, 626), (739, 626), (735, 619), (735, 619), (735, 618), (734, 618), (734, 618), (735, 617), (733, 615), (733, 615), (733, 615), (732, 614), (732, 614), (732, 614), (729, 608), (727, 609), (726, 608), (725, 608), (725, 607), (724, 607), (724, 607), (724, 606)],
    '54': [(742, 580), (743, 580), (742, 576), (743, 576), (743, 576), (746, 575), (747, 577), (749, 576), (749, 577), (752, 576), (753, 580), (749, 581), (749, 582), (749, 582), (754, 591), (754, 591), (755, 592), (754, 592), (756, 595), (761, 593), (761, 593), (762, 592), (763, 593), (764, 592), (766, 596), (764, 597), (764, 597), (763, 598), (762, 597), (758, 599), (759, 602), (759, 602), (759, 603), (759, 604), (761, 611), (764, 619), (764, 619), (764, 619), (770, 618), (771, 622), (769, 622), (769, 623), (763, 625), (764, 629), (760, 630), (759, 626), (758, 626), (758, 626), (757, 626), (757, 626), (755, 626), (755, 625), (754, 625), (754, 624), (755, 624), (754, 622), (759, 621), (753, 601), (753, 600), (753, 600), (752, 599), (752, 599), (752, 599), (752, 598), (752, 598), (752, 597), (751, 596), (744, 583), (743, 584)],
    '55': [(761, 637), (762, 637), (762, 636), (765, 635), (770, 633), (771, 634), (772, 634), (773, 637), (770, 638), (773, 647), (789, 643), (785, 630), (789, 629), (793, 642), (798, 641), (799, 645), (795, 646), (796, 647), (792, 648), (792, 647), (773, 653), (773, 654), (770, 655), (770, 654), (769, 655), (769, 652), (766, 653), (765, 650), (768, 649), (765, 640), (762, 640)],
    '56': [(803, 748), (807, 761), (820, 756), (815, 743), (809, 746)],
    '57': [(879, 780), (894, 775), (897, 782), (883, 787), (884, 792), (880, 793), (879, 789), (881, 788)],
    '58': [(835, 772), (866, 761), (866, 760), (869, 759), (870, 760), (872, 759), (878, 777), (874, 779), (875, 784), (844, 795), (842, 792), (839, 793), (838, 791), (841, 789), (839, 782), (837, 782), (837, 781), (838, 780)],
    '59': [(744, 694), (743, 695), (742, 694), (731, 698), (731, 699), (730, 699), (730, 699), (729, 698), (728, 698), (727, 699), (727, 700), (728, 701), (729, 701), (729, 702), (729, 702), (734, 717), (735, 717), (738, 725), (736, 726), (740, 736), (743, 735), (744, 739), (754, 735), (754, 731), (755, 732), (756, 731), (756, 730), (756, 729), (755, 728), (752, 717), (751, 717), (750, 716), (752, 715), (745, 695), (746, 694), (746, 693), (745, 693), (744, 693), (744, 693)],
    '60': [(858, 817), (881, 809), (901, 802), (899, 797), (905, 795), (909, 806), (910, 809), (918, 805), (915, 797), (911, 799), (910, 797), (909, 797), (908, 795), (917, 791), (920, 795), (922, 799), (923, 804), (923, 808), (906, 815), (906, 814), (862, 829)],
    '61': [(1017, 689), (1020, 695), (1017, 696), (1019, 701), (1026, 699), (1032, 700), (1037, 700), (1042, 702), (1047, 704), (1051, 706), (1055, 709), (1058, 712), (1061, 716), (1066, 713), (1064, 710), (1070, 707), (1064, 698), (1058, 689), (1050, 675), (1047, 677), (1048, 678)],
    '62': [(1146, 682), (1151, 690), (1152, 689), (1154, 693), (1153, 694), (1161, 707), (1162, 706), (1164, 709), (1162, 710), (1170, 723), (1172, 722), (1174, 725), (1172, 726), (1178, 735), (1178, 736), (1165, 744), (1163, 740), (1158, 743), (1149, 729), (1151, 728), (1149, 725), (1147, 726), (1139, 713), (1141, 712), (1139, 709), (1137, 710), (1130, 697), (1135, 693), (1133, 689)],
    '63': [(1173, 388), (1183, 416), (1185, 415), (1186, 417), (1200, 412), (1199, 410), (1203, 408), (1193, 381)],
    '64': [(1057, 610), (1049, 610), (1050, 609), (1046, 603), (1047, 603), (1050, 597), (1052, 597), (1052, 594), (1052, 593), (1057, 592), (1062, 593), (1063, 591), (1064, 590), (1068, 590), (1068, 589), (1068, 588), (1067, 589), (1066, 585), (1079, 580), (1080, 583), (1082, 584), (1083, 584), (1086, 586), (1088, 586), (1090, 587), (1091, 588), (1089, 593), (1087, 592), (1086, 594), (1083, 593), (1082, 593), (1082, 597), (1078, 596), (1077, 595), (1077, 600), (1076, 600), (1077, 603), (1075, 603), (1072, 603), (1068, 604), (1065, 604), (1065, 602), (1064, 602), (1063, 602), (1063, 606), (1058, 605)],
    '65': [(1098, 573), (1102, 586), (1112, 583), (1112, 582), (1112, 582), (1113, 581), (1114, 581), (1115, 581), (1115, 581), (1116, 581), (1116, 581), (1126, 578), (1124, 569), (1122, 565), (1106, 570)],
    '66': [(1079, 631), (1080, 632), (1081, 632), (1090, 646), (1085, 649), (1085, 649), (1085, 651), (1077, 654), (1075, 648), (1074, 649), (1072, 644), (1071, 644), (1069, 638), (1070, 638), (1068, 633), (1081, 628), (1081, 629)],
    '67': [(1095, 605), (1101, 615), (1102, 614), (1106, 621), (1097, 626), (1093, 619), (1094, 619), (1093, 616), (1089, 618), (1089, 618), (1089, 618), (1089, 618), (1090, 618), (1090, 620), (1090, 620), (1090, 621), (1088, 621), (1088, 621), (1087, 621), (1087, 619), (1087, 619), (1087, 619), (1087, 618), (1087, 618), (1074, 623), (1072, 624), (1072, 624), (1072, 625), (1071, 625), (1071, 625), (1070, 625), (1070, 625), (1070, 626), (1071, 626), (1071, 627), (1071, 627), (1070, 627), (1070, 627), (1070, 628), (1065, 630), (1065, 629), (1065, 629), (1064, 629), (1064, 628), (1064, 628), (1064, 628), (1063, 627), (1063, 628), (1063, 628), (1062, 628), (1062, 628), (1062, 627), (1062, 627), (1061, 628), (1059, 623), (1060, 622), (1060, 622), (1059, 622), (1060, 622), (1060, 621), (1061, 621), (1061, 621), (1061, 621), (1061, 620), (1061, 620), (1061, 619), (1061, 619), (1061, 619), (1062, 619), (1061, 618), (1066, 616), (1066, 617), (1067, 617), (1067, 617), (1067, 617), (1067, 618), (1067, 618), (1067, 619), (1068, 619), (1069, 619), (1069, 618), (1070, 618), (1070, 618), (1070, 619), (1072, 618), (1076, 616), (1075, 613)],
    '68': [(1237, 697), (1240, 704), (1237, 705), (1240, 713), (1271, 699), (1265, 684)],
    '69': [(1279, 710), (1279, 712), (1283, 711), (1284, 711), (1284, 710), (1303, 703), (1304, 705), (1304, 706), (1306, 712), (1310, 723), (1285, 733), (1281, 734), (1280, 733), (1273, 715), (1272, 715), (1271, 713), (1275, 712)],
    '70': [(1083, 731), (1076, 733), (1078, 738), (1080, 743), (1079, 743), (1077, 744), (1074, 741), (1073, 742), (1072, 741), (1058, 751), (1061, 757), (1060, 757), (1066, 767), (1072, 777), (1074, 775), (1074, 775), (1075, 774), (1082, 786), (1097, 778), (1099, 777), (1095, 770), (1091, 764), (1094, 762), (1097, 760), (1093, 754), (1094, 752), (1096, 751)],
    '71': [(1177, 740), (1182, 746), (1198, 735), (1195, 730), (1200, 727), (1197, 723), (1194, 726), (1195, 727)],
    '72': [(1258, 529), (1258, 531), (1263, 531), (1263, 529)],
    '73': [(777, 693), (779, 701), (781, 700), (785, 693), (785, 690)],
    '74': [(792, 683), (793, 684), (801, 682), (799, 674), (796, 675)],
    '75': [(793, 676), (790, 668), (798, 665), (799, 668), (795, 676)],
    '76': [(788, 688), (786, 689), (783, 681), (792, 678), (792, 680)],
    '77': [(799, 670), (799, 672), (808, 670), (805, 661), (803, 662)],
    '78': [(804, 693), (807, 701), (815, 699), (814, 697), (806, 692)],
    '79': [(786, 695), (786, 697), (794, 694), (792, 686), (790, 687)],
    '80': [(800, 686), (800, 688), (809, 693), (811, 692), (808, 684)],
    '81': [(880, 804), (881, 808), (900, 801), (898, 798)],
    '82': [(899, 866), (902, 865), (904, 866), (906, 867), (907, 869), (908, 872), (908, 874), (907, 876), (905, 877), (903, 878), (901, 878), (899, 878), (897, 876), (895, 875), (895, 872), (895, 870), (896, 868), (898, 867)],
    '83': [(869, 847), (860, 850), (859, 846), (868, 843)],
    '84': [(912, 844), (921, 871), (913, 874), (903, 847)],
    '85': [(919, 823), (924, 837), (914, 841), (913, 837), (887, 846), (883, 837), (910, 828), (909, 827)],
    '86': [(858, 854), (861, 861), (864, 860), (864, 860), (861, 852), (861, 852)],
    '87': [(870, 842), (872, 845), (876, 857), (873, 858), (876, 868), (892, 862), (883, 837)],
    '88': [(823, 813), (846, 879), (851, 877), (858, 874), (863, 873), (841, 811), (842, 811), (841, 808), (840, 808), (839, 806), (836, 807), (836, 809), (828, 811)],
    '89': [(814, 847), (818, 846), (819, 848), (821, 847), (823, 847), (822, 844), (820, 841), (815, 828), (804, 833)],
    '90': [(1226, 1803), (1201, 1831), (1204, 1834), (1215, 1843), (1240, 1815)],
    '91': [(1054, 449), (1056, 456), (1062, 454), (1062, 456), (1069, 454), (1068, 451), (1073, 449), (1071, 443), (1065, 445), (1064, 442), (1059, 444), (1060, 447)],
    '92': [(1100, 425), (1107, 445), (1111, 444), (1111, 443), (1118, 440), (1111, 421)],
    '93': [(1168, 320), (1154, 326), (1163, 353), (1171, 350), (1170, 347), (1177, 344)],
    '94': [(1131, 371), (1125, 374), (1124, 372), (1122, 373), (1114, 352), (1112, 352), (1110, 344), (1120, 341), (1121, 346), (1130, 369)],
    '95': [(1149, 335), (1146, 336), (1146, 337), (1121, 346), (1120, 341), (1119, 338), (1143, 330), (1143, 332), (1147, 330)],
    '96': [(1130, 369), (1135, 368), (1134, 366), (1159, 358), (1161, 363), (1162, 365), (1137, 374), (1136, 372), (1132, 373), (1131, 371)],
    '97': [(1131, 371), (1125, 374), (1125, 375), (1124, 376), (1133, 402), (1137, 400), (1141, 399), (1132, 373)],
    '98': [(1106, 334), (1110, 344), (1120, 341), (1119, 338), (1116, 330)],
    '99': [(1173, 350), (1175, 349), (1175, 350), (1175, 349), (1175, 349), (1176, 348), (1176, 348), (1177, 349), (1179, 348), (1178, 348), (1179, 347), (1179, 347), (1179, 345), (1184, 343), (1184, 345), (1185, 345), (1186, 345), (1186, 345), (1188, 345), (1187, 344), (1188, 343), (1189, 344), (1189, 344), (1191, 344), (1191, 343), (1191, 342), (1192, 343), (1192, 343), (1193, 343), (1197, 354), (1195, 355), (1195, 354), (1185, 358), (1185, 358), (1180, 360), (1180, 360), (1179, 360), (1177, 356), (1176, 357), (1175, 355), (1177, 355), (1175, 351), (1174, 351)],
    '100': [(1146, 328), (1147, 330), (1149, 335), (1156, 355), (1158, 355), (1159, 358), (1161, 363), (1163, 362), (1160, 354), (1163, 353), (1154, 326)],
    '101': [(1197, 348), (1199, 355), (1214, 353), (1215, 357), (1213, 358), (1216, 364), (1205, 368), (1207, 374), (1216, 371), (1215, 367), (1217, 367), (1221, 366), (1225, 364), (1222, 356), (1222, 355), (1219, 355), (1218, 352), (1219, 352), (1218, 345)],
    '102': [(1173, 404), (1174, 403), (1179, 415), (1178, 416), (1178, 417), (1177, 417), (1169, 420), (1165, 421), (1165, 419), (1163, 419), (1162, 419), (1160, 418), (1159, 417), (1159, 415), (1159, 413), (1160, 411), (1161, 410), (1160, 407), (1163, 406), (1163, 407), (1171, 404), (1170, 403), (1173, 402)],
    '103': [(1239, 392), (1238, 392), (1240, 397), (1245, 395), (1244, 392), (1243, 392), (1242, 391), (1241, 391), (1241, 389), (1238, 390)],
    '104': [(1233, 392), (1233, 393), (1234, 393), (1235, 396), (1234, 396), (1236, 399), (1232, 401), (1231, 397), (1230, 398), (1228, 394)],
    '105': [(1262, 384), (1259, 386), (1262, 390), (1269, 386), (1259, 370), (1255, 372), (1255, 373), (1242, 378), (1248, 394), (1254, 392), (1252, 387), (1251, 388), (1251, 387), (1251, 387), (1249, 381), (1254, 380), (1258, 378)],
    '106': [(828, 439), (828, 438), (830, 437), (831, 439), (832, 439), (834, 439), (835, 437), (833, 433), (831, 432), (830, 433), (829, 434), (830, 435), (827, 436), (827, 435), (823, 433), (819, 434), (816, 439), (814, 439), (813, 438), (811, 439), (811, 441), (812, 445), (813, 446), (815, 445), (816, 444), (815, 443), (818, 442), (818, 443), (822, 444), (826, 443)],
    '107': [(809, 417), (812, 425), (806, 427), (805, 423), (804, 423), (803, 421), (804, 421), (804, 418)],
    '108': [(748, 436), (751, 441), (752, 441), (754, 446), (757, 445), (755, 440), (759, 438), (759, 436), (759, 435), (759, 433), (757, 432), (756, 433), (755, 432), (753, 432), (751, 433), (751, 435)],
    '109': [(763, 453), (764, 456), (765, 455), (766, 459), (765, 459), (766, 462), (761, 464), (758, 454)],
    '110': [(818, 412), (821, 422), (828, 420), (827, 418), (829, 417), (826, 411), (825, 411), (825, 409)],
    '111': [(776, 486), (782, 502), (777, 504), (776, 503), (771, 505), (771, 504), (769, 505), (764, 492), (766, 491), (766, 489), (771, 488), (771, 488)],
    '112': [(751, 455), (751, 456), (752, 457), (751, 458), (751, 458), (750, 458), (749, 457), (749, 456), (750, 455)],
    '113': [(683, 482), (684, 487), (672, 492), (673, 493), (662, 497), (662, 497), (661, 497), (659, 493), (663, 492), (662, 490), (667, 488)],
    '114': [(684, 468), (685, 467), (687, 471), (683, 472), (688, 483), (691, 481), (693, 485), (690, 486), (690, 487), (685, 489), (684, 487), (683, 482), (678, 470), (661, 477), (661, 476), (659, 476), (665, 487), (666, 486), (667, 487), (667, 488), (662, 490), (662, 489), (662, 488), (661, 489), (652, 474), (657, 471), (663, 469), (662, 465), (650, 470), (649, 469), (646, 471), (644, 468), (648, 466), (648, 465), (668, 457), (669, 459), (670, 458), (670, 458), (673, 457), (672, 454), (676, 452), (677, 454), (680, 453), (681, 455), (682, 457), (680, 458)],
    '115': [(691, 480), (691, 481), (693, 485), (694, 485), (697, 484), (697, 483), (714, 477), (714, 477), (719, 475), (718, 473), (719, 473), (718, 470), (717, 470), (712, 459), (708, 447), (709, 447), (708, 443), (707, 444), (706, 441), (701, 443), (701, 444), (681, 452), (680, 453), (681, 455), (682, 457), (683, 457), (703, 449), (707, 461), (712, 472), (692, 480)],
    '116': [(931, 594), (949, 582), (947, 578), (948, 577), (948, 575), (946, 576), (943, 572), (924, 583)],
    '117': [(864, 598), (865, 601), (865, 601), (865, 604), (866, 604), (870, 615), (869, 615), (870, 618), (870, 619), (871, 619), (871, 620), (872, 619), (873, 622), (874, 621), (874, 622), (877, 621), (877, 620), (878, 620), (877, 617), (877, 617), (876, 614), (876, 614), (871, 602), (872, 602), (871, 598), (870, 599), (869, 596)],
    '118': [(873, 595), (873, 597), (873, 597), (873, 598), (874, 601), (875, 600), (875, 600), (876, 600), (877, 600), (877, 600), (878, 599), (886, 597), (886, 597), (887, 597), (887, 596), (888, 596), (890, 601), (892, 609), (884, 612), (878, 613), (880, 617), (880, 617), (881, 620), (884, 619), (883, 617), (895, 613), (895, 613), (896, 613), (897, 613), (898, 613), (898, 612), (898, 612), (898, 611), (899, 611), (897, 607), (897, 607), (893, 594), (893, 594), (893, 594), (893, 594), (892, 590), (892, 590), (891, 590), (876, 595), (876, 593)],
    '119': [(871, 631), (866, 633), (866, 632), (862, 623), (859, 624), (857, 619), (860, 618), (860, 618), (862, 618), (862, 617), (863, 617), (863, 617), (869, 615), (870, 618), (869, 619), (869, 619), (868, 620), (868, 620), (867, 620), (867, 619), (865, 620), (866, 621), (867, 621), (868, 624), (869, 624), (869, 626), (869, 626), (871, 630)],
    '120': [(870, 636), (871, 638), (872, 637), (873, 638), (875, 641), (875, 641), (876, 643), (876, 643), (880, 650), (881, 650), (881, 651), (881, 651), (882, 653), (883, 653), (883, 653), (884, 653), (886, 653), (887, 656), (887, 658), (884, 659), (884, 659), (881, 661), (880, 659), (879, 659), (878, 658), (878, 657), (868, 640), (867, 640), (865, 641), (865, 642), (864, 642), (863, 642), (863, 642), (862, 641), (862, 641), (861, 640), (861, 639), (860, 638), (866, 635), (866, 633), (871, 631), (872, 631), (872, 631), (873, 633), (873, 633), (873, 634)],
    '121': [(885, 620), (886, 623), (887, 622), (888, 627), (889, 627), (889, 628), (889, 628), (891, 631), (897, 628), (907, 622), (908, 625), (906, 626), (907, 628), (890, 638), (890, 638), (889, 638), (888, 636), (887, 635), (887, 635), (887, 634), (886, 634), (886, 634), (885, 633), (882, 624), (882, 624), (882, 622)],
    '122': [(909, 612), (910, 614), (912, 613), (914, 619), (911, 620), (912, 620), (910, 621), (910, 620), (908, 621), (906, 615), (907, 615), (907, 612)],
    '123': [(968, 631), (971, 635), (971, 636), (959, 643), (954, 645), (952, 641), (957, 638), (957, 637), (957, 637), (958, 637), (958, 637), (960, 636), (962, 635), (962, 634), (963, 634), (963, 634)],
    '124': [(908, 669), (910, 671), (913, 672), (914, 674), (916, 673), (917, 674), (920, 680), (922, 682), (918, 685), (917, 685), (917, 686), (917, 686), (917, 687), (916, 687), (915, 687), (914, 687), (913, 687), (910, 682), (902, 669), (902, 667), (903, 666), (904, 666), (905, 667), (906, 667), (907, 668)],
    '125': [(958, 591), (960, 593), (961, 593), (964, 598), (963, 599), (965, 602), (964, 602), (967, 607), (966, 608), (967, 608), (967, 609), (966, 609), (966, 609), (965, 609), (964, 609), (964, 609), (961, 604), (950, 611), (953, 615), (953, 616), (953, 617), (953, 617), (952, 618), (952, 618), (951, 618), (950, 617), (949, 617), (947, 613), (946, 613), (945, 612), (945, 613), (944, 613), (943, 613), (942, 612), (942, 611), (943, 610), (943, 610), (943, 608), (944, 607), (945, 608), (950, 604), (948, 601), (951, 599), (953, 602), (958, 599), (956, 596), (957, 595), (955, 593)],
    '126': [(1041, 649), (1045, 661), (1028, 667), (1028, 668), (1031, 676), (1029, 676), (1026, 668), (1006, 675), (1005, 672), (1003, 671), (1002, 670), (1002, 668), (1002, 667), (1003, 667), (1002, 663), (1016, 658), (1017, 657)],
    '127': [(963, 721), (964, 724), (968, 720), (974, 716), (980, 711), (985, 708), (992, 704), (999, 701), (1005, 699), (1003, 697), (1005, 696), (1002, 691), (1001, 690), (1000, 691), (999, 690), (999, 689), (1001, 689), (993, 675), (991, 676), (990, 675), (992, 674), (990, 671), (989, 671), (988, 667), (970, 674), (967, 674), (969, 677), (970, 680), (980, 677), (980, 678), (985, 675), (990, 682), (988, 683), (989, 685), (991, 684), (995, 691), (997, 694), (993, 696), (993, 695), (991, 696), (992, 697), (983, 702), (983, 701), (982, 702), (982, 702), (981, 702), (981, 703), (979, 705), (978, 704), (977, 705), (977, 706), (959, 717), (960, 719), (961, 719), (961, 720), (960, 720), (962, 722)],
    '128': [(1023, 572), (1022, 571), (1021, 569), (1023, 568), (1022, 567), (1023, 564), (1025, 565), (1026, 566), (1030, 563), (1030, 561), (1035, 558), (1040, 567), (1041, 569), (1043, 570), (1041, 573), (1038, 571), (1034, 571), (1035, 572), (1028, 576), (1026, 578), (1024, 579), (1021, 578), (1021, 575)],
    '129': [(959, 725), (959, 725), (959, 726), (959, 725), (961, 727), (959, 728), (959, 728), (959, 729), (958, 729), (958, 730), (958, 730), (957, 730), (957, 730), (957, 731), (956, 731), (956, 731), (956, 732), (955, 732), (955, 732), (955, 733), (954, 733), (954, 734), (953, 734), (951, 737), (951, 737), (951, 737), (951, 738), (950, 738), (950, 739), (950, 739), (949, 740), (949, 740), (949, 741), (948, 741), (948, 741), (948, 742), (948, 742), (947, 743), (947, 743), (947, 744), (947, 744), (947, 745), (946, 745), (946, 745), (945, 746), (945, 745), (944, 745), (942, 744), (942, 743), (941, 742), (938, 742), (937, 743), (937, 744), (936, 744), (931, 747), (931, 747), (932, 747), (931, 749), (931, 750), (930, 750), (930, 751), (933, 758), (935, 758), (935, 757), (938, 758), (938, 759), (939, 759), (939, 760), (939, 761), (938, 761), (938, 761), (938, 762), (938, 763), (938, 763), (938, 764), (938, 764), (937, 764), (938, 765), (937, 766), (937, 766), (937, 767), (937, 767), (937, 767), (937, 768), (936, 769), (936, 769), (937, 770), (936, 770), (936, 771), (936, 771), (936, 772), (935, 773), (935, 772), (934, 774), (931, 773), (931, 771), (929, 771), (931, 762), (931, 761), (929, 762), (928, 759), (926, 754), (924, 750), (923, 749), (923, 748), (922, 747), (923, 746), (923, 744), (924, 745), (925, 744), (926, 743), (926, 743), (926, 743), (933, 739), (933, 738), (934, 738), (936, 737), (936, 738), (937, 737), (937, 736), (938, 735), (940, 735), (941, 735), (943, 736), (943, 737), (943, 737), (946, 733), (952, 726), (952, 726), (952, 726), (951, 726), (951, 725), (951, 724), (955, 722)],
    '130': [(869, 714), (867, 710), (869, 709), (868, 707), (870, 706), (870, 704), (870, 702), (868, 702), (867, 702), (865, 697), (862, 698), (861, 697), (855, 699), (854, 699), (855, 702), (852, 703), (852, 704), (839, 708), (835, 694), (833, 687), (827, 688), (831, 703), (831, 703), (831, 704), (832, 704), (834, 711), (833, 712), (833, 713), (832, 713), (831, 714), (829, 714), (830, 716), (824, 718), (825, 722), (828, 721), (829, 723), (829, 724), (826, 725), (828, 729), (829, 729), (834, 741), (833, 741), (835, 746), (836, 748), (837, 747), (838, 751), (846, 748), (846, 749), (863, 742), (863, 743), (867, 741), (867, 741), (871, 739), (873, 743), (889, 736), (888, 735), (891, 733), (889, 728), (885, 730), (886, 731), (885, 732), (883, 733), (882, 733), (881, 733), (881, 733), (876, 736), (875, 731), (874, 731), (871, 724), (866, 726), (869, 733), (856, 739), (855, 738), (854, 739), (854, 739), (844, 743), (844, 742), (841, 743), (835, 727), (835, 726), (833, 721), (832, 719), (834, 719), (836, 718), (836, 717), (859, 710), (862, 717)],
    '131': [(916, 699), (919, 704), (930, 697), (930, 698), (938, 710), (940, 709), (941, 711), (943, 714), (929, 723), (931, 728), (951, 716), (943, 703), (941, 704), (936, 695), (932, 690)],
    '132': [(969, 701), (974, 698), (967, 685), (966, 686), (962, 676), (942, 684), (946, 694), (944, 694), (952, 707), (957, 705), (950, 693), (952, 692), (950, 687), (959, 684), (961, 689), (962, 689)],
    '133': [(827, 680), (827, 682), (827, 682), (827, 683), (828, 684), (828, 686), (850, 679), (849, 673)],
    '134': [(1839, 1914), (1857, 1931), (1846, 1943), (1840, 1937), (1806, 1973), (1798, 1966), (1791, 1973), (1781, 1964), (1786, 1958), (1790, 1957), (1795, 1962)],
    '135': [(666, 644), (671, 641), (674, 646), (673, 646), (675, 648), (676, 648), (677, 649), (672, 652), (670, 648), (669, 649)],
    '136': [(892, 1218), (912, 1234), (907, 1240), (887, 1225)],
    '137': [(900, 1243), (906, 1247), (905, 1249), (904, 1249), (903, 1250), (904, 1251), (901, 1255), (901, 1254), (899, 1256), (900, 1256), (899, 1258), (893, 1254), (895, 1251), (894, 1251), (896, 1249), (897, 1250), (898, 1249), (896, 1248), (897, 1246), (898, 1247), (899, 1245), (899, 1245)],
    '138': [(879, 1226), (885, 1231), (869, 1251), (863, 1247)],
    '139': [(889, 1260), (896, 1264), (895, 1265), (894, 1265), (893, 1267), (894, 1267), (893, 1270), (892, 1272), (891, 1271), (890, 1273), (891, 1273), (889, 1277), (889, 1277), (888, 1278), (889, 1278), (888, 1281), (886, 1283), (886, 1283), (885, 1284), (885, 1284), (884, 1286), (878, 1283), (879, 1281), (879, 1281), (880, 1280), (879, 1280), (882, 1275), (882, 1275), (883, 1274), (883, 1273), (884, 1270), (885, 1270), (886, 1269), (885, 1268), (887, 1264), (888, 1264), (889, 1263), (888, 1262)],
    '140': [(864, 1256), (866, 1257), (866, 1257), (868, 1258), (867, 1258), (869, 1259), (869, 1259), (872, 1262), (872, 1262), (873, 1263), (874, 1263), (875, 1264), (874, 1266), (876, 1268), (874, 1271), (872, 1269), (870, 1270), (869, 1269), (869, 1269), (868, 1268), (867, 1268), (864, 1266), (864, 1265), (863, 1264), (863, 1264), (861, 1263), (863, 1261), (862, 1260)],
    '141': [(853, 1263), (859, 1267), (857, 1269), (857, 1268), (856, 1270), (857, 1270), (855, 1272), (854, 1271), (853, 1271), (855, 1272), (853, 1274), (853, 1274), (851, 1275), (852, 1275), (851, 1277), (845, 1273), (846, 1271), (847, 1271), (848, 1270), (847, 1269), (850, 1265), (851, 1266), (852, 1264), (852, 1264)],
    '142': [(847, 1281), (867, 1295), (863, 1301), (843, 1287)],
    '143': [(877, 1304), (883, 1309), (880, 1313), (874, 1320), (871, 1324), (865, 1320)],
    '144': [(890, 1305), (901, 1307), (900, 1313), (889, 1312)],
    '145': [(911, 1306), (915, 1305), (915, 1305), (918, 1304), (920, 1312), (919, 1312), (920, 1316), (917, 1317), (917, 1316), (913, 1317), (912, 1312), (913, 1312), (912, 1311)],
    '146': [(871, 1333), (873, 1331), (874, 1331), (876, 1329), (880, 1332), (880, 1332), (885, 1336), (882, 1339), (882, 1339), (879, 1341), (875, 1338), (876, 1337)],
    '147': [(882, 1347), (884, 1344), (884, 1345), (887, 1342), (891, 1346), (890, 1346), (895, 1350), (892, 1353), (891, 1353), (889, 1355), (886, 1352), (886, 1351)],
    '148': [(914, 1322), (911, 1326), (911, 1327), (910, 1328), (910, 1328), (909, 1328), (907, 1330), (908, 1331), (905, 1334), (903, 1333), (901, 1335), (905, 1339), (904, 1339), (905, 1341), (908, 1338), (907, 1338), (909, 1336), (910, 1337), (912, 1334), (911, 1334), (914, 1330), (914, 1331), (914, 1332), (915, 1332), (915, 1332), (919, 1328), (916, 1326), (917, 1325)],
    '149': [(914, 1345), (917, 1348), (918, 1347), (921, 1349), (919, 1352), (919, 1353), (917, 1356), (918, 1357), (915, 1360), (914, 1359), (912, 1361), (909, 1359), (908, 1360), (905, 1358), (908, 1355), (906, 1354), (909, 1351), (908, 1351), (911, 1348), (912, 1348)],
    '150': [(772, 1307), (775, 1305), (777, 1307), (785, 1301), (785, 1302), (788, 1306), (794, 1301), (792, 1298), (791, 1297), (799, 1292), (798, 1290), (805, 1285), (801, 1279), (797, 1281), (796, 1279), (793, 1281), (792, 1280), (787, 1284), (788, 1284), (784, 1287), (783, 1286), (777, 1291), (778, 1291), (775, 1293), (774, 1293), (769, 1296), (771, 1300), (768, 1302)],
    '151': [(719, 789), (715, 782), (700, 792), (697, 793), (691, 803), (695, 805), (695, 807), (707, 813), (708, 817), (705, 820), (733, 868), (760, 853), (751, 840), (749, 841), (750, 842), (748, 843), (749, 845), (748, 845), (750, 849), (751, 848), (752, 850), (753, 849), (754, 850), (733, 862), (732, 860), (734, 858), (730, 852), (732, 850), (733, 851), (736, 849), (736, 848), (740, 846), (741, 847), (744, 845), (743, 844), (745, 843), (744, 841), (745, 841), (743, 838), (729, 846), (727, 842), (732, 839), (731, 838), (734, 836), (733, 835), (736, 834), (735, 833), (738, 831), (736, 829), (734, 830), (732, 826), (730, 826), (729, 826), (727, 825), (725, 824), (723, 826), (719, 820), (717, 816), (715, 813), (714, 814), (711, 809), (698, 802), (703, 799)],
    '152': [(1156, 947), (1168, 954), (1160, 966), (1162, 967), (1159, 973), (1151, 969), (1143, 982), (1146, 983), (1142, 989), (1132, 982), (1135, 977), (1137, 978)],
    '153': [(1161, 984), (1156, 981), (1158, 978), (1163, 980)],
    '154': [(942, 1041), (963, 1076), (979, 1067), (958, 1032)],
    '155': [(982, 1056), (969, 1035), (965, 1016), (959, 1017), (939, 1035), (943, 1038), (961, 1022), (964, 1036), (978, 1058)],
    '156': [(984, 1061), (991, 1074), (998, 1088), (993, 1090), (992, 1088), (989, 1089), (982, 1073), (968, 1082), (966, 1077), (982, 1067), (980, 1064)],
    '157': [(1050, 1074), (1068, 1075), (1068, 1071), (1071, 1071), (1072, 1066), (1047, 1065), (1047, 1067), (1047, 1069), (1031, 1067), (1030, 1071), (1033, 1072), (1032, 1077), (1047, 1078), (1050, 1079)],
    '158': [(1029, 1071), (1017, 1070), (1011, 1070), (1011, 1074), (1013, 1074), (1012, 1079), (1027, 1080), (1028, 1075), (1029, 1075)],
    '159': [(1052, 1101), (1069, 1106), (1071, 1101), (1073, 1102), (1074, 1098), (1050, 1091), (1049, 1096), (1035, 1091), (1033, 1096), (1036, 1097), (1034, 1101), (1050, 1106)],
    '160': [(1025, 1091), (1012, 1090), (1011, 1098), (1025, 1099)],
    '161': [(1007, 1126), (1004, 1128), (1005, 1130), (1003, 1132), (1003, 1133), (1002, 1134), (1011, 1147), (1015, 1144), (1026, 1158), (1030, 1155), (1032, 1157), (1035, 1155), (1020, 1135), (1016, 1138)],
    '162': [(1048, 1124), (1032, 1140), (1035, 1143), (1035, 1143), (1037, 1146), (1054, 1129), (1052, 1126), (1051, 1127)],
    '163': [(1087, 1036), (1086, 1040), (1083, 1040), (1082, 1044), (1060, 1040), (1060, 1035), (1044, 1032), (1045, 1026), (1044, 1026), (1045, 1022), (1067, 1026), (1066, 1031)],
    '164': [(1029, 1036), (1029, 1053), (1024, 1053), (1025, 1050), (1021, 1050), (1021, 1036), (1025, 1037), (1025, 1035)],
    '165': [(959, 1114), (945, 1122), (952, 1134), (963, 1128), (961, 1125), (965, 1124)],
    '166': [(995, 1174), (1007, 1193), (1003, 1196), (997, 1187), (994, 1189), (987, 1179)],
    '167': [(926, 1096), (934, 1110), (953, 1099), (951, 1096), (939, 1103), (932, 1092)],
    '168': [(938, 1073), (919, 1085), (922, 1088), (940, 1077)],
    '169': [(909, 1065), (911, 1068), (917, 1063), (916, 1060)],
    '170': [(585, 431), (588, 440), (586, 441), (588, 447), (587, 448), (588, 449), (585, 450), (584, 449), (582, 450), (579, 444), (578, 444), (577, 441), (578, 440), (577, 438), (580, 437), (579, 433)],
    '171': [(579, 399), (583, 408), (587, 406), (585, 402), (583, 402), (581, 398)],
    '172': [(572, 392), (575, 399), (578, 397), (577, 396), (578, 395), (577, 392), (575, 392), (574, 391)],
    '173': [(632, 375), (630, 369), (612, 376), (613, 378), (611, 379), (611, 380), (614, 380), (614, 381)],
    '174': [(640, 402), (636, 389), (630, 391), (631, 395), (628, 396), (626, 389), (620, 391), (624, 404), (631, 401), (630, 399), (633, 398), (635, 404)],
    '175': [(816, 383), (799, 389), (792, 368), (798, 366), (799, 368), (809, 364), (809, 365)],
    '176': [(857, 345), (859, 345), (859, 344), (859, 343), (860, 342), (861, 341), (862, 341), (864, 341), (865, 342), (865, 342), (867, 342), (873, 359), (869, 361), (868, 358), (867, 358), (866, 357), (864, 358), (863, 359)],
    '177': [(863, 359), (860, 360), (862, 366), (868, 364), (867, 359), (865, 360), (864, 358)],
    '178': [(963, 324), (974, 320), (974, 320), (969, 308), (969, 307), (964, 309), (963, 307), (962, 307), (963, 309), (958, 311), (960, 315)],
    '179': [(1009, 319), (1017, 335), (1013, 337), (1009, 326), (1008, 327), (1005, 321), (1005, 320)],
    '180': [(1002, 322), (1005, 321), (1008, 327), (1008, 328), (1005, 330)],
    '181': [(1053, 302), (1057, 314), (1058, 316), (1064, 314), (1059, 303), (1058, 303), (1057, 301)],
    '182': [(1074, 336), (1077, 343), (1082, 341), (1078, 334)],
    '183': [(1076, 322), (1079, 329), (1080, 329), (1081, 331), (1080, 331), (1083, 336), (1086, 334), (1086, 333), (1088, 333), (1086, 329), (1086, 329), (1085, 328), (1086, 327), (1083, 319)],
    '184': [(1448, 319), (1450, 324), (1449, 324), (1449, 325), (1447, 326), (1446, 325), (1412, 337), (1413, 338), (1411, 339), (1410, 338), (1409, 338), (1407, 333)],
    '185': [(1161, 422), (1155, 406), (1173, 399), (1171, 394), (1169, 394), (1168, 391), (1163, 393), (1163, 392), (1169, 389), (1167, 382), (1171, 380), (1166, 367), (1138, 377), (1141, 384), (1151, 381), (1153, 387), (1154, 386), (1157, 394), (1160, 393), (1160, 394), (1149, 398), (1149, 400), (1149, 400), (1147, 401), (1149, 406), (1143, 408), (1146, 416), (1151, 414), (1155, 424)],
    '186': [(1152, 424), (1154, 431), (1142, 435), (1142, 434), (1140, 428)],
    '187': [(919, 383), (922, 389), (917, 392), (919, 395), (929, 389), (930, 391), (939, 385), (938, 384), (942, 381), (950, 394), (937, 402), (939, 405), (921, 415), (919, 411), (920, 410), (910, 393), (908, 394), (906, 390)],
    '188': [(895, 374), (904, 388), (917, 380), (908, 366)],
    '189': [(991, 335), (992, 336), (1000, 354), (980, 363), (977, 355), (972, 357), (975, 363), (966, 367), (961, 357), (959, 358), (956, 351), (968, 345), (970, 350), (974, 348), (973, 346), (972, 343), (976, 341), (977, 343), (984, 339), (988, 338), (988, 337)],
    '190': [(915, 360), (917, 365), (912, 368), (910, 363)],
    '191': [(922, 357), (925, 364), (920, 366), (918, 362), (919, 361), (918, 358)],
    '192': [(923, 356), (925, 360), (930, 358), (928, 353)],
    '193': [(930, 353), (933, 360), (939, 357), (935, 350)],
    '194': [(947, 345), (952, 354), (942, 359), (940, 356), (944, 354), (942, 350), (940, 351), (938, 349)],
    '195': [(919, 370), (922, 376), (925, 375), (923, 369)],
    '196': [(925, 368), (930, 365), (933, 372), (929, 374), (928, 371), (926, 372)],
    '197': [(933, 367), (935, 371), (939, 369), (937, 364)],
    '198': [(944, 360), (940, 362), (941, 366), (946, 364)],
    '199': [(618, 481), (624, 478), (628, 486), (626, 487), (628, 490), (625, 492)],
    '200': [(634, 500), (644, 493), (646, 496), (645, 497), (646, 499), (642, 502), (640, 500), (635, 503)],
    '201': [(646, 518), (655, 512), (659, 518), (648, 525), (646, 522), (648, 521)],
    '202': [(653, 526), (656, 532), (662, 528), (659, 523)],
    '203': [(639, 553), (644, 550), (647, 555), (642, 558)],
    '204': [(654, 556), (658, 562), (652, 565), (649, 559)],
    '205': [(642, 571), (648, 568), (644, 561), (638, 564)],
    '206': [(624, 572), (628, 579), (632, 577), (634, 576), (631, 569)],
    '207': [(625, 583), (628, 588), (632, 586), (629, 581)],
    '208': [(656, 576), (635, 588), (639, 594), (660, 582)],
    '209': [(989, 519), (991, 526), (1005, 520), (1003, 514)],
    '210': [(812, 817), (799, 821), (800, 825), (813, 821)],
    '211': [(818, 1448), (820, 1449), (822, 1447), (823, 1448), (826, 1444), (825, 1444), (828, 1440), (827, 1439), (826, 1440), (825, 1439), (821, 1444)],
    '212': [(756, 798), (756, 795), (757, 793), (759, 791), (761, 790), (764, 790), (766, 790), (769, 791), (770, 793), (772, 795), (772, 797), (772, 800), (771, 802), (765, 806), (764, 805), (764, 804), (762, 806), (760, 804), (758, 803), (756, 800)],
    '213': [(769, 784), (772, 790), (771, 790), (769, 791), (770, 793), (772, 795), (774, 793), (784, 788), (783, 786), (786, 783), (781, 778), (780, 780), (779, 779)],
    '214': [(772, 819), (782, 812), (774, 799), (771, 802), (765, 806), (762, 809), (768, 815)],
    '215': [(1021, 1028), (1021, 1033), (1042, 1031), (1042, 1026)],
    '216': [(850, 947), (850, 947), (852, 951), (853, 952), (856, 950), (859, 954), (863, 951), (857, 942)],
    '217': [(843, 956), (852, 951), (850, 947), (841, 952)],
    '218': [(872, 1005), (877, 1002), (874, 996), (869, 999)],
    '219': [(780, 716), (783, 727), (779, 728), (776, 717)],
    '220': [(501, 954), (500, 951), (496, 953), (496, 952), (493, 954), (493, 955), (490, 956), (491, 957), (490, 958), (491, 960), (492, 959), (493, 960), (499, 956), (499, 956)],
    '221': [(525, 928), (521, 929), (521, 928), (518, 929), (519, 931), (521, 930), (522, 934), (524, 934), (525, 937), (529, 935), (529, 936), (531, 935), (531, 934), (536, 932), (535, 932), (537, 931), (536, 927), (527, 930), (527, 929), (525, 929)],
    '222': [(504, 924), (505, 927), (501, 929), (499, 926)],
    '223': [(816, 383), (822, 381), (815, 363), (809, 365)],
    '224': [(1241, 358), (1247, 354), (1249, 358), (1244, 361)],
    '225': [(1238, 351), (1242, 348), (1245, 353), (1240, 355)],
    '226': [(1237, 349), (1235, 345), (1239, 342), (1241, 346)],
    '227': [(1226, 329), (1224, 324), (1228, 322), (1230, 326)],
    '228': [(1221, 323), (1219, 320), (1225, 316), (1227, 320)],
    '229': [(1219, 318), (1217, 316), (1222, 314), (1223, 316)],
    '230': [(1216, 310), (1220, 308), (1222, 311), (1218, 313)],
    '231': [(1212, 305), (1217, 302), (1219, 307), (1215, 309)],
    '232': [(1199, 286), (1206, 282), (1208, 286), (1201, 289)],
    '233': [(1585, 554), (1586, 557), (1586, 557), (1588, 561), (1585, 562), (1582, 558), (1582, 558), (1581, 556)],
    '234': [(1482, 397), (1489, 393), (1491, 397), (1484, 401)],
    '235': [(1252, 422), (1258, 420), (1260, 426), (1254, 428)],
    '236': [(1600, 638), (1595, 641), (1587, 627), (1592, 625)],
    '237': [(1611, 609), (1607, 611), (1606, 611), (1600, 614), (1601, 615), (1595, 618), (1594, 617), (1589, 621), (1589, 621), (1585, 624), (1582, 619), (1608, 604)],
    '238': [(1622, 628), (1617, 630), (1613, 624), (1614, 624), (1612, 621), (1612, 621), (1608, 615), (1613, 612), (1616, 618), (1617, 618), (1618, 621), (1618, 621)],
    '239': [(1601, 651), (1598, 646), (1602, 644), (1602, 645), (1608, 641), (1608, 640), (1614, 637), (1614, 638), (1620, 634), (1620, 634), (1624, 631), (1627, 636), (1613, 644)],
    '240': [(1210, 443), (1209, 440), (1206, 441), (1205, 439), (1201, 440), (1202, 442), (1199, 443), (1199, 445), (1195, 446), (1197, 451), (1208, 448), (1207, 445)],
    '241': [(964, 325), (959, 326), (956, 320), (950, 322), (949, 319), (960, 315)],
    '242': [(969, 308), (976, 305), (978, 309), (981, 317), (977, 318), (976, 319), (974, 320)],
    '243': [(1067, 305), (1070, 314), (1073, 322), (1068, 324), (1061, 307)],
    '244': [(1047, 306), (1051, 304), (1055, 314), (1051, 316)],
    '245': [(372, 600), (370, 596), (367, 598), (365, 592), (369, 590), (369, 589), (371, 588), (371, 588), (373, 587), (370, 579), (373, 578), (373, 579), (374, 578), (376, 584), (380, 582), (381, 584), (382, 583), (385, 592), (375, 596), (376, 598), (375, 598), (375, 599), (373, 600), (372, 599)],
    '246': [(790, 785), (798, 783), (803, 802), (803, 803), (795, 805)],
    '247': [(855, 957), (851, 959), (851, 959), (847, 961), (851, 968), (859, 963)],
    '248': [(863, 969), (857, 973), (866, 987), (872, 983), (869, 979), (873, 977), (877, 975), (873, 967), (868, 970), (865, 972)],
    '249': [(885, 989), (882, 991), (886, 997), (889, 995)],
    '250': [(890, 995), (882, 1000), (890, 1011), (891, 1011), (891, 1012), (897, 1008)],
    '251': [(900, 1014), (893, 1019), (895, 1023), (902, 1018)],
    '252': [(784, 747), (785, 751), (787, 760), (788, 760), (788, 760), (791, 759), (791, 759), (792, 758), (790, 749), (789, 749), (788, 746)],
    '253': [(790, 749), (790, 749), (794, 748), (794, 751), (798, 765), (794, 766), (792, 758)],
    '254': [(846, 1361), (837, 1352), (833, 1355), (843, 1365)],
    '255': [(835, 1343), (838, 1339), (838, 1339), (841, 1334), (842, 1335), (845, 1330), (849, 1334), (846, 1338), (846, 1338), (842, 1342), (843, 1343), (840, 1347)],
    '256': [(867, 1350), (864, 1355), (868, 1358), (872, 1354)],
    '257': [(849, 1360), (849, 1365), (850, 1365), (850, 1365), (851, 1365), (851, 1365), (856, 1365), (856, 1366), (858, 1366), (858, 1360), (856, 1360), (856, 1360)],
    '258': [(1625, 1777), (1616, 1786), (1634, 1804), (1636, 1802), (1643, 1809), (1640, 1813), (1630, 1803), (1625, 1808), (1628, 1811), (1628, 1811), (1631, 1813), (1630, 1814), (1633, 1817), (1635, 1815), (1637, 1816), (1638, 1815), (1644, 1822), (1649, 1818), (1645, 1813), (1649, 1810), (1650, 1809), (1647, 1806), (1651, 1803), (1627, 1778)],
    '259': [(752, 1344), (758, 1340), (766, 1353), (760, 1357)],
    '260': [(766, 1354), (771, 1350), (782, 1367), (776, 1370)],
    '261': [(762, 1361), (757, 1364), (769, 1384), (774, 1381)],
    '262': [(775, 1341), (777, 1342), (776, 1346), (774, 1346)],
    '263': [(768, 1300), (767, 1298), (768, 1297), (770, 1299)],
    '264': [(686, 688), (679, 676), (696, 666), (716, 660), (725, 657), (727, 661), (706, 667), (706, 668), (705, 668), (697, 670), (697, 671), (696, 671), (690, 675), (689, 675), (689, 675), (686, 677), (686, 677), (685, 677), (685, 678), (687, 681), (687, 681), (688, 682), (690, 686)],
    '265': [(1398, 560), (1413, 551), (1413, 553), (1415, 552), (1414, 551), (1420, 547), (1422, 550), (1427, 545), (1429, 548), (1427, 553), (1441, 547), (1445, 556), (1431, 562), (1423, 569), (1421, 563), (1423, 560), (1422, 559), (1408, 566), (1400, 564)],
    '266': [(537, 104), (541, 112), (541, 112), (544, 117), (542, 118), (549, 130), (545, 132), (543, 129), (544, 129), (539, 119), (539, 119), (537, 114), (538, 113), (534, 106)],
    '267': [(517, 107), (520, 106), (518, 103), (530, 98), (530, 100), (534, 98), (535, 103), (532, 105), (531, 102), (521, 106), (524, 114), (525, 113), (526, 116), (522, 118), (521, 116), (521, 116)],
    '268': [(511, 126), (514, 125), (514, 125), (522, 122), (522, 122), (525, 120), (527, 125), (513, 130)],
    '269': [(499, 110), (500, 111), (504, 109), (506, 112), (507, 112), (512, 121), (509, 123), (503, 114), (502, 115), (501, 114), (491, 120), (489, 116)],
    '270': [(474, 122), (485, 115), (487, 118), (478, 123), (485, 134), (489, 132), (491, 135), (486, 138), (486, 137), (483, 139), (474, 125), (476, 125)],
    '271': [(491, 134), (495, 132), (499, 139), (499, 138), (501, 141), (497, 143), (496, 142), (496, 142)],
    '272': [(485, 142), (486, 141), (487, 144), (486, 145)],
    '273': [(497, 146), (500, 151), (502, 151), (503, 153), (502, 153), (502, 154), (498, 156), (494, 149), (490, 151), (488, 147), (493, 144), (495, 147)],
    '274': [(509, 167), (508, 165), (505, 167), (501, 160), (505, 158), (507, 163), (517, 157), (514, 151), (517, 149), (516, 147), (524, 143), (526, 147), (518, 151), (522, 158), (519, 160), (519, 161)],
    '275': [(538, 157), (537, 155), (534, 157), (529, 149), (530, 148), (528, 144), (532, 142), (534, 147), (534, 147), (537, 153), (547, 148), (544, 142), (547, 140), (551, 148), (548, 150), (549, 152)],
    '276': [(558, 159), (561, 162), (556, 167), (553, 164)],
    '277': [(552, 183), (551, 180), (549, 180), (545, 169), (549, 167), (553, 178), (560, 176), (559, 173), (569, 169), (571, 173), (561, 177), (562, 180)],
    '278': [(552, 190), (564, 186), (564, 186), (574, 182), (575, 186), (571, 188), (571, 188), (565, 191), (565, 190), (554, 194)],
    '279': [(543, 195), (547, 193), (549, 199), (545, 200)],
    '280': [(546, 204), (548, 208), (547, 208), (545, 205)],
    '281': [(543, 206), (547, 211), (546, 211), (549, 217), (550, 216), (552, 220), (551, 220), (553, 222), (547, 225), (546, 224), (543, 226), (541, 222), (541, 222), (538, 216), (536, 217), (533, 213)],
    '282': [(575, 235), (574, 232), (572, 232), (570, 226), (574, 225), (576, 230), (585, 227), (584, 225), (588, 223), (589, 228), (586, 229), (587, 231)],
    '283': [(554, 243), (553, 239), (551, 240), (549, 234), (553, 232), (555, 238), (564, 235), (563, 232), (562, 233), (561, 230), (562, 230), (562, 229), (566, 228), (568, 234), (567, 234), (568, 238)],
    '284': [(463, 161), (467, 159), (467, 159), (475, 155), (475, 155), (479, 153), (480, 157), (477, 159), (477, 159), (465, 165)],
    '285': [(455, 153), (457, 157), (457, 157), (460, 162), (460, 161), (463, 166), (459, 168), (457, 164), (456, 164), (453, 159), (454, 159), (451, 155)],
    '286': [(473, 148), (474, 148), (476, 151), (474, 151)],
    '287': [(452, 132), (457, 130), (456, 129), (464, 126), (465, 129), (467, 129), (473, 143), (470, 144), (470, 146), (457, 151), (456, 148), (468, 142), (463, 131), (457, 134), (457, 134), (454, 136)],
    '288': [(426, 138), (436, 133), (437, 134), (444, 130), (445, 131), (448, 130), (450, 135), (447, 136), (446, 134), (438, 138), (438, 137), (428, 142)],
    '289': [(420, 138), (421, 137), (423, 140), (422, 141)],
    '290': [(421, 144), (424, 142), (428, 149), (429, 148), (432, 154), (429, 156), (426, 151), (425, 151)],
    '291': [(402, 145), (405, 143), (407, 146), (408, 146), (412, 152), (411, 153), (414, 157), (414, 157), (416, 160), (415, 160), (417, 163), (418, 163), (420, 167), (417, 169), (415, 166), (414, 167), (412, 162), (412, 162), (411, 160), (411, 161), (410, 160), (410, 160), (407, 154), (407, 154), (406, 152), (406, 152), (404, 148), (404, 149)],
    '292': [(419, 171), (424, 168), (424, 169), (434, 163), (432, 160), (436, 158), (438, 162), (435, 164), (437, 166), (426, 172), (425, 172), (421, 174)],
    '293': [(478, 181), (488, 175), (487, 173), (489, 171), (487, 169), (487, 169), (483, 164), (487, 161), (490, 166), (491, 166), (493, 169), (491, 171), (493, 175), (490, 177), (491, 178), (481, 184), (482, 185), (477, 188), (475, 185), (479, 182)],
    '294': [(435, 196), (433, 192), (435, 191), (434, 189), (444, 183), (445, 185), (449, 183), (453, 191), (454, 190), (457, 195), (464, 191), (463, 191), (468, 188), (470, 192), (466, 194), (466, 195), (458, 200), (456, 197), (454, 198), (451, 193), (450, 193), (446, 186), (436, 192), (438, 194)],
    '295': [(441, 200), (444, 205), (443, 206), (445, 210), (442, 212), (439, 208), (440, 207), (438, 203), (436, 203), (434, 199), (438, 197), (440, 201)],
    '296': [(483, 199), (489, 196), (488, 196), (496, 191), (496, 192), (501, 189), (502, 191), (505, 189), (510, 197), (506, 199), (503, 193), (498, 196), (497, 195), (490, 199), (491, 200), (486, 203)],
    '297': [(466, 227), (473, 223), (475, 226), (468, 231), (469, 232), (461, 237), (459, 234), (457, 235), (451, 225), (450, 226), (447, 221), (451, 219), (453, 223), (454, 223), (460, 233), (467, 229)],
    '298': [(469, 211), (470, 211), (469, 208), (477, 203), (479, 206), (473, 209), (479, 220), (486, 217), (488, 220), (481, 225), (480, 222), (476, 224)],
    '299': [(488, 215), (496, 211), (496, 210), (507, 204), (507, 205), (512, 202), (514, 206), (509, 209), (508, 208), (496, 215), (496, 216), (490, 219)],
    '300': [(510, 228), (513, 231), (508, 234), (508, 235), (497, 241), (497, 240), (493, 243), (496, 248), (492, 250), (491, 248), (491, 248), (490, 247), (490, 246), (489, 244), (490, 244), (489, 240), (492, 238), (491, 238), (493, 237), (493, 238), (495, 236), (496, 237), (497, 236), (497, 235), (498, 235), (498, 236), (500, 235), (499, 234), (501, 233), (501, 234), (503, 233), (503, 232), (503, 232), (504, 232), (505, 231), (505, 231), (507, 230), (507, 229), (510, 227), (510, 228)],
    '301': [(518, 223), (519, 225), (520, 225), (521, 227), (520, 227), (522, 230), (523, 230), (524, 232), (523, 232), (524, 234), (522, 235), (524, 238), (522, 239), (523, 240), (521, 241), (521, 240), (519, 241), (517, 238), (520, 236), (514, 225)],
    '302': [(524, 219), (525, 221), (522, 223), (521, 221)],
    '303': [(530, 235), (532, 234), (533, 235), (531, 237)],
    '304': [(518, 247), (519, 251), (518, 251), (516, 248)],
    '305': [(521, 248), (523, 247), (523, 247), (527, 245), (527, 246), (533, 244), (533, 243), (538, 241), (542, 252), (537, 254), (536, 253), (530, 255), (531, 255), (527, 257), (526, 254), (524, 255)],
    '306': [(498, 261), (502, 260), (503, 262), (515, 258), (514, 256), (518, 254), (520, 259), (516, 260), (517, 262), (504, 267), (502, 263), (499, 264)],
    '307': [(489, 271), (489, 272), (486, 274), (485, 273)],
    '308': [(481, 251), (484, 256), (482, 257), (485, 262), (486, 262), (488, 266), (485, 267), (486, 269), (480, 273), (479, 271), (479, 271), (477, 268), (477, 267), (474, 262), (473, 262), (470, 257)],
    '309': [(400, 125), (403, 130), (395, 135), (392, 130)],
    '310': [(557, 805), (559, 810), (548, 814), (546, 810)],
    '311': [(547, 781), (538, 793), (532, 789), (534, 786), (536, 787), (543, 777)],
    '312': [(556, 778), (553, 784), (554, 785), (555, 783), (563, 787), (563, 788), (566, 790), (569, 785), (566, 783), (565, 784), (558, 780), (558, 779)],
    '313': [(547, 769), (545, 772), (550, 776), (552, 773)],
    '314': [(631, 755), (636, 759), (630, 765), (630, 766), (627, 768), (627, 768), (622, 772), (624, 774), (618, 779), (613, 774), (615, 772), (614, 771), (619, 766)],
    '315': [(1019, 767), (1020, 769), (1026, 767), (1025, 765)],
    '316': [(939, 827), (940, 827), (940, 827), (940, 828), (939, 829), (939, 829), (938, 828), (938, 827)],
    '317': [(1014, 637), (1019, 634), (1015, 628), (1012, 630), (1011, 628), (1014, 626), (1012, 622), (1009, 624), (1008, 622), (1006, 623)],
    '318': [(995, 630), (998, 628), (1001, 633), (998, 635)],
    '319': [(1016, 614), (1011, 617), (1012, 619), (1010, 620), (1012, 622), (1014, 626), (1015, 628), (1019, 634), (1021, 637), (1030, 631), (1019, 614), (1017, 616)],
    '320': [(973, 618), (978, 626), (978, 626), (983, 623), (984, 625), (981, 627), (985, 633), (989, 639), (996, 635), (992, 628), (989, 622), (986, 624), (985, 622), (993, 617), (998, 625), (998, 625), (999, 627), (999, 628), (1000, 630), (1001, 630), (1006, 638), (1012, 635), (1011, 633), (1011, 631), (1011, 631), (1010, 630), (1009, 629), (1004, 621), (999, 613), (1006, 609), (1011, 617), (1016, 614), (1011, 606), (1015, 604), (1010, 596)],
    '321': [(1019, 634), (1021, 637), (1030, 631), (1031, 634), (1030, 635), (1030, 635), (1030, 636), (1030, 637), (1030, 637), (1030, 638), (1029, 639), (1028, 639), (1028, 640), (1027, 640), (1019, 642), (1005, 648), (1002, 642), (1012, 638), (1014, 637)],
    '322': [(932, 427), (935, 426), (934, 425), (944, 420), (944, 421), (944, 420), (947, 424), (945, 425), (947, 429), (954, 424), (954, 424), (955, 423), (955, 423), (951, 417), (958, 413), (964, 424), (965, 424), (976, 441), (975, 441), (975, 442), (969, 446), (965, 439), (956, 445), (958, 448), (960, 447), (963, 451), (951, 458), (949, 454), (953, 452), (952, 451), (950, 448), (950, 448), (950, 447), (949, 447), (949, 446), (949, 445), (946, 440), (943, 435), (942, 435), (941, 434), (941, 433), (941, 433), (941, 433), (940, 430), (940, 430), (939, 429), (937, 430), (937, 430), (935, 431)],
    '323': [(965, 424), (976, 441), (976, 443), (978, 442), (978, 442), (979, 443), (981, 441), (983, 440), (982, 438), (983, 437), (984, 438), (992, 433), (992, 433), (993, 433), (991, 431), (990, 431), (990, 430), (990, 430), (989, 428), (989, 428), (988, 427), (988, 427), (987, 425), (987, 425), (986, 424), (987, 424), (986, 422), (985, 423), (985, 422), (986, 421), (984, 420), (984, 420), (983, 419), (983, 419), (982, 417), (982, 418), (981, 416), (982, 416), (981, 415), (980, 415), (980, 413), (980, 413), (979, 412), (979, 412), (978, 411), (970, 416), (972, 419)],
    '324': [(713, 738), (720, 734), (722, 737), (715, 741)],
    '325': [(709, 730), (711, 728), (711, 729), (716, 726), (719, 731), (712, 735)],
    '326': [(706, 726), (708, 730), (709, 730), (711, 728), (713, 727), (712, 727), (716, 725), (714, 722)],
    '327': [(702, 720), (707, 717), (709, 719), (708, 720), (710, 722), (705, 725)],
    '328': [(696, 709), (703, 705), (705, 708), (698, 712)],
    '329': [(709, 700), (711, 702), (714, 700), (713, 698)],
    '330': [(1068, 604), (1068, 604), (1068, 604), (1072, 603), (1075, 603), (1078, 604), (1077, 606), (1074, 605), (1074, 607), (1069, 607), (1069, 606), (1069, 606), (1068, 607), (1066, 606)],
    '331': [(946, 791), (945, 794), (947, 795), (946, 797), (955, 801), (968, 800), (973, 813), (972, 815), (967, 815), (952, 821), (952, 823), (951, 823), (952, 826), (969, 821), (979, 821), (979, 812), (974, 797), (973, 797), (973, 795), (972, 795), (972, 793), (958, 794), (958, 795), (957, 795)],
    '332': [(1001, 781), (1002, 783), (984, 789), (986, 794), (998, 790), (1004, 788), (1003, 786), (1016, 781), (1018, 781), (1016, 776)],
    '333': [(998, 790), (1004, 788), (1007, 797), (1008, 801), (1013, 799), (1014, 801), (1026, 797), (1028, 802), (1016, 807), (1015, 805), (1007, 808), (1007, 809), (1001, 814), (996, 818), (992, 813), (1003, 804), (999, 791)],
    '334': [(954, 845), (970, 840), (985, 840), (985, 845), (982, 845), (982, 848), (986, 860), (981, 861), (977, 849), (977, 845), (972, 845), (956, 851)],
    '335': [(1574, 584), (1577, 582), (1579, 586), (1576, 588)],
    '336': [(1550, 598), (1553, 597), (1555, 599), (1552, 601)],
    '337': [(1264, 421), (1262, 422), (1263, 425), (1265, 425)],
    '338': [(1408, 530), (1415, 526), (1414, 523), (1414, 523), (1412, 520), (1412, 520), (1411, 519), (1405, 523)],
    '339': [(1414, 523), (1418, 521), (1416, 517), (1416, 517), (1414, 513), (1412, 509), (1411, 510), (1409, 506), (1405, 509), (1407, 512), (1407, 512), (1407, 512), (1411, 519), (1412, 520), (1412, 520), (1414, 523)],
    '340': [(1404, 506), (1401, 508), (1400, 507), (1387, 514), (1391, 522), (1405, 515), (1404, 514), (1407, 512), (1407, 512), (1407, 512), (1405, 509)],
    '341': [(1428, 680), (1393, 695), (1391, 690), (1372, 648), (1376, 646), (1394, 638), (1401, 635), (1406, 632), (1426, 675)],
    '342': [(826, 813), (838, 810), (839, 813), (843, 812), (865, 873), (850, 878)],
    '343': [(881, 907), (879, 903), (917, 890), (919, 894)],
    '344': [(884, 909), (886, 914), (917, 903), (915, 898)],
    '345': [(879, 921), (881, 926), (930, 909), (928, 903)],
    '346': [(883, 929), (885, 934), (929, 919), (927, 913)],
    '347': [(885, 938), (887, 943), (930, 928), (928, 923)],
    '348': [(890, 947), (891, 952), (936, 936), (934, 931)],
    '349': [(894, 954), (896, 960), (939, 945), (937, 940)],
    '350': [(899, 962), (901, 967), (942, 954), (940, 948)],
    '351': [(904, 970), (906, 976), (943, 962), (941, 957)],
    '352': [(908, 978), (910, 984), (947, 970), (945, 965)],
    '353': [(913, 986), (915, 991), (947, 980), (945, 974)],
    '354': [(917, 994), (919, 999), (950, 988), (948, 982)],
    '355': [(925, 1000), (927, 1006), (947, 998), (945, 993)],
    '356': [(946, 1041), (953, 1036), (956, 1041), (964, 1037), (980, 1062), (972, 1067), (975, 1072), (967, 1077)],
    '357': [(1155, 1777), (1160, 1772), (1197, 1806), (1192, 1811)],
    '358': [(1162, 1768), (1167, 1763), (1204, 1798), (1199, 1803)],
    '359': [(1168, 1761), (1173, 1756), (1210, 1791), (1206, 1796)],
    '360': [(1175, 1755), (1179, 1750), (1212, 1780), (1208, 1785)],
    '361': [(1172, 1741), (1177, 1745), (1150, 1774), (1145, 1770)],
    '362': [(959, 872), (960, 875), (962, 875), (963, 877), (976, 872), (987, 862), (986, 860), (981, 861), (972, 867)],
    '363': [(1466, 650), (1467, 649), (1470, 647), (1472, 647), (1474, 648), (1476, 649), (1477, 651), (1478, 653), (1477, 656), (1476, 657), (1474, 659), (1471, 659), (1469, 659), (1467, 657), (1466, 655), (1466, 653)],
    '364': [(1450, 660), (1452, 658), (1454, 657), (1456, 656), (1458, 657), (1460, 658), (1461, 660), (1462, 663), (1461, 665), (1460, 667), (1458, 668), (1455, 668), (1453, 668), (1451, 666), (1450, 664), (1450, 662)],
    '365': [(1413, 600), (1423, 594), (1455, 647), (1444, 653)],
    '366': [(696, 767), (697, 769), (701, 766), (703, 769), (695, 773), (693, 769), (692, 769), (688, 763), (693, 760), (696, 766)],
    '367': [(705, 772), (707, 771), (706, 770), (711, 767), (714, 774), (708, 777)],
    '368': [(1394, 638), (1392, 633), (1374, 641), (1376, 646)],
    '369': [(1035, 935), (1040, 943), (1035, 946), (1030, 938)],
    '370': [(1019, 923), (1017, 920), (1022, 917), (1024, 920)],
    '371': [(1033, 932), (1028, 935), (1021, 924), (1026, 921)],
    '372': [(1072, 935), (1064, 938), (1057, 917), (1064, 914)],
    '373': [(681, 723), (683, 722), (682, 720), (685, 718), (688, 724), (683, 727)],
    '374': [(672, 713), (679, 709), (681, 713), (674, 717)],
    '375': [(715, 709), (714, 706), (717, 704), (718, 707)],
    '376': [(1071, 335), (1072, 338), (1071, 338), (1075, 346), (1072, 347), (1068, 338), (1070, 338), (1069, 336)],
    '377': [(1011, 365), (1010, 362), (1013, 361), (1014, 364)],
    '378': [(1010, 370), (1015, 367), (1016, 369), (1015, 370), (1016, 372), (1012, 374)],
    '379': [(841, 409), (848, 406), (850, 410), (842, 413)],
    '380': [(1001, 1127), (1007, 1124), (1002, 1112), (994, 1115), (998, 1124), (1000, 1123)],
    '381': [(1044, 915), (1060, 909), (1061, 912), (1045, 918)],
    '382': [(1048, 840), (1052, 839), (1055, 846), (1051, 847)],
    '383': [(789, 1257), (794, 1262), (790, 1267), (787, 1264), (787, 1264), (785, 1263), (786, 1262), (785, 1261)],
    '384': [(617, 502), (621, 510), (619, 511), (618, 512), (619, 514), (620, 514), (624, 512), (623, 512), (625, 511), (628, 517), (636, 513), (634, 510), (635, 510), (633, 507), (635, 507), (636, 506), (635, 503), (633, 504), (632, 505), (628, 498), (624, 500), (624, 499)],
    '385': [(1169, 1390), (1166, 1393), (1170, 1397), (1173, 1394)],
    '386': [(522, 193), (522, 194), (521, 194), (522, 196), (523, 196), (523, 196), (524, 196), (524, 196), (524, 196), (525, 195), (525, 194), (525, 194), (524, 194), (524, 193)],
    '387': [(563, 145), (568, 158), (571, 157), (566, 144)],
    '388': [(550, 98), (551, 101), (547, 102), (546, 99)],
    '389': [(547, 90), (542, 92), (543, 96), (549, 94)],
    '390': [(545, 84), (547, 89), (544, 90), (542, 85)],
    '391': [(538, 87), (539, 91), (536, 92), (535, 88)],
    '392': [(541, 82), (537, 83), (538, 87), (542, 85)],
    '393': [(717, 614), (712, 616), (717, 625), (722, 623), (720, 620), (721, 619), (719, 615), (718, 615)],
    '394': [(1227, 379), (1229, 384), (1228, 384), (1228, 385), (1229, 386), (1230, 387), (1231, 387), (1231, 387), (1238, 385), (1237, 382), (1237, 382), (1236, 382), (1237, 381), (1236, 379), (1236, 379), (1235, 376), (1232, 377), (1231, 376), (1231, 376), (1230, 377), (1229, 377), (1230, 378)],
    '395': [(1211, 400), (1214, 407), (1218, 405), (1217, 404), (1223, 402), (1223, 403), (1227, 402), (1224, 393), (1221, 394), (1221, 397), (1215, 399), (1215, 398)],
    '396': [(669, 567), (662, 571), (665, 575), (671, 572)],
    '397': [(683, 557), (677, 562), (680, 567), (685, 564), (685, 563), (686, 562)],
    '398': [(687, 566), (690, 571), (685, 574), (684, 572), (681, 573), (679, 570)],
    '399': [(690, 571), (686, 574), (686, 575), (684, 576), (686, 580), (693, 576)],
    '400': [(693, 577), (689, 579), (689, 580), (687, 581), (688, 584), (695, 581)],
    '401': [(696, 582), (689, 586), (693, 592), (700, 588)],
    '402': [(729, 633), (722, 637), (724, 642), (729, 639), (728, 637), (731, 635)],
    '403': [(703, 622), (699, 625), (708, 638), (711, 636)],
    '404': [(698, 625), (695, 627), (700, 634), (703, 631)],
    '405': [(693, 629), (687, 633), (690, 637), (691, 637), (694, 640), (695, 639), (694, 638), (695, 637), (694, 635), (696, 634)],
    '406': [(686, 634), (681, 637), (684, 641), (688, 638)],
    '407': [(1233, 441), (1235, 440), (1234, 438), (1225, 441), (1222, 435), (1238, 430), (1240, 435), (1237, 437), (1238, 439), (1245, 437), (1250, 453), (1254, 462), (1227, 471), (1229, 478), (1232, 477), (1234, 483), (1233, 483), (1234, 487), (1215, 494), (1195, 512), (1192, 509), (1193, 509), (1191, 508), (1188, 510), (1189, 511), (1191, 510), (1192, 514), (1174, 521), (1173, 518), (1172, 518), (1169, 512), (1187, 505), (1187, 506), (1188, 506), (1189, 505), (1189, 505), (1207, 487), (1208, 488), (1209, 486), (1211, 486), (1210, 485), (1226, 479), (1224, 472), (1221, 473), (1218, 463), (1239, 455)],
    '408': [(1172, 537), (1171, 538), (1174, 547), (1186, 543), (1192, 536), (1190, 535), (1192, 533), (1185, 527), (1175, 531), (1171, 536)],
    '409': [(1153, 537), (1143, 550), (1140, 555), (1133, 550), (1134, 548), (1125, 542), (1126, 541), (1106, 549), (1102, 549), (1092, 549), (1092, 553), (1094, 553), (1094, 562), (1071, 563), (1071, 562), (1056, 568), (1053, 560), (1071, 553), (1074, 553), (1073, 544), (1082, 544), (1082, 539), (1103, 540), (1123, 532), (1123, 532), (1124, 530), (1130, 534), (1135, 527), (1145, 533), (1147, 531), (1161, 518), (1163, 517), (1166, 521), (1165, 522), (1167, 524)],
    '410': [(971, 617), (974, 615), (995, 603), (1011, 594), (1018, 604), (1022, 611), (1016, 614), (1011, 617), (1012, 619), (1010, 620), (1012, 622), (1019, 634), (1014, 637), (1012, 638), (1002, 642), (1005, 648), (1002, 649), (1003, 653), (1000, 656), (995, 644), (993, 639), (987, 643)],
    '411': [(971, 636), (984, 655), (982, 656), (983, 657), (975, 661), (971, 655), (973, 654), (972, 652), (967, 655), (968, 657), (964, 659), (967, 663), (957, 669), (954, 664), (956, 662), (954, 659), (952, 660), (949, 654), (962, 647), (959, 643)],
}
