BUILDING_POLY = {
    '00': [(1643, 570), (1719, 563), (1724, 563), (1730, 564), (1737, 557), (1743, 563), (1737, 570), (1741, 574), (1746, 580), (1748, 580), (1753, 642), (1784, 639), (1785, 659), (1648, 673), (1641, 667), (1633, 659), (1628, 593), (1581, 597), (1579, 576)],
    '01': [(268, 797), (270, 812), (305, 809), (303, 788), (316, 787), (328, 786), (339, 785), (353, 784), (391, 780), (393, 803), (400, 803), (403, 832), (396, 833), (397, 854), (360, 857), (345, 859), (310, 862), (290, 863), (267, 865), (197, 871), (197, 866), (179, 867), (166, 868), (163, 830), (161, 806)],
    '02': [(88, 431), (127, 427), (135, 507), (97, 510)],
    '03': [(139, 469), (166, 467), (248, 461), (247, 438), (296, 435), (301, 494), (142, 507)],
    '04': [(177, 556), (259, 547), (339, 539), (339, 544), (354, 542), (357, 544), (358, 547), (359, 550), (358, 552), (356, 554), (355, 556), (352, 556), (352, 567), (353, 578), (265, 587), (180, 595), (179, 576)],
    '05': [(142, 716), (214, 709), (211, 677), (254, 672), (258, 719), (261, 719), (262, 731), (259, 732), (259, 739), (259, 741), (257, 743), (254, 744), (246, 745), (246, 748), (236, 749), (238, 779), (149, 789)],
    '06': [(155, 1069), (235, 1063), (239, 1104), (158, 1110)],
    '07': [(1195, 472), (1242, 468), (1245, 511), (1257, 510), (1256, 495), (1276, 494), (1276, 489), (1348, 483), (1348, 486), (1369, 484), (1370, 494), (1386, 493), (1380, 427), (1407, 425), (1414, 504), (1410, 504), (1412, 532), (1220, 549), (1201, 550), (1197, 500), (1197, 497), (1197, 494)],
    '08': [(462, 1030), (507, 1026), (509, 1044), (526, 1043), (524, 1026), (566, 1022), (568, 1050), (542, 1052), (543, 1063), (571, 1061), (574, 1097), (525, 1101), (524, 1085), (509, 1086), (511, 1102), (469, 1106)],
    '09': [(619, 1193), (819, 1175), (824, 1228), (808, 1230), (820, 1354), (761, 1359), (652, 1369), (648, 1332), (717, 1296), (755, 1293), (749, 1236), (664, 1243), (666, 1259), (669, 1290), (630, 1306), (626, 1263)],
    '10': [(459, 786), (532, 780), (532, 784), (562, 782), (594, 779), (627, 776), (627, 771), (698, 765), (703, 820), (633, 826), (632, 823), (598, 827), (600, 858), (568, 861), (566, 829), (536, 832), (537, 836), (464, 842)],
    '11': [(928, 787), (1058, 776), (1063, 837), (1008, 841), (1008, 846), (909, 854), (907, 828), (876, 831), (875, 810), (898, 808), (896, 789)],
    '12': [(1259, 787), (1279, 785), (1331, 781), (1328, 743), (1423, 736), (1429, 822), (1283, 833), (1263, 835)],
    '13': [(1677, 767), (1594, 775), (1596, 802), (1563, 805), (1549, 806), (1535, 806), (1525, 803), (1519, 797), (1516, 786), (1516, 773), (1521, 765), (1529, 758), (1526, 738), (1526, 732), (1573, 728), (1573, 734), (1585, 733), (1584, 727), (1696, 717), (1761, 711), (1782, 709), (1788, 765), (1790, 785), (1798, 784), (1800, 797), (1791, 798), (1792, 810), (1711, 818), (1710, 815), (1677, 819), (1676, 795), (1680, 791)],
    '14': [(1511, 915), (1570, 909), (1572, 926), (1755, 911), (1754, 893), (1814, 888), (1818, 931), (1765, 936), (1766, 956), (1573, 972), (1571, 954), (1514, 959)],
    '15': [(1558, 1092), (1555, 1063), (1582, 1060), (1585, 1089), (1628, 1085), (1625, 1056), (1667, 1052), (1670, 1081), (1657, 1083), (1660, 1110), (1537, 1121), (1535, 1094)],
    '16': [(1541, 1130), (1582, 1127), (1584, 1154), (1544, 1157)],
    '17': [(1827, 895), (1833, 889), (1830, 886), (1841, 875), (1838, 873), (1854, 854), (1857, 856), (1867, 845), (1869, 847), (1877, 838), (1886, 845), (1888, 842), (1910, 861), (1900, 873), (1902, 875), (1876, 905), (1880, 909), (1879, 909), (1874, 905), (1865, 916), (1870, 920), (1869, 920), (1865, 916), (1859, 923)],
    '18': [(1588, 1125), (1623, 1122), (1625, 1149), (1590, 1152)],
    '19': [(1627, 1121), (1694, 1115), (1692, 1074), (1734, 1071), (1737, 1098), (1698, 1150), (1629, 1154)],
    '20': [(938, 1012), (1054, 1002), (1067, 1134), (950, 1145), (948, 1118), (926, 1120), (923, 1084), (919, 1049), (941, 1047)],
    '21': [(429, 674), (610, 658), (622, 657), (707, 650), (711, 699), (433, 723), (431, 698)],
    '22': [(418, 577), (604, 562), (634, 559), (699, 554), (702, 599), (617, 605), (606, 606), (421, 623)],
    '23': [(422, 440), (435, 439), (434, 427), (453, 425), (452, 417), (550, 410), (554, 409), (560, 409), (569, 408), (582, 407), (589, 407), (601, 406), (632, 403), (634, 426), (636, 448), (604, 450), (578, 452), (424, 463)],
    '24': [(722, 367), (750, 365), (753, 395), (763, 394), (765, 415), (756, 416), (758, 451), (728, 453)],
    '25': [(850, 387), (878, 385), (901, 383), (900, 367), (934, 364), (936, 381), (1010, 374), (1009, 355), (1164, 341), (1165, 349), (1345, 333), (1348, 361), (1339, 361), (1341, 377), (1166, 392), (1167, 398), (1142, 400), (1141, 385), (1011, 397), (1012, 408), (909, 417), (910, 425), (853, 430)],
    '26': [(855, 514), (890, 511), (888, 490), (932, 486), (935, 523), (946, 522), (944, 503), (1171, 482), (1172, 496), (1173, 506), (1175, 530), (954, 551), (954, 555), (956, 569), (949, 570), (947, 570), (940, 570), (938, 570), (939, 580), (902, 583), (899, 550), (859, 554)],
    '27': [(1107, 1469), (1124, 1468), (1126, 1484), (1109, 1486)],
    '28': [(784, 1493), (887, 1484), (886, 1476), (975, 1469), (976, 1478), (1070, 1470), (1073, 1504), (787, 1527)],
    '29': [(1524, 319), (1691, 307), (1691, 316), (1766, 310), (1768, 347), (1680, 353), (1680, 347), (1527, 358)],
    '30': [(1837, 314), (1886, 310), (1891, 371), (1875, 372), (1876, 382), (1977, 374), (1977, 390), (1985, 390), (1995, 396), (1997, 403), (2001, 403), (2001, 405), (2015, 404), (2017, 428), (1972, 430), (1967, 415), (1845, 423)],
    '31': [(1508, 443), (1636, 433), (1635, 419), (1644, 418), (1645, 432), (1773, 422), (1775, 445), (1751, 447), (1754, 475), (1654, 483), (1649, 489), (1640, 490), (1635, 484), (1538, 492), (1536, 474), (1528, 475), (1527, 466), (1510, 467)],
    '32': [(1849, 559), (2012, 546), (2016, 592), (1853, 605)],
    '33': [(780, 1562), (827, 1558), (841, 1557), (843, 1585), (846, 1621), (850, 1657), (852, 1683), (853, 1693), (874, 1691), (878, 1732), (796, 1740), (792, 1688), (788, 1652)],
    '34': [(563, 1475), (564, 1484), (550, 1485), (551, 1501), (565, 1500), (567, 1519), (666, 1509), (668, 1527), (669, 1536), (670, 1545), (674, 1580), (680, 1580), (687, 1579), (688, 1584), (715, 1581), (724, 1580), (753, 1577), (750, 1548), (747, 1519), (736, 1520), (734, 1503), (747, 1501), (743, 1457), (727, 1458), (709, 1460), (652, 1466), (618, 1469)],
    '35': [(550, 1485), (548, 1464), (426, 1476), (403, 1478), (410, 1553), (535, 1541), (534, 1536), (534, 1534), (554, 1532), (551, 1501)],
    '36': [(606, 606), (610, 658), (622, 657), (617, 605)],
    '37': [(1214, 1537), (1195, 1578), (1237, 1596), (1246, 1706), (1261, 1705), (1262, 1716), (1289, 1714), (1283, 1617), (1294, 1616), (1299, 1621), (1406, 1542), (1383, 1508), (1299, 1565), (1290, 1552), (1277, 1552), (1272, 1564)],
    '38': [(1461, 1228), (1489, 1226), (1499, 1348), (1471, 1350)],
    '39': [(2055, 524), (2122, 518), (2122, 532), (2115, 532), (2134, 560), (2119, 569), (2113, 562), (2108, 564), (2112, 572), (2095, 583), (2089, 576), (2080, 576), (2081, 585), (2059, 586), (2059, 563), (2070, 562), (2070, 552), (2055, 552), (2055, 539), (2058, 539), (2058, 538), (2056, 538)],
    '40': [(1451, 1222), (1510, 1217), (1508, 1193), (1490, 1195), (1481, 1079), (1440, 1083)],
    '41': [(910, 1156), (1069, 1141), (1077, 1221), (918, 1236), (914, 1197)],
    '42': [(1069, 1327), (1094, 1325), (1087, 1241), (1066, 1243), (1072, 1313), (1067, 1313)],
    '43': [(139, 414), (143, 453), (212, 447), (209, 408)],
    '44': [(1173, 506), (1179, 509), (1184, 508), (1188, 504), (1189, 500), (1197, 500), (1197, 497), (1197, 494), (1189, 494), (1188, 465), (1186, 461), (1184, 460), (1181, 458), (1179, 458), (1176, 459), (1175, 461), (1174, 464), (1175, 467), (1178, 495), (1172, 496)],
    '45': [(1445, 1414), (1482, 1411), (1482, 1418), (1470, 1419), (1473, 1455), (1448, 1458)],
    '46': [(1055, 1443), (1047, 1447), (1038, 1445), (1033, 1436), (1036, 1428), (1044, 1423), (1053, 1426), (1058, 1434)],
    '47': [(1288, 843), (1303, 842), (1304, 855), (1289, 856)],
    '48': [(1312, 841), (1327, 840), (1328, 853), (1313, 854)],
    '49': [(1359, 837), (1374, 836), (1375, 849), (1360, 850)],
    '50': [(1387, 835), (1402, 834), (1403, 846), (1388, 848)],
    '51': [(186, 1296), (263, 1286), (265, 1297), (187, 1307)],
    '52': [(967, 1551), (922, 1560), (924, 1566), (942, 1655), (934, 1707), (955, 1710), (961, 1671), (980, 1674), (989, 1675), (1020, 1680), (1039, 1666), (1073, 1659), (1088, 1748), (1133, 1740), (1114, 1628), (1124, 1574), (1100, 1570), (1093, 1610), (1075, 1607), (1045, 1600), (1023, 1605), (980, 1620)],
    '53': [(1056, 1247), (1022, 1250), (1022, 1256), (1011, 1257), (972, 1260), (972, 1251), (958, 1252), (965, 1333), (980, 1332), (980, 1327), (1016, 1324), (1028, 1323), (1028, 1328), (1063, 1325), (1062, 1311), (1071, 1310), (1067, 1261), (1057, 1262)],
    '54': [(236, 1128), (244, 1127), (247, 1151), (239, 1152)],
    '55': [(180, 1245), (257, 1234), (259, 1247), (181, 1258)],
    '56': [(164, 1150), (237, 1140), (238, 1152), (165, 1161)],
    '57': [(162, 1138), (235, 1128), (237, 1140), (164, 1149)],
    '58': [(182, 1160), (247, 1151), (248, 1163), (184, 1172)],
    '59': [(172, 1175), (248, 1165), (250, 1177), (173, 1187)],
    '60': [(174, 1189), (250, 1179), (252, 1190), (175, 1201)],
    '61': [(175, 1203), (252, 1193), (253, 1205), (177, 1215)],
    '62': [(177, 1217), (254, 1206), (255, 1218), (178, 1228)],
    '63': [(178, 1231), (255, 1221), (257, 1232), (180, 1242)],
    '64': [(182, 1259), (259, 1249), (260, 1260), (183, 1271)],
    '65': [(183, 1271), (260, 1261), (262, 1273), (184, 1283)],
    '66': [(184, 1284), (262, 1273), (263, 1285), (186, 1295)],
    '67': [(1044, 636), (875, 649), (877, 671), (863, 673), (868, 730), (985, 720), (985, 716), (984, 707), (1035, 702), (1033, 680), (1048, 679)],
}
