BUILDING_POLY = {
    '00': [(1484, 425), (1499, 427), (1499, 425), (1548, 430), (1542, 462), (1554, 464), (1551, 477), (1550, 477), (1546, 496), (1438, 478), (1440, 463), (1438, 462), (1441, 444), (1442, 426)],
    '01': [(1390, 846), (1385, 865), (1373, 862), (1355, 934), (1402, 946), (1413, 902), (1494, 923), (1506, 876)],
    '02': [(857, 813), (869, 768), (783, 747), (740, 920), (821, 940), (830, 903), (783, 891), (806, 801)],
    '03': [(1464, 588), (1401, 659), (1420, 673), (1410, 687), (1430, 704), (1418, 719), (1479, 767), (1511, 732), (1508, 730), (1500, 725), (1513, 711), (1503, 703), (1534, 667), (1523, 660), (1535, 646)],
    '04': [(1638, 1328), (1603, 1431), (1657, 1450), (1692, 1347)],
    '05': [(1595, 1696), (1566, 1772), (1671, 1813), (1685, 1777), (1701, 1737)],
    '06': [(1151, 494), (1215, 439), (1241, 469), (1228, 479), (1237, 490), (1184, 535), (1175, 524), (1158, 538), (1150, 529), (1135, 542), (1111, 514), (1133, 494), (1123, 483), (1133, 474)],
    '07': [(1790, 1874), (1783, 1902), (1884, 1929), (1892, 1900)],
    '08': [(1959, 1233), (1947, 1268), (2041, 1299), (2053, 1264)],
    '09': [(1918, 1706), (1912, 1729), (1898, 1725), (1902, 1708), (1896, 1701), (1842, 1688), (1830, 1690), (1820, 1698), (1816, 1714), (1808, 1712), (1806, 1721), (1797, 1719), (1786, 1763), (1825, 1772), (1833, 1737), (1924, 1759), (1936, 1710)],
    '10': [(845, 481), (866, 462), (872, 470), (916, 429), (910, 423), (948, 386), (957, 396), (991, 364), (975, 347), (993, 330), (1043, 382), (1030, 395), (1012, 377), (894, 488), (909, 504), (886, 525)],
    '11': [(1949, 1181), (1924, 1257), (1914, 1253), (1907, 1274), (1917, 1277), (1889, 1363), (1912, 1370), (1970, 1188)],
    '12': [(1227, 1083), (1213, 1127), (1227, 1132), (1236, 1103), (1273, 1114), (1278, 1098)],
    '13': [(689, 648), (608, 625), (595, 669), (676, 693)],
    '14': [(460, 1220), (432, 1217), (432, 1210), (415, 1208), (416, 1201), (395, 1199), (395, 1204), (386, 1203), (372, 1316), (417, 1321), (426, 1247), (456, 1251)],
    '15': [(1103, 1058), (1091, 1092), (1198, 1128), (1211, 1096)],
    '16': [(1677, 1213), (1666, 1245), (1725, 1265), (1722, 1273), (1743, 1279), (1745, 1273), (1782, 1284), (1788, 1263), (1813, 1271), (1824, 1238), (1714, 1200), (1705, 1223)],
    '17': [(1452, 524), (1406, 520), (1405, 531), (1321, 524), (1310, 512), (1287, 534), (1293, 541), (1219, 614), (1211, 606), (1199, 617), (1207, 625), (1198, 634), (1222, 660), (1328, 557), (1402, 563), (1401, 581), (1446, 585)],
    '18': [(1134, 1017), (1123, 1045), (1184, 1064), (1195, 1036)],
    '19': [(1780, 1797), (1768, 1850), (1899, 1882), (1912, 1827)],
    '20': [(1982, 1316), (1967, 1366), (2002, 1377), (1999, 1386), (2035, 1398), (2050, 1350), (2016, 1340), (2020, 1328)],
    '21': [(1095, 420), (1036, 468), (1045, 479), (1030, 491), (1036, 499), (1046, 491), (1062, 512), (1114, 469), (1122, 478), (1173, 436), (1158, 418), (1135, 437), (1123, 422), (1107, 436)],
    '22': [(650, 82), (622, 91), (652, 185), (680, 176)],
    '23': [(687, 416), (694, 504), (614, 510), (617, 548), (720, 540), (710, 414)],
    '24': [(1660, 784), (1620, 783), (1620, 830), (1594, 830), (1594, 740), (1626, 740), (1626, 749), (1660, 749)],
    '25': [(516, 686), (510, 705), (519, 707), (497, 788), (484, 785), (477, 812), (523, 825), (505, 893), (563, 908), (583, 835), (594, 838), (602, 810), (592, 788), (594, 777), (598, 758), (615, 744), (623, 714)],
    '26': [(799, 99), (773, 108), (804, 200), (831, 190)],
    '27': [(1670, 1075), (1586, 1059), (1588, 1051), (1519, 1038), (1511, 1078), (1619, 1099), (1616, 1111), (1661, 1119)],
    '28': [(1746, 1317), (1738, 1342), (1730, 1339), (1713, 1389), (1719, 1391), (1698, 1453), (1742, 1468), (1754, 1432), (1760, 1434), (1775, 1390), (1784, 1393), (1788, 1381), (1779, 1378), (1794, 1333)],
    '29': [(1852, 1133), (1842, 1167), (1704, 1128), (1709, 1112), (1703, 1110), (1706, 1099), (1713, 1101), (1715, 1094)],
    '30': [(1211, 808), (1197, 861), (1182, 857), (1178, 875), (1217, 885), (1229, 839), (1333, 866), (1339, 842), (1304, 832), (1307, 819), (1284, 813), (1281, 826)],
    '31': [(1298, 1072), (1268, 1152), (1235, 1140), (1228, 1160), (1277, 1177), (1307, 1093), (1333, 1102), (1339, 1087)],
    '32': [(1000, 917), (941, 902), (935, 926), (925, 923), (912, 971), (921, 973), (915, 1000), (939, 1007), (937, 1016), (902, 1007), (885, 1069), (893, 1077), (967, 1094), (974, 1096), (991, 1031), (984, 1029), (978, 1027), (949, 1020), (952, 1010), (976, 1016)],
    '33': [(848, 852), (879, 859), (859, 940), (841, 936), (825, 947)],
    '34': [(1703, 899), (1698, 1021), (1738, 1023), (1743, 901)],
    '35': [(2048, 1222), (2041, 1248), (1972, 1229), (1979, 1203)],
    '36': [(1576, 972), (1576, 1006), (1632, 1007), (1632, 1019), (1683, 1020), (1684, 975)],
    '37': [(712, 328), (689, 329), (685, 354), (675, 369), (678, 397), (656, 399), (659, 429), (611, 433), (600, 296), (710, 287)],
    '38': [(1471, 1134), (1468, 1133), (1475, 1115), (1478, 1116), (1484, 1102), (1516, 1115), (1523, 1095), (1546, 1104), (1541, 1118), (1559, 1125), (1541, 1172), (1467, 1143)],
    '39': [(591, 537), (455, 561), (450, 531), (586, 507)],
    '40': [(1220, 729), (1215, 748), (1210, 768), (1297, 791), (1308, 751)],
    '41': [(836, 594), (827, 627), (806, 621), (795, 667), (815, 673), (806, 706), (840, 714), (852, 669), (880, 676), (871, 718), (910, 730), (924, 685), (908, 680), (911, 668), (927, 673), (941, 626), (898, 616), (891, 639), (888, 655), (880, 653), (880, 660), (855, 655), (867, 599)],
    '42': [(454, 975), (448, 999), (436, 996), (431, 1015), (443, 1018), (432, 1065), (473, 1074), (484, 1029), (494, 1022), (507, 1021), (519, 1027), (525, 1038), (515, 1082), (535, 1086), (556, 998)],
    '43': [(1178, 902), (1170, 933), (1305, 968), (1313, 937), (1273, 927), (1275, 917), (1240, 908), (1238, 918)],
    '44': [(729, 93), (699, 102), (728, 197), (758, 188)],
    '45': [(924, 480), (948, 506), (936, 516), (952, 533), (894, 587), (881, 573), (871, 583), (857, 567), (868, 557), (853, 541), (870, 526), (881, 532), (911, 504), (905, 497)],
    '46': [(295, 1176), (200, 1159), (177, 1284), (197, 1288), (195, 1295), (251, 1305), (253, 1298), (272, 1301), (278, 1273), (294, 1276), (309, 1200), (292, 1196)],
    '47': [(691, 1180), (693, 1206), (784, 1201), (782, 1174)],
    '48': [(849, 1291), (824, 1364), (898, 1389), (923, 1316)],
    '49': [(1150, 1314), (1052, 1522), (1078, 1527), (1173, 1325)],
    '50': [(913, 1532), (902, 1567), (926, 1575), (971, 1430), (947, 1422), (932, 1469), (920, 1466), (912, 1488), (925, 1491), (913, 1526)],
    '51': [(672, 1071), (677, 1171), (711, 1169), (709, 1135), (785, 1131), (784, 1108), (771, 1109), (769, 1056), (732, 1058), (734, 1100), (748, 1100), (749, 1111), (712, 1113), (710, 1069)],
    '52': [(1106, 1309), (1086, 1355), (1075, 1350), (1022, 1469), (1060, 1486), (1112, 1367), (1100, 1361), (1121, 1315)],
    '53': [(869, 1439), (863, 1449), (826, 1438), (819, 1461), (910, 1488), (916, 1467), (886, 1458), (890, 1445)],
    '54': [(736, 1288), (725, 1331), (713, 1328), (710, 1339), (660, 1325), (649, 1366), (630, 1361), (626, 1377), (639, 1381), (628, 1420), (619, 1417), (612, 1443), (633, 1448), (637, 1445), (650, 1448), (652, 1440), (672, 1445), (670, 1451), (682, 1455), (681, 1460), (711, 1468), (709, 1474), (746, 1484), (757, 1441), (741, 1438), (739, 1445), (683, 1431), (684, 1426), (676, 1424), (672, 1438), (654, 1433), (656, 1425), (648, 1422), (649, 1421), (657, 1423), (673, 1364), (705, 1373), (706, 1366), (714, 1368), (716, 1361), (740, 1367), (759, 1295)],
    '55': [(951, 1295), (942, 1323), (974, 1334), (980, 1328), (1000, 1333), (1013, 1285), (995, 1280), (978, 1282)],
    '56': [(1227, 1354), (1140, 1548), (1109, 1534), (1120, 1509), (1109, 1504), (1176, 1354), (1191, 1360), (1199, 1342)],
    '57': [(1071, 1214), (1072, 1207), (1068, 1198), (1023, 1191), (1016, 1230), (1038, 1234), (1042, 1209)],
    '58': [(1165, 1628), (1110, 1746), (1187, 1782), (1218, 1784), (1237, 1775), (1280, 1681)],
    '59': [(1241, 1280), (1228, 1316), (1276, 1334), (1290, 1298)],
    '60': [(1374, 1298), (1358, 1325), (1380, 1337), (1373, 1381), (1368, 1419), (1347, 1417), (1343, 1435), (1410, 1447), (1412, 1430), (1396, 1401), (1398, 1387), (1399, 1379), (1453, 1386), (1471, 1357), (1459, 1353), (1463, 1339)],
    '61': [(1266, 1365), (1178, 1560), (1208, 1576), (1214, 1564), (1237, 1557), (1308, 1410), (1298, 1384), (1292, 1381), (1294, 1376)],
    '62': [(328, 1428), (294, 1472), (311, 1479), (296, 1498), (267, 1497), (267, 1516), (281, 1518), (280, 1531), (263, 1530), (262, 1553), (285, 1554), (284, 1560), (269, 1560), (268, 1577), (282, 1577), (282, 1587), (302, 1592), (303, 1578), (321, 1578), (325, 1560), (303, 1556), (303, 1540), (317, 1530), (311, 1519), (295, 1517), (305, 1504), (313, 1509), (337, 1478), (321, 1466), (346, 1439)],
    '63': [(1214, 1279), (1206, 1306), (1165, 1294), (1167, 1286), (1153, 1282), (1157, 1267), (1170, 1271), (1171, 1267)],
    '64': [(1316, 1545), (1320, 1572), (1399, 1562), (1416, 1554), (1429, 1544), (1440, 1525), (1476, 1444), (1481, 1433), (1486, 1424), (1502, 1386), (1519, 1392), (1544, 1359), (1546, 1340), (1526, 1332), (1521, 1339), (1496, 1328), (1460, 1411), (1456, 1419), (1451, 1431), (1412, 1520), (1404, 1530), (1391, 1535)],
    '65': [(1422, 1912), (1396, 1964), (1415, 1973), (1443, 1921)],
    '66': [(1154, 1559), (1136, 1599), (1223, 1637), (1241, 1597)],
    '67': [(1337, 1753), (1455, 1802), (1454, 1819), (1447, 1833), (1432, 1838), (1389, 1939), (1278, 1893)],
    '68': [(938, 1329), (936, 1334), (931, 1333), (927, 1347), (937, 1350), (932, 1366), (935, 1377), (943, 1388), (955, 1394), (983, 1402), (999, 1346)],
    '69': [(847, 1511), (910, 1529), (899, 1565), (836, 1547), (841, 1530), (835, 1526), (836, 1523), (842, 1524)],
    '70': [(902, 1407), (943, 1420), (929, 1463), (894, 1452), (899, 1437), (893, 1436)],
    '71': [(467, 1333), (484, 1339), (487, 1343), (490, 1349), (482, 1382), (480, 1390), (480, 1397), (479, 1403), (478, 1408), (473, 1411), (466, 1412), (383, 1383), (389, 1368), (384, 1366), (387, 1346), (397, 1350), (398, 1348), (429, 1359), (427, 1365), (440, 1369), (442, 1366), (448, 1365), (452, 1365), (454, 1367), (457, 1369), (459, 1370)],
    '72': [(508, 1259), (472, 1255), (475, 1234), (488, 1236), (492, 1205), (480, 1204), (478, 1219), (458, 1217), (461, 1194), (482, 1197), (484, 1185), (494, 1186), (496, 1170), (521, 1173), (518, 1190), (523, 1190), (521, 1205), (515, 1204)],
    '73': [(273, 1313), (301, 1318), (293, 1361), (287, 1360), (285, 1370), (169, 1349), (173, 1329), (238, 1341), (241, 1326), (270, 1331)],
    '74': [(992, 1033), (1047, 1046), (1035, 1102), (1021, 1099), (1019, 1106), (976, 1096)],
    '75': [(1074, 650), (1067, 677), (1050, 673), (1043, 702), (1134, 724), (1148, 668)],
    '76': [(1435, 1075), (1482, 1092), (1465, 1139), (1418, 1122)],
    '77': [(1506, 1660), (1522, 1656), (1570, 1666), (1561, 1691), (1506, 1691)],
    '78': [(939, 797), (1018, 818), (1008, 855), (929, 835)],
    '79': [(1511, 967), (1504, 971), (1501, 981), (1504, 992), (1517, 1001), (1523, 995), (1531, 985), (1537, 976), (1530, 971), (1521, 966)],
    '80': [(724, 228), (738, 223), (747, 248), (732, 253)],
    '81': [(1490, 1824), (1472, 1871), (1486, 1877), (1494, 1858), (1500, 1859), (1513, 1832)],
    '82': [(1785, 1771), (1912, 1798), (1907, 1822), (1780, 1794)],
    '83': [(1665, 744), (1665, 760), (1663, 761), (1662, 763), (1662, 765), (1665, 766), (1665, 782), (1702, 782), (1702, 827), (1698, 838), (1702, 849), (1702, 894), (1720, 894), (1721, 897), (1724, 897), (1725, 896), (1726, 894), (1738, 894), (1738, 833), (1741, 830), (1741, 827), (1740, 826), (1738, 825), (1738, 744)],
    '84': [(1603, 609), (1602, 637), (1642, 638), (1643, 628), (1674, 628), (1674, 622), (1736, 623), (1736, 602), (1673, 601), (1673, 610)],
    '85': [(1596, 683), (1595, 712), (1635, 713), (1636, 703), (1667, 703), (1667, 697), (1729, 698), (1729, 677), (1666, 676), (1666, 684)],
    '86': [(1619, 525), (1618, 561), (1664, 562), (1663, 574), (1686, 575), (1686, 563), (1724, 564), (1725, 528)],
    '87': [(789, 229), (756, 315), (797, 328), (831, 242)],
}
