BUILDING_POLY = {
    '00': [(103, 764), (143, 760), (162, 938), (119, 943), (111, 871), (100, 872), (96, 841), (111, 839)],
    '01': [(654, 876), (701, 909), (805, 871), (777, 794), (826, 776), (877, 917), (821, 938), (827, 952), (776, 970), (772, 958), (701, 984), (619, 926)],
    '02': [(1359, 1096), (1329, 1110), (1315, 1133), (1313, 1147), (1316, 1166), (1331, 1165), (1346, 1159), (1359, 1148), (1368, 1132), (1370, 1116)],
    '03': [(1456, 1066), (1456, 1079), (1449, 1106), (1444, 1118), (1432, 1132), (1416, 1145), (1401, 1154), (1390, 1154), (1380, 1156), (1364, 1153), (1369, 1135), (1381, 1115), (1391, 1099), (1401, 1090), (1416, 1080), (1427, 1075), (1442, 1069)],
    '04': [(1451, 1057), (1443, 1029), (1434, 1013), (1413, 996), (1388, 986), (1357, 984), (1332, 994), (1316, 1008), (1302, 1027), (1293, 1043), (1289, 1060), (1363, 1070)],
    '05': [(435, 727), (456, 743), (332, 902), (311, 886)],
    '06': [(731, 455), (867, 406), (890, 467), (878, 471), (885, 490), (772, 530), (757, 491), (746, 495)],
    '07': [(1118, 971), (1266, 930), (1281, 983), (1133, 1024)],
    '08': [(997, 816), (1053, 797), (1055, 804), (1134, 777), (1167, 873), (1077, 904), (1079, 912), (1018, 932), (995, 864), (1012, 859)],
    '09': [(1113, 568), (1219, 533), (1235, 545), (1260, 620), (1219, 633), (1205, 591), (1129, 616)],
    '10': [(907, 542), (922, 537), (920, 529), (996, 503), (999, 510), (1007, 508), (1013, 528), (1001, 532), (1003, 540), (933, 563), (931, 557), (914, 563)],
    '11': [(775, 537), (851, 510), (897, 609), (895, 609), (801, 643), (800, 641), (797, 642)],
    '12': [(885, 411), (1032, 390), (1041, 465), (918, 482), (911, 441), (891, 444)],
    '13': [(412, 511), (487, 510), (515, 509), (594, 508), (595, 552), (413, 555)],
    '14': [(683, 710), (671, 728), (628, 701), (622, 709), (611, 727), (590, 714), (606, 689), (566, 663), (590, 625), (622, 645), (615, 655), (630, 664), (637, 652), (654, 663), (642, 681), (649, 685), (647, 688)],
    '15': [(307, 530), (310, 585), (329, 595), (390, 597), (386, 516), (356, 516), (355, 523), (335, 525), (335, 510), (321, 513)],
    '16': [(196, 394), (225, 417), (149, 516), (119, 493)],
    '17': [(586, 1020), (489, 1139), (533, 1175), (631, 1056)],
    '18': [(1462, 966), (1638, 855), (1668, 902), (1492, 1013)],
    '19': [(2104, 1343), (2134, 1335), (2076, 1132), (1899, 1182), (1930, 1293), (1969, 1282), (1953, 1223), (1947, 1202), (2055, 1172)],
    '20': [(1411, 1478), (1583, 1428), (1591, 1456), (1419, 1506)],
    '21': [(1417, 1633), (1448, 1632), (1449, 1647), (1571, 1642), (1571, 1628), (1631, 1626), (1633, 1666), (1419, 1673)],
    '22': [(1446, 1743), (1497, 1740), (1496, 1719), (1529, 1717), (1530, 1738), (1540, 1738), (1543, 1771), (1448, 1777)],
    '23': [(992, 283), (1025, 279), (1029, 309), (996, 313)],
    '24': [(1040, 279), (1074, 278), (1075, 307), (1041, 308)],
    '25': [(1099, 286), (1133, 282), (1137, 311), (1102, 316)],
    '26': [(1618, 1496), (1616, 1521), (1593, 1525), (1596, 1553), (1618, 1572), (1723, 1568), (1726, 1530), (1723, 1493)],
    '27': [(92, 577), (88, 613), (96, 629), (105, 637), (112, 643), (128, 646), (142, 649), (156, 649), (164, 649), (174, 644), (181, 642), (181, 634), (180, 622), (175, 612), (167, 599), (151, 583), (140, 578), (125, 572)],
    '28': [(903, 630), (897, 611), (896, 611), (895, 609), (801, 643), (799, 644), (805, 663), (822, 657), (824, 661), (885, 640), (884, 636)],
    '29': [(889, 660), (885, 648), (830, 667), (834, 679)],
    '30': [(888, 641), (822, 664), (821, 660), (820, 660), (824, 669), (830, 667), (885, 648), (891, 646), (888, 637), (887, 638)],
    '31': [(805, 663), (822, 657), (824, 661), (885, 640), (884, 636), (903, 630), (897, 611), (896, 611), (895, 609), (897, 609), (898, 608), (906, 631), (888, 637), (887, 638), (888, 641), (822, 664), (821, 660), (820, 660), (804, 666), (796, 642), (797, 642), (800, 641), (801, 643), (799, 644)],
    '32': [(515, 509), (487, 510), (487, 504), (514, 503)],
}
