BUILDING_POLY = {
    '00': [(1582, 309), (1567, 278), (1495, 128), (1585, 82), (1626, 154), (1641, 170), (1674, 208), (1704, 252), (1719, 301), (1723, 359), (1757, 416), (1667, 468)],
    '01': [(874, 1532), (880, 1525), (882, 1524), (884, 1522), (886, 1522), (888, 1522), (890, 1523), (892, 1525), (893, 1527), (893, 1529), (893, 1531), (891, 1533), (890, 1535), (884, 1542), (890, 1548), (880, 1558), (954, 1637), (882, 1705), (783, 1600), (853, 1537), (867, 1524)],
    '02': [(1759, 490), (1798, 519), (1817, 537), (1829, 557), (1844, 598), (1853, 628), (1855, 664), (1861, 683), (1674, 761), (1686, 791), (1603, 841), (1510, 649), (1599, 602), (1588, 588)],
    '03': [(776, 1331), (878, 1437), (715, 1592), (613, 1486)],
    '04': [(1356, 1000), (1446, 1004), (1435, 1288), (1345, 1285)],
    '05': [(999, 1198), (1250, 1206), (1255, 1053), (1220, 1052), (1221, 1021), (1170, 1019), (1171, 981), (1099, 979), (1094, 1122)],
    '06': [(776, 948), (611, 1110), (561, 1060), (583, 1038), (570, 1024), (585, 1009), (570, 994), (659, 908), (667, 917), (688, 897), (698, 907), (717, 888)],
    '07': [(517, 818), (765, 748), (778, 793), (529, 863)],
    '08': [(637, 409), (665, 484), (389, 587), (361, 512)],
    '09': [(641, 1122), (670, 1151), (715, 1106), (821, 1212), (769, 1264), (744, 1238), (729, 1252), (697, 1220), (685, 1231), (661, 1208), (616, 1253), (562, 1200)],
    '10': [(905, 121), (1077, 190), (1036, 291), (864, 222)],
    '11': [(1480, 555), (1344, 479), (1195, 745), (1284, 795), (1313, 744), (1271, 721), (1373, 540), (1461, 589)],
    '12': [(519, 1643), (625, 1628), (891, 1821), (847, 1882), (647, 1740), (614, 1717), (531, 1730)],
    '13': [(621, 1736), (633, 1772), (754, 1973), (753, 1948), (775, 1918), (700, 1793), (658, 1773), (647, 1740), (614, 1717)],
    '14': [(1413, 311), (1471, 342), (1422, 439), (1361, 405)],
    '15': [(1532, 389), (1572, 422), (1495, 509), (1459, 474)],
    '16': [(858, 550), (861, 815), (1083, 815), (1131, 738), (1157, 745), (1208, 668)],
    '17': [(828, 1080), (779, 1027), (926, 892), (975, 944)],
    '18': [(1495, 128), (1462, 151), (1451, 192), (1461, 238), (1489, 268), (1536, 282), (1567, 278)],
}
