BUILDING_POLY = {
    '00': [(1370, 681), (1319, 736), (1424, 832), (1475, 778)],
    '01': [(944, 1529), (935, 1656), (896, 1654), (894, 1682), (862, 1679), (874, 1523)],
    '02': [(1044, 267), (1244, 457), (1282, 413), (1124, 264), (1132, 247), (1126, 228), (1113, 216), (1093, 208), (1072, 210), (1057, 221), (1037, 244), (1052, 259)],
    '03': [(1241, 707), (1143, 807), (1111, 774), (1096, 789), (1060, 753), (1076, 738), (1044, 706), (1139, 607)],
    '04': [(955, 1283), (899, 1336), (740, 1167), (874, 1042), (927, 1098), (850, 1170)],
    '05': [(1263, 1684), (1259, 1744), (1245, 1744), (1213, 1832), (1205, 1845), (1197, 1855), (1103, 1853), (1107, 1792), (1097, 1738), (1073, 1738), (1075, 1672), (1096, 1673), (1098, 1664), (1249, 1671), (1247, 1684)],
    '06': [(945, 966), (938, 960), (884, 902), (878, 896), (810, 959), (877, 1030)],
    '07': [(676, 286), (836, 186), (822, 163), (662, 263)],
    '08': [(814, 544), (985, 372), (945, 333), (774, 505)],
    '09': [(1138, 602), (1056, 687), (1004, 634), (1085, 551)],
    '10': [(954, 788), (932, 808), (951, 830), (890, 885), (869, 861), (848, 881), (794, 821), (898, 727)],
    '11': [(1192, 542), (1003, 366), (949, 421), (1085, 551), (1138, 602)],
    '12': [(1058, 1493), (1048, 1317), (932, 1324), (942, 1500)],
    '13': [(1084, 1823), (1079, 1882), (1076, 1921), (1021, 1916), (1027, 1855), (1030, 1818)],
    '14': [(1107, 976), (1077, 1005), (1069, 997), (1030, 1035), (1025, 1029), (1016, 1038), (994, 1016), (997, 1003), (1068, 935)],
    '15': [(982, 109), (951, 82), (843, 197), (875, 226)],
    '16': [(1280, 1333), (1249, 1370), (1186, 1317), (1089, 1237), (1120, 1200)],
    '17': [(1328, 1522), (1270, 1495), (1368, 1287), (1426, 1314)],
    '18': [(1218, 518), (1247, 488), (1238, 480), (1246, 471), (1037, 272), (1005, 306), (1010, 311), (1006, 316)],
    '19': [(1047, 898), (1026, 918), (1008, 900), (1031, 879)],
    '20': [(1262, 691), (1316, 630), (1268, 584), (1256, 572), (1199, 632)],
    '21': [(805, 1878), (916, 1884), (912, 1973), (740, 1965)],
    '22': [(1443, 853), (1560, 959), (1462, 1067), (1345, 961), (1389, 912)],
    '23': [(827, 675), (854, 700), (817, 737), (791, 710)],
    '24': [(836, 1005), (864, 1036), (721, 1164), (693, 1133)],
    '25': [(905, 258), (1016, 143), (1065, 191), (962, 298)],
}
