BUILDING_POLY = {
    '00': [(1235, 1508), (1281, 1465), (1284, 1468), (1286, 1470), (1252, 1500), (1272, 1523), (1283, 1535), (1269, 1547)],
    '01': [(1422, 876), (1431, 892), (1434, 904), (1414, 913), (1409, 893), (1374, 869), (1389, 851)],
    '02': [(1618, 1779), (1620, 1781), (1635, 1790), (1596, 1851), (1579, 1841)],
    '03': [(1544, 1794), (1572, 1750), (1587, 1728), (1596, 1733), (1604, 1738), (1599, 1745), (1560, 1805)],
    '04': [(1275, 1870), (1288, 1885), (1283, 1889), (1305, 1914), (1309, 1911), (1320, 1923), (1387, 1865), (1369, 1845), (1376, 1838), (1360, 1820), (1354, 1825), (1341, 1811), (1300, 1847)],
    '05': [(1150, 1875), (1116, 1955), (1126, 1959), (1136, 1962), (1139, 1955), (1159, 1907), (1170, 1883), (1160, 1879)],
    '06': [(1355, 1958), (1361, 1964), (1368, 1972), (1369, 1973), (1372, 1970), (1387, 1957), (1416, 1932), (1440, 1911), (1432, 1902), (1426, 1895), (1375, 1940)],
    '07': [(1176, 1882), (1203, 1893), (1230, 1905), (1235, 1894), (1241, 1881), (1207, 1865), (1221, 1835), (1198, 1824), (1178, 1815), (1171, 1819), (1157, 1850), (1167, 1854), (1184, 1862), (1181, 1870)],
    '08': [(1614, 1715), (1627, 1695), (1580, 1666), (1568, 1686)],
    '09': [(1223, 1803), (1238, 1819), (1301, 1761), (1286, 1745), (1261, 1768), (1244, 1784)],
    '10': [(1059, 1891), (1098, 1908), (1096, 1917), (1098, 1923), (1106, 1928), (1112, 1927), (1118, 1919), (1123, 1920), (1131, 1899), (1119, 1894), (1068, 1873)],
    '11': [(1273, 1425), (1288, 1429), (1294, 1411), (1303, 1427), (1311, 1422), (1319, 1413), (1323, 1402), (1322, 1395), (1322, 1390), (1321, 1386), (1300, 1392), (1308, 1362), (1292, 1358), (1279, 1407)],
    '12': [(1293, 1212), (1291, 1227), (1290, 1237), (1298, 1238), (1309, 1240), (1338, 1243), (1340, 1233), (1333, 1232), (1318, 1229), (1318, 1221), (1307, 1215), (1301, 1212)],
    '13': [(1346, 1675), (1381, 1697), (1388, 1685), (1394, 1678), (1374, 1664), (1367, 1672), (1357, 1664), (1354, 1662), (1349, 1670)],
    '14': [(1422, 1688), (1430, 1698), (1435, 1699), (1442, 1701), (1447, 1703), (1452, 1696), (1458, 1687), (1432, 1670)],
    '15': [(1375, 1747), (1378, 1750), (1389, 1753), (1392, 1749), (1392, 1747), (1433, 1764), (1437, 1753), (1441, 1746), (1438, 1743), (1435, 1741), (1387, 1724), (1385, 1723), (1383, 1733)],
    '16': [(1454, 1739), (1437, 1729), (1456, 1697), (1472, 1672), (1481, 1678), (1490, 1683), (1477, 1703)],
    '17': [(1468, 1746), (1472, 1746), (1485, 1757), (1494, 1743), (1526, 1692), (1527, 1690), (1520, 1686), (1510, 1680), (1494, 1706), (1478, 1730)],
    '18': [(1633, 1712), (1644, 1719), (1660, 1730), (1665, 1722), (1671, 1711), (1644, 1693)],
    '19': [(1324, 1753), (1379, 1775), (1386, 1764), (1387, 1756), (1332, 1733), (1328, 1741)],
    '20': [(1000, 1801), (941, 1809), (944, 1837), (1004, 1830)],
    '21': [(1168, 1900), (1163, 1910), (1160, 1918), (1185, 1929), (1193, 1911)],
    '22': [(1011, 1899), (952, 1907), (956, 1933), (1015, 1925), (1013, 1912)],
    '23': [(1006, 1849), (943, 1858), (946, 1884), (1009, 1875), (1010, 1874)],
    '24': [(1610, 1738), (1605, 1746), (1599, 1755), (1610, 1763), (1636, 1780), (1643, 1770), (1647, 1763)],
    '25': [(1281, 1559), (1269, 1547), (1283, 1535), (1326, 1495), (1331, 1500), (1338, 1507), (1290, 1551)],
    '26': [(1312, 1215), (1326, 1221), (1341, 1221), (1342, 1206), (1332, 1194), (1336, 1194), (1337, 1189), (1339, 1167), (1341, 1165), (1345, 1167), (1345, 1174), (1399, 1180), (1399, 1172), (1401, 1158), (1345, 1153), (1346, 1141), (1328, 1143), (1326, 1146), (1320, 1145), (1318, 1162), (1312, 1211)],
    '27': [(1061, 1858), (1092, 1872), (1095, 1862), (1099, 1853), (1086, 1846), (1103, 1807), (1110, 1791), (1100, 1786), (1091, 1782), (1061, 1851), (1064, 1852)],
    '28': [(1466, 1778), (1498, 1799), (1499, 1802), (1513, 1813), (1507, 1824), (1495, 1827), (1485, 1820), (1480, 1818), (1450, 1832), (1446, 1821), (1439, 1816), (1442, 1813), (1462, 1784)],
    '29': [(1254, 1301), (1275, 1308), (1273, 1314), (1267, 1334), (1269, 1335), (1275, 1337), (1254, 1406), (1254, 1411), (1255, 1417), (1288, 1453), (1268, 1471), (1261, 1463), (1234, 1434), (1241, 1427), (1236, 1421), (1234, 1416), (1233, 1413), (1235, 1405), (1238, 1401), (1230, 1405), (1226, 1406), (1222, 1406), (1215, 1404), (1208, 1396), (1207, 1382), (1213, 1373), (1221, 1369), (1229, 1368), (1237, 1371), (1242, 1378), (1244, 1371), (1252, 1348), (1240, 1345), (1252, 1308)],
    '30': [(1169, 1389), (1194, 1416), (1200, 1423), (1182, 1439), (1175, 1431), (1167, 1439), (1159, 1430), (1143, 1412)],
    '31': [(1101, 1375), (1108, 1389), (1112, 1396), (1125, 1407), (1127, 1407), (1135, 1400), (1150, 1386), (1130, 1366), (1125, 1370), (1124, 1368), (1122, 1367), (1117, 1367), (1110, 1373), (1106, 1370)],
    '32': [(1245, 1456), (1255, 1468), (1261, 1475), (1242, 1491), (1233, 1498), (1228, 1492), (1218, 1479), (1228, 1471)],
    '33': [(1329, 1546), (1356, 1576), (1319, 1609), (1292, 1579), (1297, 1575)],
    '34': [(1333, 1544), (1350, 1561), (1354, 1555), (1357, 1550), (1360, 1542), (1361, 1534), (1359, 1522), (1355, 1513), (1349, 1508), (1330, 1524), (1332, 1525), (1334, 1527), (1337, 1531), (1338, 1536), (1337, 1539)],
    '35': [(1127, 1520), (1142, 1506), (1145, 1508), (1157, 1497), (1161, 1502), (1170, 1495), (1178, 1504), (1181, 1500), (1187, 1507), (1191, 1503), (1217, 1533), (1191, 1556), (1173, 1571)],
    '36': [(1286, 1458), (1309, 1482), (1315, 1477), (1318, 1481), (1327, 1491), (1333, 1486), (1339, 1480), (1321, 1459), (1316, 1464), (1299, 1446)],
    '37': [(1568, 1808), (1580, 1821), (1583, 1823), (1573, 1837), (1570, 1843), (1570, 1849), (1575, 1859), (1577, 1858), (1580, 1851), (1586, 1855), (1582, 1863), (1564, 1871), (1553, 1850), (1551, 1844), (1552, 1835), (1558, 1826)],
    '38': [(1536, 1684), (1530, 1693), (1524, 1703), (1533, 1709), (1548, 1719), (1563, 1730), (1569, 1721), (1576, 1711)],
    '39': [(1548, 1719), (1545, 1724), (1517, 1767), (1505, 1787), (1511, 1791), (1522, 1800), (1534, 1780), (1565, 1731), (1564, 1731), (1563, 1730)],
    '40': [(1497, 1754), (1511, 1763), (1517, 1767), (1505, 1787), (1485, 1772), (1494, 1758)],
    '41': [(1697, 1789), (1656, 1760), (1646, 1775), (1657, 1783), (1653, 1788), (1648, 1797), (1645, 1791), (1635, 1798), (1644, 1810), (1656, 1817), (1672, 1817), (1680, 1808), (1683, 1810)],
    '42': [(1146, 1799), (1157, 1804), (1168, 1809), (1162, 1821), (1146, 1860), (1135, 1885), (1124, 1880), (1114, 1875)],
    '43': [(1431, 944), (1445, 984), (1454, 981), (1463, 1005), (1483, 998), (1477, 980), (1500, 972), (1506, 990), (1510, 987), (1513, 994), (1520, 991), (1518, 987), (1525, 983), (1501, 931), (1494, 934), (1486, 932), (1483, 938), (1496, 957), (1476, 965), (1464, 932)],
    '44': [(1528, 1848), (1531, 1854), (1535, 1865), (1472, 1891), (1448, 1901), (1444, 1891), (1441, 1883), (1498, 1860)],
    '45': [(1144, 1100), (1115, 1047), (1136, 1036), (1165, 1088)],
    '46': [(1113, 1354), (1114, 1354), (1114, 1354), (1097, 1370), (1096, 1370), (1097, 1370), (1083, 1355), (1078, 1350), (1095, 1334)],
    '47': [(1488, 1254), (1481, 1265), (1475, 1274), (1493, 1284), (1512, 1294), (1508, 1302), (1498, 1320), (1480, 1353), (1477, 1359), (1515, 1381), (1524, 1366), (1505, 1354), (1511, 1343), (1514, 1338), (1533, 1349), (1542, 1334), (1522, 1322), (1533, 1304), (1554, 1316), (1576, 1281), (1554, 1268), (1544, 1284), (1535, 1278)],
    '48': [(1577, 1210), (1555, 1247), (1548, 1260), (1582, 1279), (1588, 1283), (1597, 1266), (1575, 1254), (1595, 1220)],
    '49': [(1484, 1524), (1528, 1515), (1532, 1534), (1538, 1565), (1539, 1568), (1514, 1573), (1507, 1541), (1507, 1539), (1487, 1543)],
    '50': [(1017, 1731), (1011, 1746), (1007, 1744), (995, 1782), (1002, 1784), (1027, 1791), (1036, 1757), (1028, 1750), (1032, 1738), (1028, 1737), (1023, 1736), (1024, 1733)],
    '51': [(1440, 1911), (1448, 1901), (1444, 1891), (1432, 1902)],
    '52': [(1897, 1260), (1897, 1256), (1875, 1256), (1866, 1256), (1866, 1239), (1870, 1239), (1887, 1239), (1887, 1205), (1886, 1189), (1868, 1190), (1868, 1171), (1906, 1170), (1906, 1260)],
    '53': [(1760, 872), (1809, 848), (1815, 860), (1766, 884)],
    '54': [(1308, 1939), (1403, 1854), (1407, 1859), (1411, 1864), (1320, 1946), (1317, 1949)],
    '55': [(1002, 1784), (1000, 1801), (1004, 1830), (1006, 1849), (1010, 1874), (1009, 1875), (1011, 1899), (1013, 1912), (1015, 1925), (1038, 1920), (1031, 1859), (1028, 1834), (1026, 1820), (1026, 1804), (1027, 1791)],
    '56': [(1769, 1031), (1816, 993), (1823, 1002), (1776, 1040)],
    '57': [(1820, 990), (1829, 1001), (1836, 997), (1839, 974)],
    '58': [(1746, 1003), (1751, 1015), (1779, 1004), (1808, 980), (1799, 967), (1769, 990)],
    '59': [(1568, 1325), (1603, 1265), (1609, 1271), (1605, 1299), (1586, 1336), (1578, 1353), (1576, 1357), (1550, 1344), (1546, 1348), (1538, 1343), (1550, 1319), (1563, 1326), (1580, 1336), (1581, 1333)],
    '60': [(1516, 1390), (1536, 1351), (1546, 1356), (1532, 1383), (1537, 1387), (1540, 1391), (1542, 1395), (1545, 1400), (1545, 1409), (1541, 1419), (1538, 1422), (1535, 1418), (1543, 1435), (1537, 1444), (1518, 1432), (1504, 1448), (1505, 1457), (1507, 1463), (1496, 1473), (1492, 1467), (1497, 1462), (1494, 1457), (1492, 1451), (1490, 1440), (1499, 1427), (1507, 1419), (1516, 1421), (1520, 1424), (1524, 1419), (1529, 1415), (1532, 1410), (1533, 1405), (1533, 1401), (1531, 1398), (1527, 1394)],
    '61': [(1421, 1311), (1460, 1334), (1469, 1318), (1449, 1307), (1455, 1297), (1469, 1272), (1458, 1266), (1450, 1261), (1447, 1266), (1437, 1283), (1428, 1299)],
    '62': [(1445, 1208), (1479, 1225), (1476, 1229), (1473, 1237), (1456, 1228), (1450, 1239), (1478, 1254), (1483, 1256), (1489, 1245), (1504, 1216), (1455, 1190), (1450, 1200)],
    '63': [(1360, 1009), (1358, 1003), (1353, 1005), (1350, 997), (1346, 999), (1332, 960), (1317, 966), (1322, 980), (1316, 982), (1298, 935), (1306, 923), (1389, 893), (1424, 986)],
    '64': [(1186, 1030), (1184, 995), (1194, 994), (1193, 975), (1205, 975), (1207, 1029)],
    '65': [(1881, 1773), (1891, 1777), (1900, 1754), (1909, 1750), (1921, 1719), (1941, 1710), (1937, 1701), (1914, 1711), (1901, 1742), (1893, 1746), (1887, 1735), (1873, 1742), (1878, 1755), (1892, 1748)],
    '66': [(1945, 947), (1964, 949), (1969, 900), (1951, 898), (1950, 905), (1945, 904), (1943, 915), (1937, 914), (1935, 928), (1940, 929), (1939, 938), (1945, 939)],
    '67': [(687, 584), (726, 576), (729, 576), (732, 578), (801, 647), (809, 639), (738, 567), (734, 565), (728, 563), (723, 564), (684, 573)],
    '68': [(707, 607), (726, 589), (721, 583), (695, 590), (697, 595), (702, 601)],
    '69': [(1453, 1092), (1475, 1084), (1470, 1069), (1459, 1072), (1456, 1062), (1443, 1067)],
    '70': [(1430, 1057), (1457, 1047), (1462, 1059), (1477, 1054), (1467, 1027), (1424, 1042)],
    '71': [(1622, 1149), (1632, 1136), (1637, 1130), (1638, 1128), (1590, 1090), (1595, 1084), (1556, 1052), (1543, 1069), (1583, 1102), (1575, 1111)],
    '72': [(1604, 1083), (1618, 1065), (1575, 1031), (1568, 1040), (1561, 1049)],
    '73': [(1629, 1155), (1644, 1167), (1664, 1142), (1649, 1129), (1644, 1135), (1637, 1130), (1632, 1136), (1639, 1142)],
    '74': [(1204, 1043), (1204, 1050), (1209, 1050), (1209, 1057), (1217, 1058), (1218, 1055), (1233, 1055), (1233, 1051), (1238, 1051), (1238, 1044)],
    '75': [(1206, 1070), (1206, 1088), (1242, 1088), (1242, 1070)],
    '76': [(1248, 1044), (1248, 1072), (1292, 1073), (1292, 1066), (1297, 1066), (1297, 1052), (1293, 1052), (1293, 1045)],
    '77': [(1255, 1084), (1255, 1098), (1308, 1098), (1308, 1084)],
    '78': [(1266, 886), (1293, 916), (1355, 864), (1329, 833)],
    '79': [(1462, 881), (1468, 905), (1483, 902), (1481, 894), (1477, 894), (1474, 878)],
    '80': [(1406, 771), (1389, 793), (1448, 840), (1466, 818)],
    '81': [(1503, 1000), (1511, 1024), (1550, 1054), (1565, 1035), (1553, 1026), (1572, 1000), (1550, 984)],
    '82': [(1475, 1067), (1482, 1083), (1537, 1081), (1536, 1064)],
    '83': [(1345, 1231), (1344, 1245), (1440, 1256), (1443, 1228), (1411, 1225), (1413, 1211), (1412, 1205), (1409, 1202), (1403, 1199), (1396, 1197), (1391, 1201), (1389, 1207), (1384, 1206), (1383, 1211), (1384, 1215), (1384, 1219), (1368, 1217), (1367, 1229), (1366, 1233)],
    '84': [(1431, 1149), (1426, 1203), (1437, 1198), (1441, 1197), (1448, 1191), (1452, 1155), (1450, 1148), (1445, 1145), (1439, 1144), (1438, 1150)],
    '85': [(1322, 1257), (1319, 1281), (1319, 1288), (1313, 1289), (1311, 1293), (1310, 1296), (1311, 1300), (1314, 1301), (1313, 1310), (1331, 1312), (1331, 1317), (1375, 1322), (1376, 1314), (1383, 1315), (1384, 1301), (1380, 1301), (1382, 1283), (1398, 1285), (1400, 1265)],
    '86': [(1412, 1551), (1401, 1562), (1394, 1569), (1381, 1583), (1390, 1594), (1396, 1591), (1414, 1579), (1426, 1580), (1446, 1582), (1452, 1565), (1440, 1561)],
    '87': [(1363, 1478), (1376, 1485), (1381, 1484), (1387, 1482), (1382, 1468), (1380, 1460), (1374, 1457), (1377, 1450), (1368, 1446), (1371, 1439), (1362, 1434), (1354, 1431), (1348, 1443), (1355, 1446), (1350, 1456), (1358, 1459), (1355, 1466)],
    '88': [(1342, 1421), (1374, 1436), (1378, 1427), (1374, 1425), (1382, 1408), (1371, 1403), (1364, 1417), (1348, 1409)],
    '89': [(1367, 1397), (1373, 1396), (1373, 1400), (1373, 1403), (1380, 1403), (1382, 1403), (1398, 1403), (1405, 1403), (1404, 1379), (1400, 1379), (1393, 1379), (1393, 1383), (1382, 1383), (1382, 1385), (1371, 1386), (1367, 1388)],
    '90': [(1415, 1389), (1416, 1406), (1427, 1415), (1433, 1415), (1432, 1407), (1436, 1407), (1451, 1406), (1451, 1411), (1459, 1411), (1468, 1402), (1467, 1395), (1472, 1391), (1472, 1380), (1460, 1380), (1460, 1385), (1458, 1385), (1458, 1386), (1458, 1391), (1448, 1391), (1448, 1384), (1438, 1385), (1438, 1389), (1435, 1389), (1435, 1383), (1427, 1384), (1420, 1384), (1421, 1389)],
    '91': [(1417, 1375), (1419, 1370), (1418, 1364), (1457, 1342), (1467, 1359), (1465, 1363), (1469, 1369), (1467, 1377), (1459, 1379), (1449, 1363), (1441, 1365), (1434, 1369), (1433, 1376), (1425, 1375)],
    '92': [(1444, 1456), (1458, 1467), (1461, 1464), (1487, 1432), (1482, 1429), (1486, 1425), (1486, 1415), (1479, 1415), (1477, 1415), (1477, 1413), (1473, 1413), (1469, 1419), (1472, 1422), (1470, 1424), (1467, 1422), (1461, 1430), (1463, 1433)],
    '93': [(1421, 1471), (1424, 1473), (1439, 1480), (1439, 1486), (1440, 1506), (1433, 1507), (1433, 1517), (1433, 1521), (1438, 1521), (1453, 1520), (1460, 1520), (1460, 1508), (1455, 1508), (1454, 1483), (1459, 1483), (1459, 1470), (1448, 1470), (1428, 1459)],
    '94': [(1387, 1500), (1388, 1513), (1394, 1512), (1389, 1522), (1394, 1530), (1399, 1528), (1405, 1539), (1415, 1539), (1419, 1528), (1417, 1525), (1419, 1521), (1423, 1519), (1424, 1519), (1426, 1519), (1430, 1519), (1433, 1543), (1440, 1541), (1442, 1538), (1441, 1527), (1437, 1526), (1438, 1521), (1433, 1521), (1433, 1517), (1425, 1517), (1423, 1517), (1420, 1515), (1424, 1515), (1423, 1505), (1418, 1505), (1412, 1509), (1409, 1506), (1407, 1503), (1409, 1495), (1404, 1491)],
    '95': [(1963, 1166), (1964, 1203), (2000, 1201), (1998, 1169), (2019, 1147), (2042, 1152), (2047, 1128), (1997, 1118)],
    '96': [(1877, 1095), (1875, 1105), (1875, 1119), (1878, 1134), (1880, 1145), (1893, 1146), (1889, 1130), (1892, 1118), (1903, 1117), (1901, 1104), (1897, 1094), (1890, 1088), (1881, 1090)],
    '97': [(1915, 1105), (1938, 1113), (1941, 1151), (1907, 1153), (1905, 1139), (1927, 1138), (1925, 1117), (1911, 1118)],
    '98': [(1912, 953), (1908, 973), (1919, 975), (1950, 997), (1972, 1001), (1975, 986), (1960, 984), (1928, 957)],
    '99': [(1967, 962), (1974, 978), (2022, 959), (2015, 943)],
    '100': [(1600, 1867), (1591, 1880), (1598, 1885), (1607, 1872)],
    '101': [(1789, 1046), (1797, 1061), (1839, 1040), (1832, 1025)],
    '102': [(1802, 966), (1812, 978), (1840, 957), (1840, 938)],
    '103': [(1762, 938), (1764, 953), (1803, 929), (1794, 917)],
    '104': [(1797, 915), (1807, 927), (1840, 907), (1840, 886)],
    '105': [(1766, 904), (1769, 923), (1791, 910), (1784, 894)],
    '106': [(1789, 893), (1795, 906), (1839, 880), (1839, 862)],
    '107': [(1986, 1031), (1979, 1077), (1995, 1080), (2002, 1034)],
    '108': [(1961, 1028), (1954, 1073), (1971, 1075), (1978, 1030)],
    '109': [(1900, 1034), (1898, 1053), (1945, 1059), (1947, 1040)],
    '110': [(1905, 1003), (1901, 1020), (1946, 1028), (1949, 1012)],
    '111': [(364, 433), (353, 445), (376, 467), (387, 456)],
    '112': [(1460, 1339), (1465, 1335), (1473, 1345), (1467, 1349)],
    '113': [(1872, 1472), (1923, 1468), (1920, 1426), (1908, 1427), (1910, 1457), (1872, 1460)],
    '114': [(1346, 1076), (1339, 1056), (1354, 1049), (1365, 1077), (1365, 1100), (1360, 1106), (1351, 1105), (1346, 1100)],
    '115': [(1368, 1038), (1411, 1020), (1434, 1090), (1390, 1103)],
    '116': [(1227, 1352), (1244, 1357), (1242, 1361), (1240, 1369), (1229, 1368), (1223, 1364)],
    '117': [(323, 135), (299, 167), (317, 181), (330, 163), (337, 169), (348, 156)],
    '118': [(1857, 1658), (1849, 1640), (1845, 1642), (1842, 1635), (1859, 1627), (1858, 1624), (1866, 1620), (1877, 1645), (1863, 1651), (1865, 1654)],
    '119': [(1963, 1440), (1976, 1438), (1978, 1462), (1973, 1463), (1975, 1482), (1962, 1484), (1960, 1463), (1965, 1463)],
    '120': [(1974, 1413), (1973, 1402), (1998, 1399), (1998, 1405), (2021, 1402), (2022, 1415), (1999, 1417), (1998, 1410)],
    '121': [(1923, 1502), (1927, 1501), (1941, 1500), (1943, 1525), (1925, 1527)],
    '122': [(1889, 1502), (1898, 1565), (1892, 1566), (1883, 1567), (1876, 1518), (1871, 1519), (1857, 1521), (1856, 1514), (1855, 1507)],
    '123': [(1858, 1730), (1820, 1746), (1818, 1740), (1806, 1711), (1797, 1715), (1791, 1717), (1811, 1764), (1863, 1742)],
    '124': [(1887, 1705), (1880, 1690), (1875, 1691), (1870, 1682), (1910, 1663), (1900, 1642), (1903, 1641), (1898, 1631), (1908, 1626), (1930, 1672), (1903, 1685), (1902, 1682), (1896, 1685), (1902, 1698)],
    '125': [(1806, 1680), (1813, 1696), (1809, 1698), (1812, 1706), (1832, 1698), (1833, 1701), (1840, 1699), (1834, 1683), (1837, 1681), (1834, 1673), (1815, 1680), (1813, 1677)],
    '126': [(1977, 1423), (1978, 1437), (2007, 1433), (2005, 1419)],
    '127': [(1778, 1616), (1786, 1632), (1782, 1634), (1786, 1642), (1805, 1633), (1807, 1637), (1813, 1634), (1805, 1617), (1808, 1616), (1805, 1608), (1787, 1616), (1785, 1613)],
    '128': [(1822, 1569), (1823, 1576), (1828, 1576), (1829, 1595), (1837, 1594), (1837, 1589), (1856, 1588), (1856, 1577), (1850, 1578), (1849, 1561), (1838, 1561), (1839, 1568)],
    '129': [(1932, 1402), (1945, 1401), (1946, 1426), (1953, 1426), (1954, 1445), (1942, 1446), (1941, 1426), (1933, 1426)],
    '130': [(1870, 1409), (1909, 1407), (1919, 1406), (1920, 1420), (1911, 1420), (1887, 1421), (1870, 1422)],
    '131': [(1926, 1475), (1946, 1474), (1948, 1500), (1941, 1500), (1927, 1501), (1927, 1492)],
    '132': [(1910, 1318), (1922, 1317), (1923, 1341), (1917, 1341), (1919, 1366), (1906, 1367), (1904, 1341), (1911, 1340)],
    '133': [(1935, 1323), (1936, 1336), (1965, 1334), (1964, 1321)],
    '134': [(1952, 1381), (1939, 1371), (1939, 1368), (1935, 1365), (1935, 1355), (1938, 1352), (1948, 1351), (1952, 1354), (1955, 1354), (1954, 1349), (1969, 1348), (1971, 1358), (1968, 1358), (1970, 1371), (1969, 1379), (1965, 1383), (1955, 1383)],
    '135': [(1374, 230), (1379, 269), (1381, 269), (1394, 267), (1400, 267), (1396, 227)],
    '136': [(1381, 269), (1382, 272), (1377, 273), (1379, 293), (1418, 289), (1416, 268), (1395, 271), (1394, 267)],
    '137': [(1319, 209), (1336, 209), (1336, 183), (1319, 183)],
    '138': [(1229, 157), (1242, 156), (1243, 171), (1229, 172)],
    '139': [(1374, 315), (1373, 322), (1367, 321), (1365, 342), (1370, 343), (1369, 349), (1404, 353), (1408, 319)],
    '140': [(1264, 162), (1265, 213), (1265, 220), (1275, 220), (1280, 220), (1283, 219), (1282, 162)],
    '141': [(1264, 162), (1259, 162), (1259, 181), (1257, 181), (1256, 181), (1254, 182), (1252, 183), (1251, 184), (1250, 185), (1249, 187), (1248, 188), (1248, 190), (1248, 191), (1248, 193), (1248, 195), (1249, 197), (1250, 198), (1251, 199), (1253, 200), (1254, 201), (1256, 202), (1258, 202), (1259, 202), (1260, 213), (1265, 213)],
    '142': [(1265, 213), (1260, 213), (1239, 213), (1236, 211), (1234, 213), (1235, 219), (1235, 229), (1275, 228), (1275, 225), (1282, 225), (1284, 223), (1282, 221), (1280, 221), (1280, 220), (1275, 220), (1265, 220)],
    '143': [(1264, 313), (1267, 314), (1283, 315), (1287, 279), (1284, 278), (1272, 277), (1268, 277)],
    '144': [(1358, 237), (1357, 247), (1311, 244), (1284, 275), (1284, 278), (1272, 277), (1272, 271), (1276, 267), (1273, 264), (1290, 245), (1293, 248), (1303, 237), (1312, 233)],
    '145': [(1215, 356), (1221, 357), (1223, 339), (1243, 341), (1241, 359), (1234, 359), (1229, 406), (1235, 407), (1233, 425), (1226, 424), (1221, 424), (1214, 423), (1217, 405), (1200, 403), (1200, 398), (1210, 399)],
    '146': [(1221, 424), (1221, 427), (1217, 426), (1216, 434), (1220, 434), (1219, 438), (1319, 449), (1320, 438), (1258, 431), (1225, 428), (1226, 424)],
    '147': [(200, 597), (197, 625), (210, 626), (212, 610), (227, 612), (228, 602)],
    '148': [(553, 662), (575, 661), (573, 615), (566, 612), (559, 612), (556, 615), (551, 615)],
    '149': [(563, 731), (567, 731), (567, 733), (597, 734), (598, 722), (567, 721), (567, 723), (563, 723)],
    '150': [(570, 756), (561, 756), (561, 737), (571, 738), (571, 740), (634, 742), (635, 711), (639, 711), (639, 706), (647, 707), (648, 705), (658, 705), (657, 734), (638, 733), (638, 742), (640, 742), (640, 741), (644, 741), (644, 740), (650, 740), (648, 783), (637, 783), (637, 786), (581, 783), (582, 770), (636, 772), (637, 755), (570, 753)],
    '151': [(483, 949), (465, 946), (465, 942), (475, 944), (476, 935), (433, 930), (435, 917), (478, 922), (479, 912), (488, 913)],
    '152': [(274, 281), (281, 284), (287, 287), (292, 270), (280, 265)],
    '153': [(623, 141), (608, 135), (613, 125), (627, 131)],
    '154': [(492, 123), (495, 115), (487, 111), (484, 119)],
    '155': [(364, 82), (369, 96), (359, 98), (354, 85)],
    '156': [(357, 101), (349, 103), (343, 88), (352, 86)],
    '157': [(334, 92), (341, 89), (347, 106), (339, 108)],
    '158': [(320, 97), (323, 109), (336, 105), (333, 93)],
    '159': [(322, 120), (325, 130), (342, 127), (337, 116)],
    '160': [(338, 111), (344, 127), (354, 126), (348, 109)],
    '161': [(349, 108), (356, 126), (363, 124), (358, 106)],
    '162': [(369, 97), (358, 100), (360, 107), (371, 104)],
    '163': [(360, 108), (362, 116), (374, 113), (372, 105)],
    '164': [(364, 117), (366, 124), (375, 122), (374, 114)],
    '165': [(384, 102), (374, 105), (371, 95), (381, 92)],
    '166': [(375, 108), (378, 121), (389, 120), (385, 106)],
    '167': [(383, 90), (386, 102), (398, 98), (395, 87)],
    '168': [(388, 107), (392, 120), (405, 117), (401, 104)],
    '169': [(415, 100), (405, 103), (402, 93), (413, 90)],
    '170': [(418, 114), (407, 116), (404, 105), (416, 102)],
    '171': [(430, 98), (417, 101), (414, 90), (427, 87)],
    '172': [(434, 112), (421, 114), (418, 103), (431, 100)],
    '173': [(433, 100), (436, 111), (449, 109), (445, 96)],
    '174': [(447, 97), (451, 109), (463, 107), (457, 94)],
    '175': [(477, 104), (465, 106), (462, 97), (474, 94)],
    '176': [(474, 88), (478, 104), (491, 102), (487, 85)],
    '177': [(352, 130), (373, 126), (368, 138), (355, 141)],
    '178': [(354, 142), (346, 153), (351, 157), (360, 148)],
    '179': [(360, 149), (353, 158), (359, 163), (363, 152)],
    '180': [(974, 965), (974, 969), (974, 973), (991, 974), (991, 969), (991, 965)],
    '181': [(834, 880), (846, 884), (873, 906), (868, 911), (885, 925), (863, 952), (848, 939), (850, 937), (845, 933), (848, 929), (822, 906)],
    '182': [(486, 398), (478, 405), (489, 415), (500, 415), (502, 412), (502, 407), (493, 405)],
    '183': [(679, 571), (692, 605), (669, 613), (657, 579)],
    '184': [(345, 890), (424, 880), (425, 888), (419, 889), (423, 917), (420, 918), (421, 923), (355, 932), (353, 921), (410, 914), (407, 893), (346, 901)],
    '185': [(395, 832), (400, 867), (426, 864), (422, 828)],
    '186': [(571, 881), (564, 923), (579, 926), (580, 922), (591, 924), (597, 885)],
    '187': [(517, 927), (515, 938), (591, 951), (593, 939)],
    '188': [(408, 671), (420, 669), (421, 682), (408, 683)],
    '189': [(241, 721), (255, 720), (254, 710), (260, 710), (261, 732), (242, 733)],
    '190': [(190, 740), (215, 740), (215, 754), (190, 754)],
    '191': [(442, 668), (442, 676), (457, 678), (459, 678), (460, 667)],
    '192': [(402, 599), (416, 598), (417, 613), (403, 614)],
    '193': [(404, 627), (419, 626), (419, 636), (404, 636)],
    '194': [(406, 639), (419, 639), (419, 648), (406, 648)],
    '195': [(411, 651), (420, 651), (420, 662), (419, 664), (418, 664), (417, 665), (411, 666)],
    '196': [(1809, 1140), (1809, 1156), (1811, 1155), (1810, 1174), (1835, 1174), (1836, 1141)],
    '197': [(1778, 1187), (1779, 1213), (1815, 1212), (1814, 1187)],
    '198': [(1811, 1227), (1811, 1261), (1838, 1259), (1837, 1226)],
    '199': [(936, 1439), (933, 1439), (929, 1447), (931, 1450), (923, 1465), (931, 1468), (936, 1456), (938, 1456), (939, 1455), (940, 1453), (939, 1451), (939, 1449), (948, 1453), (950, 1450), (952, 1446)],
    '200': [(913, 1020), (920, 1043), (935, 1038), (928, 1015)],
    '201': [(193, 1621), (186, 1638), (201, 1644), (207, 1627)],
    '202': [(251, 655), (266, 657), (266, 643), (252, 641)],
    '203': [(289, 1256), (305, 1248), (296, 1235), (281, 1245)],
    '204': [(317, 1231), (321, 1239), (334, 1233), (330, 1224)],
    '205': [(189, 1035), (188, 1048), (198, 1048), (198, 1043), (199, 1036)],
    '206': [(200, 1036), (199, 1048), (208, 1050), (208, 1044), (209, 1037)],
    '207': [(210, 1036), (209, 1048), (218, 1049), (218, 1044), (218, 1036)],
    '208': [(224, 1035), (223, 1048), (234, 1048), (234, 1035)],
    '209': [(234, 1035), (234, 1048), (243, 1048), (243, 1038), (243, 1035)],
    '210': [(252, 1038), (252, 1048), (252, 1050), (260, 1051), (260, 1038)],
    '211': [(243, 1038), (243, 1048), (252, 1048), (252, 1038)],
    '212': [(269, 1041), (267, 1048), (271, 1049), (272, 1058), (280, 1059), (281, 1056), (281, 1049), (280, 1049), (281, 1047), (281, 1041)],
    '213': [(261, 1040), (260, 1049), (261, 1052), (263, 1053), (265, 1053), (266, 1046), (265, 1040)],
    '214': [(184, 1059), (184, 1070), (192, 1071), (192, 1065), (192, 1059)],
    '215': [(193, 1059), (193, 1070), (200, 1071), (200, 1065), (201, 1059)],
    '216': [(203, 1060), (203, 1071), (211, 1072), (211, 1066), (211, 1060)],
    '217': [(212, 1060), (212, 1072), (219, 1072), (219, 1067), (220, 1060)],
    '218': [(220, 1061), (220, 1072), (227, 1073), (228, 1067), (228, 1061)],
    '219': [(229, 1063), (228, 1073), (248, 1074), (248, 1067), (248, 1061), (242, 1061), (242, 1067), (237, 1067), (238, 1064)],
    '220': [(251, 1059), (250, 1074), (260, 1075), (260, 1064), (258, 1063), (258, 1059)],
    '221': [(264, 1062), (264, 1071), (282, 1072), (282, 1062), (277, 1063), (272, 1062), (268, 1063)],
    '222': [(224, 1115), (233, 1126), (242, 1119), (234, 1108)],
    '223': [(294, 1176), (305, 1169), (311, 1176), (299, 1183)],
    '224': [(287, 1161), (298, 1154), (304, 1161), (292, 1168)],
    '225': [(299, 1184), (310, 1178), (320, 1189), (310, 1195)],
    '226': [(189, 1160), (194, 1167), (204, 1159), (199, 1153)],
    '227': [(183, 1154), (188, 1160), (198, 1152), (193, 1146)],
    '228': [(175, 1170), (180, 1176), (192, 1168), (186, 1161)],
    '229': [(190, 1142), (181, 1149), (183, 1153), (193, 1146)],
    '230': [(204, 1112), (217, 1101), (224, 1109), (209, 1119)],
    '231': [(195, 1110), (187, 1100), (180, 1106), (188, 1116), (193, 1114)],
    '232': [(188, 1098), (193, 1094), (199, 1104), (200, 1102), (203, 1106), (199, 1109), (196, 1111), (192, 1105), (187, 1099)],
    '233': [(193, 1116), (197, 1112), (198, 1115), (200, 1112), (203, 1117), (204, 1118), (205, 1117), (206, 1118), (207, 1119), (206, 1120), (207, 1123), (201, 1126), (196, 1121)],
    '234': [(184, 1122), (189, 1117), (199, 1127), (193, 1133)],
    '235': [(195, 1181), (202, 1192), (209, 1187), (202, 1176)],
    '236': [(187, 1211), (194, 1220), (199, 1216), (203, 1221), (206, 1218), (197, 1205)],
    '237': [(215, 1190), (223, 1203), (229, 1200), (220, 1187)],
    '238': [(208, 1092), (215, 1100), (228, 1093), (226, 1091), (213, 1090)],
    '239': [(284, 1137), (287, 1143), (300, 1136), (298, 1133), (290, 1137), (289, 1135)],
    '240': [(210, 1171), (218, 1182), (222, 1181), (225, 1178), (216, 1167)],
    '241': [(232, 1203), (239, 1213), (247, 1208), (239, 1196), (235, 1199), (238, 1204), (236, 1205), (233, 1202)],
    '242': [(220, 1211), (228, 1221), (237, 1215), (229, 1205)],
    '243': [(197, 1201), (202, 1210), (208, 1206), (202, 1198)],
    '244': [(203, 1197), (209, 1206), (219, 1199), (214, 1191)],
    '245': [(203, 1176), (210, 1187), (217, 1183), (210, 1172)],
    '246': [(188, 1186), (195, 1197), (202, 1192), (195, 1181)],
    '247': [(283, 1264), (290, 1274), (295, 1271), (289, 1261)],
    '248': [(273, 1271), (280, 1281), (289, 1274), (283, 1265)],
    '249': [(280, 1281), (287, 1291), (302, 1281), (300, 1278), (295, 1271)],
    '250': [(321, 1251), (346, 1299), (355, 1294), (331, 1246)],
    '251': [(262, 1278), (269, 1289), (278, 1284), (270, 1273)],
    '252': [(270, 1142), (280, 1158), (288, 1153), (287, 1145), (280, 1134)],
    '253': [(227, 1173), (236, 1187), (241, 1186), (253, 1177), (243, 1162)],
    '254': [(249, 1164), (257, 1175), (264, 1170), (257, 1159)],
    '255': [(205, 1223), (211, 1230), (223, 1221), (217, 1213)],
    '256': [(257, 1271), (260, 1274), (263, 1274), (268, 1270), (268, 1269), (271, 1267), (267, 1263)],
    '257': [(299, 1294), (309, 1313), (318, 1308), (308, 1290)],
    '258': [(289, 1300), (299, 1318), (308, 1313), (298, 1295)],
    '259': [(271, 1231), (281, 1244), (295, 1234), (286, 1220)],
    '260': [(313, 1222), (317, 1231), (330, 1224), (326, 1216)],
    '261': [(308, 1214), (312, 1222), (325, 1215), (321, 1207)],
    '262': [(292, 1200), (298, 1208), (307, 1201), (301, 1194)],
    '263': [(286, 1191), (292, 1199), (300, 1193), (294, 1185)],
    '264': [(829, 740), (837, 748), (843, 742), (849, 748), (888, 705), (884, 702), (874, 693), (869, 699), (866, 697), (855, 708), (857, 710)],
    '265': [(384, 958), (406, 994), (446, 998), (448, 988), (410, 984), (391, 954)],
    '266': [(521, 942), (515, 967), (584, 981), (587, 970), (529, 958), (532, 944)],
    '267': [(446, 962), (484, 967), (483, 977), (445, 971)],
    '268': [(446, 1006), (484, 1011), (483, 1019), (445, 1014)],
    '269': [(493, 1016), (571, 1027), (570, 1035), (492, 1023)],
    '270': [(574, 1034), (645, 1046), (652, 1005), (656, 1006), (659, 986), (645, 983), (636, 1038), (575, 1028)],
    '271': [(629, 897), (616, 979), (630, 981), (643, 899)],
    '272': [(670, 927), (662, 983), (674, 987), (682, 929)],
    '273': [(710, 826), (707, 838), (758, 850), (763, 838)],
    '274': [(212, 864), (212, 874), (266, 876), (267, 866)],
    '275': [(222, 891), (222, 900), (276, 903), (277, 893)],
    '276': [(233, 918), (232, 928), (287, 930), (287, 921)],
    '277': [(283, 614), (283, 626), (299, 626), (300, 612), (287, 612), (284, 613)],
    '278': [(347, 609), (349, 625), (373, 622), (373, 615), (375, 615), (374, 605)],
    '279': [(340, 609), (344, 609), (347, 630), (341, 631), (340, 622), (342, 621)],
    '280': [(211, 1206), (215, 1212), (224, 1205), (220, 1200)],
    '281': [(197, 1133), (205, 1144), (216, 1137), (208, 1126)],
    '282': [(259, 1096), (264, 1093), (265, 1095), (267, 1092), (269, 1094), (271, 1093), (273, 1096), (264, 1104)],
    '283': [(239, 616), (239, 627), (268, 628), (268, 616)],
    '284': [(1596, 173), (1558, 159), (1562, 146), (1601, 160)],
    '285': [(1412, 215), (1409, 194), (1422, 192), (1425, 213)],
    '286': [(1369, 82), (1378, 147), (1367, 148), (1358, 84)],
    '287': [(456, 895), (458, 831), (447, 831), (445, 894)],
    '288': [(677, 833), (659, 891), (669, 894), (687, 836)],
    '289': [(441, 741), (443, 771), (453, 771), (451, 740)],
    '290': [(404, 749), (406, 779), (416, 779), (413, 748)],
    '291': [(1229, 1282), (1230, 1282), (1216, 1301), (1215, 1301), (1209, 1309), (1202, 1305), (1200, 1303), (1227, 1268), (1228, 1270), (1235, 1274)],
    '292': [(1216, 1301), (1215, 1301), (1209, 1296), (1210, 1294), (1210, 1292), (1211, 1291), (1212, 1289), (1213, 1287), (1214, 1285), (1216, 1284), (1217, 1282), (1219, 1281), (1221, 1279), (1223, 1277), (1229, 1282), (1230, 1282)],
    '293': [(1273, 1198), (1268, 1198), (1269, 1184), (1274, 1185)],
    '294': [(872, 747), (858, 761), (876, 775), (878, 772), (872, 768), (884, 758)],
}
