BUILDING_POLY = {
    '00': [(1270, 224), (1445, 245), (1529, 302), (1630, 450), (1567, 497), (1455, 333), (1257, 300)],
    '01': [(1169, 538), (1319, 551), (1301, 763), (1151, 750)],
    '02': [(486, 144), (563, 152), (555, 238), (654, 248), (686, 228), (691, 172), (638, 167), (645, 102), (763, 114), (757, 172), (771, 174), (757, 320), (683, 313), (681, 335), (516, 319), (518, 297), (472, 292)],
    '03': [(393, 1333), (529, 1394), (564, 1317), (619, 1342), (581, 1425), (708, 1482), (686, 1533), (367, 1390)],
    '04': [(879, 973), (1004, 1006), (964, 1158), (769, 1119), (784, 1034), (817, 1039), (824, 1011)],
    '05': [(138, 461), (134, 519), (197, 523), (193, 589), (272, 594), (269, 633), (341, 637), (352, 474)],
    '06': [(93, 252), (88, 315), (394, 336), (408, 137), (336, 132), (327, 268)],
    '07': [(792, 167), (1103, 195), (1110, 121), (799, 92)],
    '08': [(999, 307), (1185, 326), (1195, 230), (976, 207), (973, 239), (1006, 242)],
    '09': [(878, 356), (962, 363), (959, 405), (1129, 421), (1122, 500), (991, 488), (983, 579), (941, 575), (936, 632), (796, 619), (808, 484), (813, 427), (871, 432)],
    '10': [(1711, 579), (1700, 663), (1735, 699), (1712, 729), (1791, 797), (1759, 840), (1632, 771), (1604, 846), (1742, 990), (1928, 804)],
    '11': [(1948, 1512), (1965, 1553), (1995, 1627), (1944, 1647), (2010, 1766), (1957, 1835), (1815, 1563)],
    '12': [(2040, 1492), (1965, 1553), (1995, 1627), (2022, 1692), (2027, 1707), (2027, 1720), (2025, 1739), (2020, 1755), (2010, 1766), (1957, 1835), (1951, 1845), (2015, 1963), (2121, 1810), (2131, 1783), (2134, 1756), (2126, 1722)],
}
