BUILDING_POLY = {
    '00': [(1192, 1027), (1271, 1052), (1331, 1072), (1296, 1192), (1193, 1158), (1100, 1128), (1137, 1009)],
    '01': [(1367, 827), (1401, 716), (1431, 726), (1435, 717), (1612, 772), (1578, 896), (1563, 891), (1556, 915), (1372, 856), (1380, 832)],
    '02': [(628, 1314), (617, 1353), (607, 1350), (546, 1333), (538, 1362), (525, 1408), (522, 1419), (478, 1406), (494, 1350), (514, 1281), (615, 1310)],
    '03': [(620, 309), (603, 359), (523, 333), (515, 331), (512, 323), (495, 318), (486, 346), (474, 342), (471, 351), (458, 346), (486, 264)],
    '04': [(1441, 434), (1395, 594), (1331, 576), (1377, 416)],
    '05': [(1539, 1509), (1545, 1479), (1635, 1499), (1665, 1505), (1689, 1511), (1680, 1556), (1602, 1539), (1535, 1525)],
    '06': [(1035, 1075), (1022, 1113), (1013, 1143), (1005, 1167), (935, 1145), (929, 1165), (901, 1156), (880, 1149), (886, 1131), (814, 1107), (853, 986), (1044, 1048)],
    '07': [(1349, 1198), (1344, 1217), (1327, 1212), (1312, 1260), (1439, 1296), (1491, 1294), (1489, 1271), (1455, 1271), (1449, 1291), (1441, 1290), (1446, 1271), (1409, 1260), (1415, 1237), (1394, 1231), (1398, 1215)],
    '08': [(1557, 1278), (1558, 1308), (1673, 1304), (1675, 1323), (1693, 1323), (1711, 1322), (1710, 1303), (1744, 1302), (1743, 1273), (1684, 1275), (1683, 1241), (1800, 1238), (1799, 1211), (1686, 1214), (1686, 1209), (1654, 1210), (1656, 1241), (1673, 1241), (1674, 1275)],
    '09': [(1174, 1826), (1201, 1832), (1225, 1838), (1253, 1882), (1243, 1933), (1199, 1961), (1147, 1948), (1120, 1905), (1132, 1853)],
    '10': [(1550, 1755), (1643, 1779), (1618, 1870), (1637, 1875), (1631, 1903), (1626, 1928), (1612, 1929), (1611, 1952), (1506, 1944), (1507, 1921), (1518, 1922), (1519, 1902), (1502, 1899), (1509, 1870), (1582, 1888), (1588, 1866), (1603, 1812), (1575, 1804), (1557, 1803), (1543, 1803), (1537, 1798), (1534, 1792), (1544, 1766), (1548, 1766)],
    '11': [(1134, 457), (1281, 505), (1269, 539), (1201, 518), (1195, 538), (1177, 532), (1184, 511), (1124, 490)],
    '12': [(978, 381), (1048, 402), (1118, 423), (1125, 400), (1092, 390), (1097, 375), (1122, 383), (1140, 328), (1090, 311), (1080, 343), (1040, 330), (1034, 353), (989, 339)],
    '13': [(864, 1554), (924, 1569), (1060, 1601), (1087, 1488), (1024, 1476), (1024, 1472), (1003, 1471), (1002, 1475), (969, 1481), (949, 1484), (955, 1493), (965, 1493), (983, 1500), (978, 1521), (972, 1543), (888, 1523)],
    '14': [(1097, 1535), (1186, 1556), (1196, 1501), (1202, 1467), (1165, 1459), (1163, 1465), (1134, 1459), (1131, 1474), (1129, 1486), (1108, 1481)],
    '15': [(1354, 1782), (1450, 1803), (1455, 1804), (1458, 1789), (1465, 1805), (1474, 1801), (1470, 1792), (1478, 1788), (1496, 1705), (1503, 1705), (1516, 1637), (1519, 1625), (1511, 1607), (1498, 1619), (1501, 1594), (1400, 1572), (1393, 1610), (1392, 1612), (1482, 1633), (1473, 1650), (1462, 1673), (1475, 1674), (1472, 1698), (1466, 1720), (1457, 1717), (1455, 1742), (1455, 1759), (1359, 1737), (1357, 1743), (1356, 1750), (1361, 1751)],
    '16': [(633, 685), (724, 715), (681, 849), (588, 820), (605, 764), (610, 765), (616, 747), (624, 722), (621, 721)],
    '17': [(666, 597), (797, 640), (793, 651), (781, 688), (715, 668), (705, 665), (701, 674), (666, 662), (647, 656)],
    '18': [(710, 1097), (616, 1070), (621, 1054), (573, 1040), (514, 1235), (526, 1238), (536, 1259), (656, 1295), (671, 1246), (577, 1218), (607, 1118), (628, 1125), (696, 1145)],
    '19': [(456, 1435), (446, 1464), (529, 1487), (534, 1470), (552, 1474), (554, 1463)],
    '20': [(613, 860), (660, 875), (767, 908), (738, 998), (683, 981), (584, 950)],
    '21': [(693, 245), (738, 260), (697, 379), (664, 479), (619, 464), (656, 355)],
    '22': [(766, 472), (826, 492), (860, 503), (877, 447), (902, 362), (881, 355), (879, 363), (868, 360), (864, 374), (857, 372), (841, 423), (833, 446), (786, 432), (783, 445), (775, 443)],
    '23': [(494, 200), (620, 245), (631, 213), (625, 211), (627, 205), (615, 200), (612, 207), (607, 205), (610, 195), (604, 192), (599, 190), (595, 200), (587, 197), (588, 191), (575, 187), (572, 192), (561, 188), (563, 183), (549, 178), (547, 184), (542, 182), (546, 172), (541, 170), (535, 168), (532, 178), (524, 176), (526, 170), (511, 164), (509, 171), (503, 169)],
    '24': [(1148, 808), (1165, 757), (1244, 782), (1239, 798), (1224, 793), (1213, 831), (1185, 821)],
    '25': [(703, 490), (687, 536), (681, 534), (672, 560), (743, 584), (804, 605), (816, 571), (801, 565), (803, 557), (786, 552), (784, 560), (758, 551), (761, 541), (739, 534), (735, 547), (726, 544), (738, 501)],
    '26': [(1279, 1814), (1267, 1869), (1283, 1872), (1301, 1876), (1306, 1855), (1319, 1858), (1316, 1870), (1362, 1880), (1359, 1895), (1367, 1897), (1374, 1898), (1378, 1884), (1422, 1893), (1425, 1883), (1437, 1886), (1432, 1910), (1473, 1919), (1487, 1857), (1466, 1852), (1446, 1848), (1440, 1876), (1427, 1873), (1385, 1864), (1389, 1850), (1378, 1847), (1366, 1845), (1363, 1858), (1321, 1849), (1308, 1845), (1313, 1822), (1295, 1818)],
    '27': [(560, 1464), (595, 1476), (586, 1501), (553, 1490)],
    '28': [(613, 125), (575, 114), (574, 118), (571, 121), (567, 122), (562, 122), (554, 147), (531, 140), (548, 89), (562, 82), (621, 103)],
    '29': [(1139, 396), (1232, 427), (1239, 400), (1192, 384), (1198, 366), (1187, 363), (1190, 350), (1155, 340)],
    '30': [(1516, 1311), (1533, 1310), (1533, 1297), (1553, 1296), (1552, 1269), (1538, 1270), (1538, 1280), (1513, 1280)],
    '31': [(1569, 593), (1607, 605), (1629, 535), (1591, 524)],
    '32': [(1220, 1684), (1213, 1718), (1204, 1758), (1264, 1771), (1307, 1780), (1323, 1706), (1272, 1696)],
    '33': [(1687, 1549), (1714, 1556), (1729, 1496), (1700, 1489)],
    '34': [(1481, 1445), (1464, 1511), (1288, 1470), (1292, 1456), (1297, 1436), (1312, 1432), (1323, 1431), (1445, 1442)],
    '35': [(1251, 219), (1242, 242), (1289, 261), (1298, 239)],
    '36': [(1090, 1754), (1045, 1937), (1071, 1969), (1093, 1973), (1123, 1761)],
    '37': [(1506, 1528), (1470, 1551), (1495, 1589), (1531, 1565)],
    '38': [(439, 460), (422, 522), (472, 535), (489, 473)],
}
