BUILDING_POLY = {
    '00': [(1586, 508), (1638, 667), (1890, 590), (1837, 436)],
    '01': [(1685, 762), (1726, 868), (1962, 785), (1922, 679)],
    '02': [(772, 229), (805, 318), (877, 292), (873, 280), (976, 243), (949, 185), (929, 193), (920, 174)],
    '03': [(574, 856), (644, 1021), (876, 917), (815, 754)],
    '04': [(653, 1307), (691, 1425), (703, 1442), (730, 1446), (814, 1417), (835, 1394), (841, 1362), (827, 1326), (1020, 1247), (979, 1146), (715, 1254), (720, 1265), (668, 1287)],
    '05': [(198, 1080), (369, 1021), (357, 982), (530, 929), (506, 856), (163, 965)],
    '06': [(287, 1528), (441, 1465), (449, 1479), (567, 1426), (467, 1152), (330, 1209), (339, 1233), (198, 1298)],
    '07': [(261, 1645), (296, 1736), (282, 1742), (305, 1803), (349, 1786), (339, 1760), (477, 1708), (444, 1621), (493, 1603), (468, 1538), (377, 1572), (392, 1613), (427, 1600), (438, 1629), (314, 1675), (298, 1631)],
    '08': [(1236, 1323), (1284, 1448), (1556, 1346), (1509, 1221)],
    '09': [(1561, 1205), (1588, 1281), (1842, 1185), (1814, 1110)],
    '10': [(1614, 1332), (1641, 1408), (1895, 1312), (1867, 1237)],
    '11': [(1852, 1044), (1880, 1120), (2134, 1024), (2105, 950)],
    '12': [(1838, 863), (1891, 998), (1985, 961), (1931, 826)],
    '13': [(517, 1608), (540, 1670), (700, 1611), (677, 1549), (659, 1549), (652, 1562), (542, 1606), (529, 1600)],
    '14': [(868, 1472), (890, 1527), (973, 1495), (1006, 1580), (937, 1606), (958, 1660), (1077, 1614), (1033, 1500), (1018, 1506), (1002, 1464), (1027, 1455), (1017, 1427), (976, 1443), (972, 1432)],
    '15': [(572, 1733), (323, 1830), (343, 1881), (592, 1785)],
    '16': [(704, 1539), (797, 1504), (801, 1513), (820, 1506), (816, 1495), (846, 1484), (865, 1534), (722, 1588)],
    '17': [(615, 1719), (632, 1763), (921, 1656), (904, 1611)],
    '18': [(88, 283), (97, 361), (236, 346), (228, 269)],
    '19': [(305, 446), (319, 575), (333, 591), (352, 604), (369, 608), (394, 606), (410, 591), (426, 561), (425, 541), (417, 452), (371, 457), (369, 439)],
    '20': [(466, 544), (468, 567), (476, 628), (492, 626), (496, 652), (509, 671), (784, 578), (788, 441), (721, 289), (631, 297), (632, 311), (592, 314), (595, 351), (636, 347), (647, 465), (534, 509), (536, 531), (522, 532), (522, 538)],
    '21': [(304, 240), (313, 314), (419, 302), (411, 228)],
    '22': [(419, 230), (428, 299), (689, 265), (679, 195)],
    '23': [(570, 309), (580, 398), (340, 425), (333, 368), (325, 369), (322, 337)],
    '24': [(425, 541), (445, 539), (466, 544), (468, 567), (446, 559), (426, 561)],
}
