BUILDING_POLY = {
    '00': [(1497, 905), (1511, 929), (1406, 986), (1295, 989), (1211, 939), (1185, 924), (1239, 834), (1316, 879), (1389, 879), (1461, 839)],
    '01': [(1478, 799), (1549, 763), (1591, 741), (1588, 735), (1625, 716), (1619, 703), (1654, 685), (1496, 642), (1464, 757), (1488, 763)],
    '02': [(409, 650), (463, 639), (467, 659), (488, 655), (485, 638), (520, 631), (546, 769), (553, 803), (524, 809), (521, 790), (469, 800), (466, 788), (465, 779), (435, 785)],
    '03': [(520, 622), (402, 645), (401, 638), (399, 630), (386, 622), (395, 607), (392, 589), (446, 578), (510, 567), (511, 576)],
    '04': [(618, 764), (651, 757), (686, 750), (656, 607), (666, 605), (654, 548), (557, 568), (569, 623), (588, 619)],
    '05': [(504, 359), (450, 444), (536, 498), (550, 507), (564, 486), (575, 493), (594, 505), (605, 489), (612, 493), (642, 512), (672, 466)],
    '06': [(877, 626), (819, 609), (823, 632), (827, 650), (715, 663), (699, 653), (686, 607), (689, 599), (680, 570), (700, 546), (752, 542), (785, 560), (792, 577), (797, 576), (794, 567), (817, 566), (921, 605), (921, 695), (916, 701), (932, 711), (895, 760), (899, 777), (877, 782), (870, 796), (852, 787), (812, 797), (805, 791), (799, 786), (790, 746), (813, 717), (812, 710), (838, 672), (853, 681), (865, 689), (873, 682)],
    '07': [(836, 862), (842, 915), (847, 914), (851, 949), (998, 935), (993, 887), (877, 899), (873, 858)],
    '08': [(866, 983), (834, 1197), (797, 1192), (789, 1243), (721, 1233), (734, 1149), (781, 1156), (798, 1049), (809, 974), (828, 977)],
    '09': [(1461, 839), (1389, 879), (1316, 879), (1239, 834), (1185, 924), (1211, 939), (1295, 989), (1406, 986), (1511, 929), (1497, 905)],
    '10': [(1527, 930), (1556, 913), (1640, 866), (1580, 762), (1557, 775), (1468, 825), (1510, 896)],
    '11': [(620, 1444), (772, 1409), (852, 1391), (862, 1384), (870, 1376), (875, 1364), (875, 1350), (873, 1341), (870, 1334), (859, 1323), (847, 1318), (835, 1316), (603, 1369)],
    '12': [(441, 1648), (583, 1616), (589, 1607), (579, 1568), (547, 1435), (535, 1426), (441, 1445), (387, 1456), (381, 1463), (431, 1642)],
    '13': [(422, 1227), (508, 1205), (525, 1268), (550, 1365), (464, 1388), (442, 1306)],
    '14': [(635, 1596), (630, 1576), (628, 1567), (624, 1567), (620, 1566), (617, 1564), (616, 1561), (615, 1556), (617, 1551), (620, 1549), (624, 1548), (622, 1542), (616, 1512), (765, 1479), (763, 1473), (764, 1467), (765, 1461), (769, 1457), (773, 1454), (779, 1453), (785, 1455), (789, 1458), (793, 1462), (796, 1467), (798, 1472), (813, 1468), (869, 1453), (888, 1448), (886, 1440), (867, 1445), (862, 1429), (961, 1403), (966, 1419), (949, 1424), (951, 1431), (968, 1426), (974, 1446), (978, 1445), (984, 1447), (989, 1450), (992, 1454), (994, 1461), (993, 1468), (989, 1474), (984, 1477), (981, 1478), (986, 1501), (950, 1509), (955, 1533), (875, 1552), (872, 1541), (815, 1554)],
    '15': [(987, 1615), (1113, 1584), (1228, 1556), (1232, 1572), (1244, 1569), (1250, 1592), (1260, 1634), (1123, 1668), (1008, 1696), (1005, 1685), (999, 1687), (987, 1638), (993, 1636)],
    '16': [(1649, 1041), (1644, 1030), (1633, 1035), (1622, 1008), (1635, 1003), (1617, 960), (1652, 946), (1662, 972), (1852, 894), (1862, 918), (1947, 924), (1948, 915), (1962, 916), (1958, 974), (1834, 965)],
    '17': [(1692, 809), (1814, 742), (1817, 749), (1763, 778), (1780, 808), (1831, 780), (1870, 853), (1938, 816), (1912, 769), (1953, 747), (1955, 736), (1942, 712), (1954, 705), (1889, 587), (1644, 721)],
    '18': [(1496, 1154), (1597, 1124), (1596, 1120), (1594, 1114), (1611, 1109), (1605, 1090), (1588, 1095), (1584, 1082), (1484, 1112), (1491, 1138)],
    '19': [(1268, 1574), (1255, 1577), (1247, 1545), (1297, 1533), (1356, 1519), (1365, 1522), (1369, 1533), (1368, 1543), (1345, 1549), (1348, 1561), (1474, 1531), (1488, 1588), (1427, 1602), (1422, 1582), (1299, 1612), (1294, 1592), (1273, 1597), (1271, 1587)],
    '20': [(1397, 1457), (1409, 1537), (1568, 1513), (1556, 1433), (1470, 1446)],
    '21': [(1590, 1467), (1602, 1520), (1629, 1514), (1635, 1540), (1687, 1529), (1659, 1404), (1632, 1410), (1603, 1417), (1613, 1462)],
    '22': [(1675, 1403), (1704, 1526), (1829, 1498), (1824, 1477), (1804, 1388), (1800, 1375)],
    '23': [(1827, 1455), (1832, 1476), (1836, 1495), (1937, 1472), (1920, 1392), (1954, 1384), (1974, 1367), (1980, 1338), (1962, 1253), (1852, 1277), (1888, 1441), (1857, 1448)],
    '24': [(1988, 1149), (1980, 1174), (1973, 1199), (2058, 1223), (2073, 1173)],
    '25': [(2088, 888), (2030, 1050), (2023, 1112), (2067, 1117), (2075, 1055), (2134, 904)],
    '26': [(316, 1456), (358, 1445), (372, 1441), (431, 1659), (403, 1667), (391, 1624), (382, 1626), (377, 1628), (371, 1605), (358, 1609)],
    '27': [(234, 655), (175, 711), (201, 739), (229, 713), (261, 683)],
    '28': [(1015, 1005), (1021, 1029), (1033, 1044), (1068, 1057), (1104, 1058), (1139, 1048), (1172, 1033), (1188, 1013), (1190, 995), (1186, 973), (1160, 979), (1154, 950), (1123, 957), (1038, 975), (1043, 999)],
    '29': [(125, 925), (97, 910), (88, 928), (117, 943)],
    '30': [(1922, 1075), (1904, 1035), (1858, 1054), (1706, 1116), (1760, 1247), (1768, 1265), (1861, 1233), (1854, 1216), (1821, 1216), (1803, 1213), (1789, 1209), (1776, 1202), (1766, 1191), (1761, 1178), (1760, 1161), (1767, 1147), (1778, 1134), (1855, 1101)],
    '31': [(968, 1243), (1075, 1112), (1103, 1096), (1128, 1088), (1152, 1084), (1178, 1086), (1329, 1136), (1337, 1100), (1172, 1033), (1139, 1048), (1104, 1058), (1068, 1057), (933, 1213)],
}
