BUILDING_POLY = {
    '00': [(738, 372), (933, 356), (930, 320), (925, 265), (1065, 253), (1067, 276), (1163, 268), (1206, 294), (1218, 433), (985, 451), (745, 471), (743, 471), (735, 372)],
    '01': [(547, 811), (580, 810), (646, 808), (656, 943), (660, 1001), (668, 1075), (572, 1080), (551, 841)],
    '02': [(996, 1750), (1095, 1749), (1094, 1454), (1072, 1454), (1072, 1399), (994, 1400)],
    '03': [(741, 1898), (1009, 1900), (1010, 1812), (742, 1811)],
    '04': [(462, 1896), (709, 1895), (709, 1817), (634, 1817), (634, 1798), (462, 1799)],
    '05': [(613, 1474), (734, 1474), (733, 1722), (612, 1722)],
    '06': [(614, 1459), (733, 1461), (736, 1284), (726, 1284), (727, 1268), (714, 1251), (688, 1236), (664, 1238), (643, 1252), (631, 1276), (630, 1321), (616, 1321)],
    '07': [(1084, 1973), (1408, 1955), (1399, 1800), (1278, 1807), (1126, 1816), (1130, 1886), (1079, 1889)],
    '08': [(1403, 1661), (1397, 1705), (1430, 1709), (1425, 1754), (1490, 1762), (1485, 1805), (1634, 1823), (1640, 1774), (1678, 1778), (1688, 1695), (1570, 1681), (1509, 1673)],
    '09': [(448, 494), (743, 471), (735, 372), (440, 395)],
    '10': [(1177, 82), (1173, 142), (1360, 298), (1423, 303), (1437, 99)],
    '11': [(775, 322), (847, 317), (916, 311), (917, 321), (930, 320), (925, 265), (922, 219), (786, 230), (787, 241), (762, 243), (735, 255), (722, 276), (725, 297), (734, 306), (758, 311), (774, 310)],
    '12': [(822, 1021), (858, 1018), (895, 1015), (958, 1010), (953, 941), (947, 868), (913, 871), (883, 873), (889, 947), (852, 950), (817, 953), (821, 1000)],
    '13': [(1071, 1071), (1173, 1071), (1173, 850), (1121, 850), (1071, 850), (1071, 942), (1071, 978), (1071, 1033)],
    '14': [(996, 1266), (980, 1301), (979, 1374), (1062, 1368), (1060, 1267), (1027, 1266)],
    '15': [(1326, 1505), (1319, 1560), (1332, 1562), (1325, 1613), (1378, 1620), (1373, 1656), (1403, 1661), (1509, 1673), (1527, 1531)],
    '16': [(1254, 1225), (1208, 1274), (1330, 1389), (1344, 1401), (1366, 1376), (1347, 1359), (1392, 1308), (1352, 1274), (1325, 1272), (1315, 1282)],
    '17': [(1378, 1415), (1419, 1420), (1417, 1436), (1727, 1474), (1726, 1483), (1710, 1481), (1689, 1648), (1762, 1657), (1786, 1468), (1809, 1471), (1821, 1374), (1736, 1363), (1733, 1385), (1406, 1344), (1398, 1402), (1380, 1400)],
    '18': [(1224, 1065), (1299, 1073), (1324, 1056), (1328, 1012), (1297, 1009), (1294, 1035), (1284, 1040), (1227, 1034)],
    '19': [(433, 526), (519, 520), (523, 569), (555, 565), (568, 755), (537, 759), (537, 779), (537, 818), (547, 811), (572, 1080), (489, 1083), (468, 846), (459, 847), (455, 788), (453, 760), (416, 764), (401, 568), (436, 564)],
}
