BUILDING_POLY = {
    '00': [(1908, 1319), (1908, 1322), (1912, 1323), (1911, 1329), (1932, 1333), (1922, 1395), (1982, 1414), (2011, 1424), (2014, 1451), (2032, 1455), (2020, 1427), (2045, 1409), (2052, 1404), (2072, 1326), (2092, 1331), (2091, 1336), (2095, 1337), (2081, 1392), (2099, 1395), (2099, 1395), (2103, 1397), (2104, 1395), (2122, 1407), (2097, 1442), (2090, 1450), (2083, 1458), (2076, 1465), (2069, 1471), (2062, 1475), (2051, 1482), (2044, 1485), (2034, 1463), (2013, 1459), (2009, 1478), (1861, 1448), (1887, 1324), (1889, 1315)],
    '01': [(1318, 767), (1314, 786), (1314, 786), (1314, 789), (1270, 782), (1273, 757), (1276, 735), (1323, 745)],
    '02': [(939, 644), (947, 553), (965, 551), (967, 563), (968, 576), (961, 649), (953, 749), (930, 751), (930, 749)],
    '03': [(1029, 766), (894, 779), (894, 777), (896, 746), (898, 723), (908, 608), (919, 486), (1002, 493), (1013, 603)],
    '04': [(88, 808), (177, 814), (168, 947), (213, 950), (225, 771), (91, 762)],
    '05': [(131, 817), (168, 820), (165, 872), (127, 869)],
    '06': [(858, 358), (1003, 374), (998, 415), (858, 399), (861, 372), (856, 372)],
    '07': [(613, 357), (847, 368), (846, 389), (837, 389), (836, 407), (611, 397)],
    '08': [(1889, 1315), (1887, 1324), (1861, 1448), (2009, 1478), (2013, 1459), (2034, 1463), (2044, 1485), (2051, 1482), (2062, 1475), (2069, 1471), (2076, 1465), (2083, 1458), (2090, 1450), (2097, 1442), (2122, 1407), (2104, 1395), (2103, 1397), (2099, 1395), (2099, 1395), (2081, 1392), (2095, 1337), (2091, 1336), (2092, 1331), (2072, 1326), (2052, 1404), (2045, 1409), (2020, 1427), (2032, 1455), (2014, 1451), (2011, 1424), (1982, 1414), (1922, 1395), (1932, 1333), (1911, 1329), (1912, 1323), (1908, 1322), (1908, 1319)],
    '09': [(1924, 1182), (1958, 1199), (1956, 1204), (2030, 1239), (2047, 1202), (2015, 1187), (2016, 1183), (1940, 1147)],
    '10': [(1761, 1063), (1908, 1132), (1892, 1167), (1744, 1098)],
    '11': [(1648, 1042), (1610, 1046), (1595, 912), (1634, 908)],
    '12': [(1572, 1216), (1718, 1247), (1846, 1274), (1831, 1344), (1793, 1336), (1793, 1330), (1600, 1289), (1599, 1295), (1557, 1286), (1558, 1280), (1542, 1276), (1554, 1219), (1571, 1222)],
    '13': [(1335, 1166), (1483, 1197), (1465, 1277), (1421, 1268), (1426, 1247), (1323, 1225)],
    '14': [(2052, 1404), (2072, 1326), (2092, 1331), (2091, 1336), (2095, 1337), (2081, 1392), (2099, 1395), (2099, 1395), (2112, 1378), (2115, 1380), (2116, 1378), (2134, 1390), (2122, 1407), (2097, 1442), (2090, 1450), (2083, 1458), (2076, 1465), (2069, 1471), (2062, 1475), (2051, 1482), (2044, 1485), (2009, 1478), (1861, 1448), (1847, 1445), (1854, 1412), (1873, 1321), (1887, 1324), (1889, 1315), (1908, 1319), (1909, 1316), (1877, 1302), (1879, 1297), (1876, 1296), (1884, 1278), (1932, 1299), (1935, 1301), (1936, 1303), (1937, 1305), (1937, 1307), (1936, 1313), (1932, 1333), (1922, 1395), (2011, 1424), (2020, 1427), (2045, 1409)],
    '15': [(266, 1056), (252, 1047), (247, 1054), (242, 1062), (257, 1071)],
    '16': [(282, 1101), (285, 1086), (264, 1080), (239, 1068), (234, 1066), (198, 1044), (181, 1028), (164, 1010), (149, 987), (142, 989), (133, 990), (152, 1019), (170, 1039), (189, 1055), (227, 1080), (231, 1081), (259, 1094)],
    '17': [(569, 1026), (569, 1026), (560, 1028), (552, 1038), (552, 1050), (555, 1061), (554, 1062), (548, 1068), (554, 1074), (548, 1080), (553, 1084), (546, 1092), (550, 1095), (544, 1102), (548, 1105), (536, 1106), (531, 1115), (537, 1123), (544, 1122), (538, 1139), (541, 1148), (543, 1150), (549, 1154), (564, 1156), (564, 1156), (568, 1139), (569, 1138), (586, 1140), (599, 1142), (600, 1137), (601, 1123), (612, 1027), (588, 1025), (587, 1033), (582, 1020), (578, 1013), (566, 1017)],
    '18': [(854, 1153), (841, 1171), (824, 1183), (819, 1185), (802, 1188), (776, 1185), (737, 1165), (675, 1150), (659, 1143), (655, 1137), (655, 1128), (664, 1119), (675, 1107), (694, 1116), (734, 1128), (804, 1139), (833, 1144)],
    '19': [(628, 1112), (636, 1125), (623, 1133), (622, 1133), (604, 1138), (600, 1137), (601, 1123), (603, 1123), (616, 1120)],
    '20': [(569, 1026), (560, 1028), (552, 1038), (552, 1050), (555, 1061), (554, 1074), (554, 1079), (553, 1084), (550, 1095), (548, 1105), (546, 1115), (544, 1122), (538, 1139), (541, 1148), (549, 1154), (564, 1156), (568, 1139), (569, 1138), (577, 1088), (578, 1052), (580, 1044), (587, 1040), (584, 1033), (578, 1028), (569, 1026)],
    '21': [(566, 1156), (584, 1158), (586, 1140), (599, 1142), (600, 1137), (601, 1123), (612, 1027), (588, 1025), (587, 1033), (582, 1020), (578, 1013), (566, 1017), (569, 1026), (569, 1026), (560, 1028), (552, 1038), (552, 1050), (555, 1061), (548, 1068), (554, 1074), (548, 1080), (553, 1084), (546, 1092), (550, 1095), (544, 1102), (548, 1105), (536, 1106), (531, 1115), (537, 1123), (544, 1122), (538, 1139), (541, 1148), (549, 1154), (564, 1156)],
    '22': [(554, 1062), (540, 1059), (519, 1144), (543, 1150), (564, 1156), (566, 1156), (728, 1201), (729, 1194), (776, 1212), (797, 1212), (827, 1201), (819, 1185), (824, 1183), (841, 1171), (854, 1153), (833, 1144), (804, 1139), (806, 1128), (635, 1086), (628, 1112), (616, 1120), (603, 1123), (601, 1123), (612, 1027), (588, 1025), (587, 1033), (582, 1020), (578, 1013), (566, 1017), (569, 1026), (569, 1026), (560, 1028), (552, 1038), (552, 1050), (555, 1061)],
    '23': [(907, 854), (892, 977), (839, 971), (847, 900), (693, 881), (692, 894), (701, 895), (694, 957), (599, 946), (607, 883), (663, 890), (671, 825), (829, 844), (827, 859), (852, 862), (854, 847)],
    '24': [(940, 1118), (1001, 1131), (996, 1152), (999, 1166), (993, 1167), (987, 1193), (1034, 1203), (1048, 1206), (1037, 1259), (1035, 1270), (925, 1246), (928, 1230), (917, 1227), (927, 1178), (922, 1148), (934, 1145)],
    '25': [(1217, 1265), (1208, 1306), (1069, 1277), (1035, 1270), (1037, 1259), (1048, 1206), (1034, 1203), (1045, 1151), (1042, 1130), (1061, 1127), (1063, 1116), (1092, 1122), (1221, 1103), (1244, 1262)],
    '26': [(1217, 1265), (1244, 1262), (1221, 1103), (1092, 1122), (1061, 1127), (1042, 1130), (1045, 1151), (1034, 1203), (987, 1193), (993, 1167), (996, 1152), (1001, 1131), (952, 1120), (940, 1118), (927, 1178), (917, 1227), (928, 1230), (925, 1246), (1035, 1270), (1037, 1259), (1071, 1267), (1069, 1277), (1208, 1306)],
    '27': [(1052, 417), (989, 465), (1035, 526), (1047, 517), (1093, 523), (1101, 524), (1212, 539), (1230, 541), (1236, 498), (1103, 447), (1062, 430)],
    '28': [(1015, 478), (1023, 490), (1035, 498), (1049, 499), (1062, 495), (1073, 486), (1078, 473), (1078, 459), (1072, 446), (1060, 438), (1047, 435), (1037, 436), (1027, 441), (1020, 448), (1015, 457), (1014, 468)],
    '29': [(1099, 478), (1096, 497), (1095, 507), (1066, 503), (1047, 517), (1035, 526), (989, 465), (1052, 417), (1062, 430)],
    '30': [(1099, 478), (1088, 486), (1096, 497), (1095, 507), (1093, 523), (1101, 524), (1212, 539), (1230, 541), (1236, 498), (1103, 447)],
    '31': [(1389, 979), (1395, 953), (1372, 948), (1365, 947), (1360, 973), (1367, 974), (1373, 976)],
    '32': [(1435, 945), (1423, 1004), (1450, 1009), (1462, 950)],
    '33': [(1165, 605), (1163, 620), (1171, 621), (1173, 606)],
    '34': [(1406, 896), (1395, 953), (1389, 979), (1377, 1037), (1474, 1057), (1476, 1051), (1503, 916)],
    '35': [(1399, 818), (1314, 786), (1314, 789), (1275, 982), (1278, 981), (1285, 1002), (1259, 1010), (1263, 1021), (1266, 1031), (1260, 1033), (1324, 1089), (1326, 1080), (1345, 1083), (1367, 974), (1372, 948), (1398, 823)],
    '36': [(1304, 972), (1311, 993), (1285, 1002), (1278, 981)],
    '37': [(1399, 818), (1398, 823), (1372, 948), (1367, 974), (1345, 1083), (1326, 1080), (1341, 1006), (1326, 1011), (1323, 1001), (1319, 990), (1311, 993), (1304, 972), (1278, 981), (1275, 982), (1314, 789), (1314, 786)],
    '38': [(1260, 1033), (1266, 1031), (1326, 1011), (1341, 1006), (1326, 1080), (1324, 1089)],
    '39': [(1223, 675), (1227, 649), (1230, 622), (1237, 569), (1247, 571), (1276, 575), (1485, 603), (1477, 667), (1374, 653), (1299, 643), (1289, 642), (1276, 735), (1273, 757), (1270, 782), (1210, 774), (1210, 769), (1213, 750), (1216, 729), (1218, 711)],
    '40': [(1314, 786), (1318, 767), (1323, 745), (1327, 725), (1329, 716), (1365, 724), (1475, 748), (1460, 816), (1415, 824), (1399, 818), (1314, 786)],
    '41': [(1213, 750), (1199, 748), (1202, 728), (1216, 729)],
    '42': [(1080, 556), (1054, 753), (1195, 772), (1199, 748), (1202, 728), (1203, 715), (1097, 701), (1116, 561), (1096, 558)],
    '43': [(565, 695), (564, 709), (563, 719), (569, 720), (569, 726), (568, 732), (694, 750), (727, 755), (750, 758), (866, 764), (865, 775), (894, 777), (896, 746), (930, 749), (942, 611), (972, 614), (985, 750), (1027, 745), (1001, 489), (970, 453), (922, 449), (898, 723)],
    '44': [(960, 636), (961, 649), (975, 647), (985, 746), (985, 750), (1027, 745), (1005, 531), (1003, 507), (924, 501), (915, 609), (908, 608), (905, 641)],
    '45': [(750, 758), (727, 755), (694, 750), (581, 734), (584, 696), (898, 723), (896, 746), (894, 777), (894, 779), (865, 775)],
    '46': [(919, 486), (1002, 493), (1013, 603), (980, 606), (974, 550), (947, 556), (947, 553), (930, 749), (896, 746), (898, 723)],
    '47': [(258, 656), (258, 664), (256, 715), (248, 715), (247, 759), (268, 760), (293, 761), (293, 766), (463, 772), (465, 720), (453, 720), (454, 689), (441, 688), (442, 676), (362, 673), (286, 670), (286, 665), (287, 657)],
    '48': [(465, 720), (453, 720), (414, 719), (414, 695), (387, 694), (284, 691), (282, 757), (293, 757), (293, 761), (293, 766), (463, 772)],
    '49': [(454, 689), (441, 688), (387, 686), (387, 694), (284, 691), (282, 757), (293, 757), (346, 759), (345, 768), (463, 772), (465, 720), (453, 720)],
    '50': [(362, 673), (361, 683), (270, 680), (268, 760), (293, 761), (374, 763), (374, 759), (439, 762), (439, 737), (453, 737), (453, 720), (454, 689), (441, 688), (442, 676)],
    '51': [(248, 715), (247, 759), (268, 760), (293, 761), (334, 762), (359, 763), (374, 763), (374, 759), (439, 762), (439, 737), (453, 737), (453, 720), (454, 689), (441, 688), (442, 676), (362, 673), (286, 670), (286, 665), (258, 664), (256, 715)],
    '52': [(258, 656), (258, 664), (256, 715), (248, 715), (247, 759), (268, 760), (282, 760), (282, 757), (293, 757), (334, 759), (334, 762), (334, 767), (345, 768), (359, 768), (359, 763), (374, 763), (439, 766), (439, 762), (439, 737), (441, 688), (442, 676), (362, 673), (286, 670), (286, 665), (287, 657)],
    '53': [(1592, 1515), (1681, 1534), (1676, 1562), (1658, 1558), (1657, 1563), (1593, 1549), (1586, 1585), (1653, 1599), (1659, 1617), (1602, 1621), (1559, 1612), (1563, 1594), (1565, 1541)],
    '54': [(487, 1135), (478, 1178), (308, 1143), (326, 1058), (370, 1068), (368, 1081), (400, 1088), (394, 1116)],
    '55': [(1676, 1672), (1684, 1635), (1708, 1640), (1726, 1553), (1716, 1550), (1721, 1525), (1911, 1564), (1906, 1590), (1792, 1566), (1779, 1627), (1789, 1629), (1785, 1651), (1838, 1662), (1831, 1692), (1804, 1687), (1801, 1698)],
}
