BUILDING_POLY = {
    '00': [(1180, 979), (1036, 957), (1062, 936), (1077, 833), (1116, 836), (1105, 923), (1182, 936), (1309, 846), (1305, 898), (1294, 906), (1290, 896), (1258, 921), (1265, 930)],
    '01': [(1204, 1002), (1233, 1010), (1260, 1021), (1254, 1037), (1285, 1052), (1283, 1073), (1311, 1094), (1261, 1170), (1245, 1169), (1228, 1196), (1191, 1194), (1153, 1189), (1121, 1182), (1092, 1172), (1088, 1137), (1073, 1135), (1060, 1073), (1064, 1071), (1093, 1054), (1095, 1034), (1132, 1025), (1133, 1006), (1167, 1002)],
    '02': [(1318, 1834), (1302, 1971), (1219, 1956), (1226, 1898), (1283, 1909), (1292, 1829)],
    '03': [(1799, 1783), (1780, 1741), (1794, 1734), (1808, 1726), (1841, 1713), (1862, 1708), (1867, 1724), (1882, 1722), (1879, 1708), (1939, 1701), (1941, 1725), (1957, 1726), (1961, 1751), (1925, 1751), (1895, 1754), (1867, 1758), (1841, 1769), (1820, 1776)],
    '04': [(1870, 1123), (1871, 1128), (1826, 1398), (1783, 1388), (1827, 1117)],
    '05': [(1871, 1605), (1873, 1593), (1856, 1590), (1863, 1554), (1886, 1558), (1887, 1551), (2051, 1581), (2049, 1589), (2067, 1593), (2060, 1632), (2042, 1629), (2040, 1637)],
    '06': [(884, 229), (882, 259), (919, 265), (919, 257), (1014, 191), (1022, 185), (1040, 84), (1023, 95), (996, 92), (986, 163)],
    '07': [(371, 1315), (395, 1174), (562, 1203), (537, 1344)],
    '08': [(2001, 1128), (1954, 1403), (2099, 1428), (2108, 1376), (1992, 1357), (2003, 1293), (2117, 1312), (2126, 1261), (2017, 1243), (2027, 1185), (2125, 1201), (2134, 1150)],
    '09': [(985, 692), (1032, 693), (1140, 627), (1114, 582), (1006, 658), (917, 644), (945, 556), (899, 550), (880, 643), (856, 667)],
    '10': [(1715, 341), (1738, 364), (1775, 326), (1851, 419), (1824, 455), (1845, 474), (1881, 423), (1876, 419), (1881, 412), (1877, 408), (1884, 400), (1797, 302), (1824, 276), (1804, 252), (1762, 295)],
    '11': [(560, 1677), (644, 1692), (662, 1593), (910, 1637), (903, 1676), (945, 1683), (969, 1547), (661, 1492), (639, 1611), (574, 1599)],
    '12': [(101, 1395), (88, 1579), (166, 1582), (170, 1552), (198, 1552), (198, 1582), (256, 1591), (264, 1543), (271, 1545), (289, 1444), (282, 1443), (288, 1406), (225, 1395), (223, 1412), (194, 1411), (194, 1399)],
    '13': [(1276, 256), (1273, 276), (1272, 282), (1271, 288), (1344, 298), (1343, 318), (1454, 336), (1456, 305), (1379, 293), (1382, 264), (1360, 262), (1359, 269)],
    '14': [(1642, 1258), (1645, 1244), (1675, 1250), (1672, 1264)],
    '15': [(1081, 472), (1213, 498), (1220, 447), (1066, 419), (1015, 453), (912, 521), (892, 521), (893, 512), (822, 502), (821, 517), (791, 542), (899, 550), (945, 556), (1048, 493)],
    '16': [(882, 913), (877, 912), (843, 1136), (847, 1137), (840, 1184), (845, 1185), (843, 1199), (853, 1200), (851, 1212), (886, 1218), (903, 1204), (913, 1204), (940, 1183), (944, 1152), (939, 1152), (939, 1147), (887, 1140), (912, 957), (981, 966), (983, 949), (993, 950), (977, 926), (949, 923), (951, 910), (945, 909), (945, 902), (937, 901), (938, 892), (932, 891), (933, 882), (925, 881), (926, 872), (914, 871), (915, 865), (894, 848), (887, 847), (884, 867), (889, 867)],
    '17': [(1823, 524), (1892, 573), (1903, 548), (1834, 499)],
    '18': [(1455, 1143), (1633, 1175), (1629, 1203), (1652, 1206), (1673, 1051), (1701, 1056), (1704, 1034), (1500, 1002), (1497, 1033), (1478, 1030), (1476, 1055), (1427, 1048), (1414, 1028), (1417, 991), (1443, 994), (1443, 980), (1440, 978), (1442, 957), (1453, 949), (1472, 950), (1481, 961), (1481, 971), (1511, 974), (1513, 951), (1543, 956), (1541, 971), (1555, 972), (1557, 958), (1705, 981), (1710, 982), (1708, 1004), (1746, 1008), (1741, 1040), (1720, 1037), (1717, 1059), (1737, 1062), (1713, 1218), (1683, 1215), (1679, 1246), (1646, 1239), (1649, 1219), (1628, 1217), (1626, 1229), (1449, 1198), (1450, 1186), (1442, 1186), (1443, 1179), (1422, 1176), (1426, 1144), (1446, 1147), (1444, 1165), (1452, 1166)],
    '19': [(1508, 575), (1493, 688), (1545, 698), (1556, 628), (1571, 631), (1568, 646), (1746, 674), (1748, 662), (1763, 664), (1727, 874), (1712, 872), (1714, 854), (1490, 816), (1485, 852), (1502, 855), (1500, 867), (1706, 902), (1708, 894), (1711, 895), (1709, 912), (1715, 913), (1716, 896), (1723, 897), (1720, 914), (1760, 921), (1762, 905), (1780, 908), (1822, 655), (1809, 653), (1811, 637), (1770, 629), (1767, 646), (1751, 643), (1754, 627), (1576, 598), (1574, 613), (1573, 615), (1558, 612), (1563, 585)],
    '20': [(643, 973), (619, 1107), (662, 1116), (684, 981)],
    '21': [(1096, 796), (1009, 780), (1032, 693), (985, 692), (967, 789), (957, 808), (1077, 833), (1116, 836), (1250, 752), (1268, 739), (1319, 746), (1317, 770), (1383, 784), (1391, 732), (1268, 709), (1270, 684), (1257, 670), (1225, 692), (1225, 711)],
    '22': [(536, 1464), (563, 1456), (584, 1456), (625, 1466), (642, 1478), (633, 1502), (612, 1592), (577, 1584), (533, 1583), (539, 1486)],
    '23': [(1038, 228), (1118, 245), (1123, 211), (1239, 236), (1258, 240), (1251, 278), (1261, 280), (1272, 282), (1273, 276), (1262, 274), (1267, 242), (1269, 235), (1259, 233), (1262, 207), (1163, 186), (1167, 155), (1052, 130), (1046, 171), (1034, 169), (1031, 188), (1022, 185), (1014, 191), (1042, 198)],
    '24': [(2097, 1550), (2016, 1534), (2026, 1483), (2106, 1500)],
    '25': [(1095, 1583), (1080, 1681), (1198, 1699), (1213, 1601)],
    '26': [(1262, 447), (1252, 493), (1377, 524), (1355, 639), (1400, 650), (1434, 478)],
    '27': [(413, 339), (437, 377), (498, 341), (486, 328), (504, 321), (508, 309), (636, 359), (644, 322), (509, 259), (497, 291), (479, 309), (467, 304)],
    '28': [(623, 366), (734, 379), (849, 327), (841, 311), (881, 290), (906, 333), (748, 413), (597, 407), (598, 381), (621, 381)],
    '29': [(1486, 1622), (1656, 1655), (1654, 1670), (1682, 1677), (1678, 1708), (1595, 1695), (1574, 1691), (1493, 1678), (1498, 1653), (1478, 1651)],
    '30': [(1457, 1853), (1454, 1884), (1523, 1898), (1529, 1867)],
    '31': [(421, 909), (420, 944), (499, 943), (497, 909)],
    '32': [(1238, 1591), (1259, 1595), (1263, 1570), (1471, 1609), (1447, 1737), (1416, 1732), (1401, 1810), (1234, 1779), (1249, 1699), (1219, 1694)],
    '33': [(1448, 1746), (1445, 1772), (1453, 1774), (1476, 1779), (1475, 1799), (1607, 1826), (1608, 1822), (1614, 1808), (1604, 1808), (1606, 1781), (1611, 1782), (1616, 1752), (1623, 1704), (1594, 1699), (1595, 1695), (1574, 1691), (1562, 1783), (1545, 1780), (1546, 1765), (1457, 1748)],
    '34': [(1747, 1756), (1715, 1761), (1696, 1761), (1671, 1760), (1649, 1759), (1616, 1752), (1611, 1782), (1606, 1781), (1604, 1808), (1614, 1808), (1608, 1822), (1623, 1823), (1650, 1830), (1677, 1828), (1703, 1825), (1702, 1846), (1749, 1835), (1744, 1811), (1756, 1805), (1799, 1783), (1780, 1741)],
    '35': [(641, 1206), (704, 1217), (682, 1344), (619, 1333)],
    '36': [(2012, 994), (2007, 1027), (1995, 1106), (2094, 1122), (2097, 1095), (2082, 1094), (2094, 1006), (2071, 932), (2037, 928), (2033, 950), (2066, 954), (2059, 1000)],
}
