BUILDING_POLY = {
    '00': [(576, 1136), (723, 1135), (723, 1110), (719, 991), (702, 992), (695, 814), (633, 817), (597, 831), (612, 1021), (602, 1022), (607, 1079), (576, 1090)],
    '01': [(864, 916), (1308, 1007), (1289, 1117), (843, 1023)],
    '02': [(861, 1479), (661, 1433), (647, 1491), (682, 1499), (674, 1534), (771, 1557), (854, 1577), (874, 1556), (903, 1581), (952, 1524), (927, 1502), (950, 1475), (901, 1433)],
    '03': [(723, 372), (653, 596), (643, 796), (706, 806), (716, 603), (780, 383)],
    '04': [(827, 629), (813, 694), (1050, 746), (1069, 675)],
    '05': [(1091, 666), (1060, 821), (1273, 863), (1286, 794), (1137, 765), (1154, 679)],
    '06': [(506, 1497), (634, 1522), (625, 1601), (496, 1574)],
    '07': [(1377, 1046), (1372, 1131), (1557, 1142), (1562, 1057)],
    '08': [(1369, 1224), (1363, 1314), (1588, 1330), (1594, 1239)],
    '09': [(1353, 1412), (1349, 1517), (1497, 1522), (1501, 1418)],
    '10': [(1245, 1520), (1199, 1953), (1386, 1973), (1392, 1915), (1503, 1934), (1521, 1658), (1481, 1652), (1457, 1890), (1411, 1886), (1412, 1904), (1383, 1898), (1386, 1863), (1296, 1853), (1330, 1529)],
    '11': [(1553, 1809), (1547, 1898), (1696, 1908), (1699, 1858), (1723, 1860), (1726, 1821)],
    '12': [(630, 707), (557, 694), (592, 439), (660, 450)],
    '13': [(1065, 422), (1069, 342), (871, 306), (719, 82), (677, 104), (862, 392)],
}
