BUILDING_POLY = {
    '00': [(779, 256), (738, 189), (805, 148), (850, 222), (873, 208), (905, 259), (727, 367), (692, 309)],
    '01': [(847, 337), (837, 321), (893, 287), (986, 436), (998, 429), (1029, 479), (889, 564), (847, 497), (895, 468), (823, 352)],
    '02': [(1379, 858), (1560, 774), (1669, 984), (1498, 1074)],
    '03': [(1292, 541), (1502, 441), (1511, 461), (1536, 449), (1564, 507), (1530, 523), (1541, 544), (1518, 555), (1526, 572), (1444, 611), (1484, 694), (1326, 769), (1274, 662), (1336, 633)],
    '04': [(1890, 1706), (2001, 1684), (2015, 1755), (1904, 1777)],
    '05': [(1810, 1447), (1965, 1416), (1975, 1462), (1919, 1474), (1926, 1510), (1869, 1522), (1861, 1483), (1819, 1492)],
    '06': [(193, 775), (273, 757), (327, 993), (225, 1016), (229, 1035), (178, 1046), (88, 954), (207, 839)],
    '07': [(278, 717), (311, 852), (405, 829), (402, 818), (478, 800), (455, 709), (417, 718), (409, 685)],
    '08': [(1971, 1962), (2023, 1954), (2018, 1920), (1965, 1928)],
    '09': [(2123, 1898), (2083, 1728), (2049, 1736), (2089, 1906)],
    '10': [(2082, 1722), (2067, 1658), (2044, 1664), (2059, 1727)],
    '11': [(2065, 1653), (2029, 1661), (1981, 1459), (2017, 1451)],
    '12': [(2134, 1576), (2074, 1587), (2047, 1465), (2110, 1454)],
    '13': [(1770, 1511), (1804, 1504), (1842, 1696), (1808, 1703)],
    '14': [(1835, 1783), (1870, 1775), (1909, 1939), (1876, 1946)],
    '15': [(1513, 1272), (1532, 1328), (1604, 1303), (1584, 1247)],
    '16': [(1734, 1044), (1673, 1073), (1773, 1281), (1840, 1255), (1827, 1226), (1789, 1241), (1782, 1226), (1797, 1230), (1811, 1228), (1821, 1222), (1827, 1215), (1837, 1199), (1840, 1177), (1838, 1153), (1828, 1129), (1815, 1110), (1799, 1099), (1784, 1093), (1772, 1095), (1763, 1101), (1758, 1090), (1739, 1098), (1738, 1093), (1796, 1070), (1784, 1041), (1741, 1058)],
    '17': [(1135, 519), (1038, 404), (1064, 383), (1008, 318), (1039, 289), (1155, 418), (1146, 426), (1164, 449), (1219, 408), (1240, 433)],
    '18': [(827, 585), (733, 436), (670, 476), (601, 519), (695, 668)],
    '19': [(717, 370), (607, 196), (686, 146), (653, 93), (521, 175), (534, 195), (507, 211), (608, 372), (634, 355), (665, 403)],
    '20': [(358, 689), (492, 665), (475, 573), (397, 587), (407, 641), (351, 651)],
    '21': [(1193, 844), (1227, 901), (1128, 944), (1147, 985), (1090, 1005), (1071, 957), (1047, 968), (1019, 921)],
    '22': [(981, 795), (980, 804), (984, 821), (985, 836), (981, 871), (970, 877), (965, 888), (950, 882), (939, 871), (933, 863), (930, 853), (928, 843), (929, 833), (932, 824), (937, 815), (944, 807), (952, 801), (961, 797), (971, 795)],
}
