BUILDING_POLY = {
    '00': [(885, 1822), (875, 1789), (869, 1747), (869, 1711), (876, 1673), (893, 1631), (915, 1600), (911, 1594), (940, 1566), (944, 1569), (988, 1545), (1034, 1535), (1083, 1534), (1119, 1539), (1154, 1553), (1182, 1569), (1209, 1593), (1229, 1616), (1251, 1644), (1263, 1667), (1273, 1694), (1280, 1723), (1282, 1753), (1270, 1920), (1190, 1916), (1189, 1924), (1156, 1925), (1127, 1938), (1095, 1945), (1054, 1947), (1015, 1941), (989, 1931), (711, 1910), (718, 1813)],
    '01': [(922, 509), (918, 526), (954, 533), (952, 539), (970, 543), (944, 660), (926, 656), (925, 662), (892, 655), (886, 682), (894, 695), (844, 709), (790, 715), (741, 712), (746, 697), (727, 692), (738, 649), (755, 654), (760, 636), (731, 628), (765, 474)],
    '02': [(1858, 627), (1852, 658), (1860, 660), (1865, 661), (1867, 655), (1870, 655), (1872, 656), (1876, 641), (1869, 640), (1871, 630)],
    '03': [(1976, 661), (2059, 679), (2049, 726), (1965, 708)],
    '04': [(1947, 757), (1956, 759), (1957, 752), (1965, 754), (1967, 745), (2116, 780), (2103, 835), (1938, 796)],
    '05': [(2069, 681), (2127, 695), (2125, 702), (2134, 704), (2126, 737), (2118, 735), (2115, 746), (2056, 732)],
    '06': [(1310, 501), (1365, 513), (1332, 659), (1185, 626), (1197, 575), (1288, 595)],
    '07': [(697, 222), (787, 242), (746, 424), (656, 404)],
    '08': [(920, 129), (968, 139), (946, 240), (898, 229)],
    '09': [(1056, 658), (1309, 718), (1301, 755), (1297, 783), (1297, 787), (1254, 789), (1218, 793), (1185, 801), (1154, 813), (1116, 837), (1070, 816), (1012, 800), (1023, 766), (1031, 734), (1039, 735)],
    '10': [(1383, 624), (1373, 668), (1502, 696), (1512, 653)],
    '11': [(1608, 674), (1713, 698), (1710, 711), (1718, 713), (1711, 743), (1598, 717)],
    '12': [(638, 1026), (698, 1039), (681, 1113), (679, 1113), (676, 1125), (621, 1113), (624, 1099), (622, 1099)],
    '13': [(743, 1143), (746, 1130), (743, 1129), (752, 1095), (783, 1102), (775, 1133), (770, 1132), (766, 1148), (770, 1149), (762, 1181), (730, 1173), (738, 1141)],
    '14': [(606, 1180), (638, 1188), (629, 1220), (623, 1219), (619, 1234), (623, 1235), (614, 1269), (583, 1261), (591, 1229), (597, 1230), (601, 1216), (597, 1215)],
    '15': [(729, 1207), (760, 1214), (752, 1248), (745, 1246), (742, 1261), (745, 1261), (738, 1295), (707, 1288), (715, 1255), (721, 1257), (725, 1241), (722, 1240)],
    '16': [(674, 1308), (706, 1315), (699, 1349), (691, 1347), (688, 1363), (691, 1363), (683, 1397), (652, 1390), (660, 1354), (666, 1356), (669, 1343), (666, 1342)],
    '17': [(578, 1286), (611, 1294), (603, 1327), (595, 1325), (591, 1342), (594, 1343), (587, 1372), (557, 1365), (564, 1335), (570, 1336), (573, 1323), (569, 1322)],
    '18': [(1512, 698), (1531, 613), (1538, 615), (1539, 609), (1557, 613), (1556, 619), (1571, 622), (1556, 690), (1558, 691), (1554, 708)],
    '19': [(361, 641), (356, 665), (295, 652), (301, 628)],
    '20': [(165, 804), (161, 825), (134, 819), (138, 798)],
    '21': [(163, 828), (144, 911), (124, 907), (143, 823)],
    '22': [(139, 931), (134, 951), (88, 939), (94, 919)],
    '23': [(131, 958), (127, 974), (106, 969), (110, 953)],
    '24': [(253, 997), (251, 1006), (139, 981), (141, 972)],
    '25': [(396, 1028), (393, 1040), (309, 1021), (312, 1009)],
    '26': [(647, 1847), (645, 1862), (623, 1859), (626, 1844)],
    '27': [(735, 442), (698, 606), (663, 598), (700, 435)],
    '28': [(691, 427), (684, 455), (627, 441), (632, 420), (641, 422), (643, 415)],
    '29': [(687, 461), (682, 483), (632, 472), (634, 466), (621, 463), (625, 447)],
    '30': [(681, 621), (676, 641), (652, 635), (657, 615)],
    '31': [(914, 116), (910, 133), (876, 125), (880, 108)],
    '32': [(908, 141), (904, 159), (884, 155), (888, 137)],
    '33': [(176, 832), (192, 836), (183, 870), (168, 866)],
    '34': [(204, 839), (220, 843), (211, 877), (196, 873)],
    '35': [(235, 845), (250, 849), (242, 882), (226, 879)],
    '36': [(259, 851), (275, 855), (267, 889), (251, 885)],
    '37': [(249, 901), (265, 905), (257, 935), (241, 931)],
    '38': [(223, 895), (239, 899), (231, 928), (216, 924)],
    '39': [(166, 880), (182, 884), (174, 914), (159, 910)],
    '40': [(189, 888), (205, 892), (198, 921), (182, 917)],
    '41': [(183, 926), (198, 930), (191, 959), (175, 955)],
    '42': [(214, 932), (230, 936), (223, 965), (207, 961)],
    '43': [(240, 938), (255, 942), (248, 971), (232, 967)],
    '44': [(273, 684), (288, 688), (281, 717), (265, 713)],
    '45': [(299, 691), (315, 695), (308, 724), (292, 720)],
    '46': [(263, 720), (279, 724), (272, 753), (256, 749)],
    '47': [(290, 726), (305, 730), (298, 759), (282, 755)],
    '48': [(400, 646), (413, 649), (408, 674), (394, 671)],
    '49': [(458, 607), (471, 609), (466, 632), (454, 629)],
    '50': [(344, 1536), (461, 1562), (451, 1611), (333, 1586)],
    '51': [(324, 1615), (441, 1641), (429, 1694), (312, 1668)],
    '52': [(615, 1116), (607, 1150), (680, 1167), (689, 1133)],
    '53': [(667, 1188), (676, 1190), (674, 1204), (664, 1202)],
    '54': [(718, 1081), (727, 1083), (724, 1096), (715, 1094)],
}
