BUILDING_POLY = {
    '00': [(1382, 1182), (1381, 1186), (1362, 1184), (1370, 1130), (1360, 1128), (1371, 1053), (1378, 1054), (1378, 1049), (1379, 1044), (1383, 1045), (1386, 1022), (1404, 1025), (1403, 1031), (1475, 1042), (1478, 1020), (1491, 1022), (1527, 1028), (1540, 1029), (1536, 1050), (1607, 1061), (1608, 1057), (1627, 1059), (1603, 1220), (1583, 1217), (1584, 1213), (1512, 1202), (1510, 1219), (1448, 1209), (1451, 1193)],
    '01': [(537, 148), (508, 156), (499, 124), (528, 116)],
    '02': [(1649, 1153), (1657, 1097), (1645, 1095), (1637, 1151)],
    '03': [(1677, 917), (1672, 950), (1705, 955), (1710, 922)],
    '04': [(1683, 877), (1681, 897), (1675, 896), (1673, 911), (1708, 916), (1708, 913), (1713, 914), (1714, 902), (1710, 902), (1713, 881)],
    '05': [(1722, 659), (1718, 656), (1715, 655), (1711, 655), (1707, 657), (1704, 660), (1702, 663), (1701, 667), (1701, 671), (1703, 675), (1706, 678), (1710, 679), (1714, 680), (1718, 679), (1721, 677), (1724, 674), (1725, 670), (1725, 666), (1724, 662)],
    '06': [(1694, 788), (1689, 819), (1710, 822), (1712, 802), (1709, 801), (1711, 790)],
    '07': [(1293, 907), (1289, 928), (1320, 933), (1313, 966), (1332, 969), (1348, 883), (1329, 879), (1323, 912)],
    '08': [(1409, 780), (1401, 831), (1479, 843), (1485, 805), (1487, 791), (1446, 785), (1447, 779), (1417, 774), (1416, 781)],
    '09': [(1323, 1134), (1318, 1162), (1250, 1152), (1254, 1124)],
    '10': [(1303, 1174), (1304, 1171), (1312, 1173), (1313, 1174), (1312, 1180), (1315, 1180), (1315, 1185), (1314, 1190), (1309, 1190), (1307, 1204), (1264, 1198), (1268, 1169)],
    '11': [(1235, 1147), (1199, 1142), (1202, 1117), (1238, 1122)],
    '12': [(1299, 1046), (1295, 1071), (1291, 1096), (1289, 1108), (1319, 1113), (1322, 1094), (1323, 1089), (1329, 1051)],
    '13': [(1617, 828), (1602, 926), (1645, 932), (1660, 835)],
    '14': [(1369, 1236), (1367, 1247), (1404, 1253), (1406, 1242)],
    '15': [(1257, 1051), (1249, 1103), (1281, 1108), (1283, 1095), (1291, 1096), (1295, 1071), (1286, 1070), (1288, 1056)],
    '16': [(1593, 1245), (1586, 1292), (1543, 1286), (1547, 1263), (1538, 1261), (1542, 1237)],
    '17': [(1539, 676), (1507, 685), (1528, 755)],
    '18': [(1490, 1281), (1486, 1313), (1333, 1290), (1338, 1258)],
    '19': [(1490, 1241), (1488, 1259), (1433, 1250), (1436, 1233)],
    '20': [(1417, 1353), (1421, 1324), (1474, 1332), (1469, 1360)],
    '21': [(1579, 1567), (1614, 1572), (1619, 1534), (1610, 1533), (1623, 1449), (1598, 1445)],
    '22': [(1626, 609), (1630, 624), (1641, 629), (1629, 642), (1643, 655), (1655, 642), (1685, 633), (1681, 620), (1685, 613), (1702, 599), (1690, 582), (1675, 594)],
    '23': [(1240, 1113), (1203, 1108), (1216, 1064), (1239, 1068)],
    '24': [(1467, 1383), (1469, 1390), (1470, 1395), (1469, 1404), (1467, 1412), (1465, 1417), (1461, 1422), (1366, 1408), (1365, 1401), (1364, 1397), (1365, 1387), (1367, 1379), (1369, 1375), (1372, 1369)],
    '25': [(1413, 1479), (1409, 1509), (1560, 1531), (1564, 1502)],
    '26': [(1376, 875), (1292, 863), (1295, 841), (1280, 839), (1277, 851), (1196, 840), (1197, 834), (1189, 833), (1193, 800), (1200, 802), (1204, 779), (1287, 791), (1285, 806), (1336, 814), (1339, 797), (1346, 798), (1346, 793), (1347, 788), (1349, 783), (1353, 779), (1360, 774), (1367, 773), (1376, 775), (1383, 779), (1387, 785), (1389, 791), (1389, 799), (1387, 806), (1383, 811), (1387, 812), (1380, 848)],
    '27': [(1591, 960), (1588, 979), (1586, 994), (1635, 1001), (1637, 987), (1642, 987), (1645, 968), (1610, 963)],
    '28': [(1531, 1391), (1521, 1458), (1565, 1465), (1576, 1398)],
    '29': [(1491, 1351), (1476, 1447), (1511, 1452), (1526, 1356)],
    '30': [(1424, 1429), (1419, 1460), (1458, 1466), (1463, 1434)],
    '31': [(1185, 992), (1171, 1090), (1202, 1095), (1213, 1020), (1214, 1014), (1216, 1013), (1218, 1010), (1220, 1007), (1220, 1004), (1220, 1001), (1218, 997), (1215, 994), (1212, 993), (1209, 992), (1205, 993), (1201, 995)],
    '32': [(1243, 994), (1186, 985), (1208, 850), (1277, 861), (1263, 942), (1267, 947), (1268, 954), (1267, 959), (1259, 967), (1248, 965)],
    '33': [(1410, 1363), (1417, 1321), (1351, 1312), (1345, 1353)],
    '34': [(1229, 998), (1227, 1011), (1225, 1022), (1224, 1030), (1324, 1045), (1326, 1029), (1329, 1013)],
    '35': [(1537, 1328), (1530, 1379), (1572, 1385), (1579, 1334)],
    '36': [(1521, 1533), (1518, 1553), (1547, 1560), (1551, 1534)],
    '37': [(1012, 510), (1018, 546), (1043, 542), (1037, 506)],
    '38': [(1002, 469), (1002, 493), (1033, 493), (1034, 470)],
    '39': [(1444, 523), (1451, 544), (1476, 535), (1501, 527), (1494, 507)],
    '40': [(858, 415), (856, 451), (899, 453), (901, 418)],
    '41': [(1382, 556), (1391, 583), (1434, 570), (1426, 543)],
    '42': [(701, 418), (704, 450), (776, 444), (774, 412)],
    '43': [(881, 635), (879, 669), (952, 672), (953, 638)],
    '44': [(930, 555), (896, 554), (898, 514), (931, 515)],
    '45': [(1073, 622), (1072, 653), (958, 648), (959, 623), (973, 623), (973, 618)],
    '46': [(954, 466), (953, 526), (977, 526), (978, 503), (986, 504), (986, 495), (994, 495), (994, 466)],
    '47': [(926, 633), (899, 632), (901, 588), (864, 587), (866, 567), (885, 567), (885, 564), (916, 565), (916, 581), (928, 582)],
    '48': [(926, 495), (856, 492), (857, 472), (880, 472), (881, 457), (909, 458), (909, 473), (926, 474)],
    '49': [(971, 549), (971, 566), (964, 565), (963, 594), (994, 595), (995, 578), (1030, 579), (1031, 551)],
    '50': [(1667, 1806), (1661, 1852), (1696, 1856), (1702, 1811), (1694, 1810), (1695, 1803), (1683, 1801), (1682, 1808)],
    '51': [(1641, 1689), (1631, 1771), (1697, 1781), (1707, 1697)],
    '52': [(1531, 1793), (1526, 1833), (1648, 1848), (1653, 1809)],
    '53': [(1568, 1866), (1556, 1960), (1489, 1952), (1501, 1857)],
    '54': [(1532, 1699), (1528, 1726), (1574, 1732), (1578, 1705)],
    '55': [(1534, 1665), (1531, 1682), (1584, 1689), (1577, 1750), (1523, 1743), (1521, 1760), (1591, 1770), (1604, 1674)],
    '56': [(880, 732), (930, 741), (1055, 701), (1055, 697), (882, 692)],
    '57': [(1506, 1232), (1498, 1279), (1533, 1284), (1541, 1237)],
    '58': [(1660, 505), (1631, 515), (1627, 516), (1610, 521), (1616, 538), (1666, 522)],
    '59': [(1414, 1460), (1419, 1427), (1381, 1422), (1376, 1454)],
    '60': [(706, 366), (708, 388), (738, 386), (736, 364)],
    '61': [(1596, 1437), (1613, 1439), (1630, 1330), (1612, 1328)],
    '62': [(720, 310), (761, 306), (748, 158), (708, 161)],
    '63': [(1443, 741), (1446, 722), (1422, 719), (1419, 737)],
    '64': [(1590, 1863), (1589, 1874), (1617, 1878), (1615, 1891), (1631, 1892), (1629, 1902), (1695, 1910), (1699, 1877)],
    '65': [(497, 86), (504, 116), (524, 111), (518, 82)],
    '66': [(1708, 1923), (1711, 1923), (1711, 1926), (1708, 1926)],
    '67': [(1131, 438), (1173, 437), (1173, 447), (1131, 448)],
    '68': [(769, 329), (760, 330), (760, 323), (702, 327), (704, 359), (763, 355), (762, 341), (770, 340)],
    '69': [(702, 174), (679, 177), (678, 164), (670, 165), (672, 177), (619, 182), (617, 168), (609, 169), (610, 183), (587, 185), (591, 221), (668, 214), (669, 223), (676, 222), (675, 213), (705, 210)],
    '70': [(886, 380), (885, 407), (922, 408), (923, 382)],
    '71': [(912, 427), (911, 436), (927, 436), (927, 428)],
    '72': [(920, 450), (920, 454), (932, 454), (932, 450)],
    '73': [(853, 453), (853, 469), (878, 470), (878, 453)],
    '74': [(1010, 458), (1009, 465), (1021, 466), (1022, 458)],
    '75': [(1277, 494), (1261, 500), (1274, 537), (1290, 531)],
    '76': [(1028, 498), (1019, 498), (1019, 502), (1028, 502)],
    '77': [(851, 504), (849, 523), (855, 524), (857, 504)],
    '78': [(1282, 545), (1251, 556), (1256, 571), (1288, 560)],
    '79': [(1037, 579), (1036, 594), (1044, 595), (1045, 579)],
    '80': [(1600, 743), (1592, 794), (1666, 805), (1674, 746), (1663, 729), (1668, 696)],
    '81': [(1178, 799), (1177, 802), (1169, 807), (1168, 815), (1184, 819), (1187, 801)],
    '82': [(1667, 987), (1666, 999), (1681, 999), (1682, 988)],
    '83': [(1660, 990), (1658, 1005), (1661, 1005), (1664, 991)],
    '84': [(1665, 1001), (1664, 1008), (1669, 1009), (1671, 1002)],
    '85': [(1659, 1007), (1657, 1015), (1660, 1015), (1662, 1008)],
    '86': [(1664, 1013), (1662, 1026), (1673, 1028), (1675, 1015)],
    '87': [(1654, 1037), (1650, 1064), (1659, 1065), (1663, 1039)],
    '88': [(1647, 1072), (1644, 1094), (1657, 1096), (1661, 1074)],
    '89': [(1053, 1097), (1044, 1096), (1044, 1100), (1053, 1100)],
    '90': [(976, 1138), (973, 1139), (978, 1157), (979, 1158), (983, 1156), (978, 1138)],
    '91': [(1222, 1225), (1219, 1245), (1247, 1249), (1250, 1229)],
    '92': [(1252, 1239), (1250, 1259), (1269, 1262), (1272, 1242)],
    '93': [(1230, 1265), (1217, 1266), (1219, 1289), (1231, 1288)],
    '94': [(1334, 1372), (1327, 1374), (1331, 1388), (1339, 1386)],
    '95': [(1325, 1410), (1318, 1413), (1324, 1426), (1332, 1422)],
    '96': [(1333, 1427), (1322, 1431), (1329, 1448), (1340, 1443)],
    '97': [(1361, 1476), (1352, 1478), (1357, 1498), (1366, 1496)],
    '98': [(1593, 1574), (1592, 1584), (1602, 1586), (1604, 1576)],
    '99': [(1479, 1840), (1500, 1843), (1500, 1839), (1480, 1837)],
    '100': [(1479, 1843), (1479, 1847), (1490, 1848), (1491, 1848), (1492, 1844)],
    '101': [(1479, 1848), (1478, 1851), (1491, 1853), (1491, 1849)],
    '102': [(1573, 1940), (1578, 1951), (1587, 1959), (1597, 1963), (1610, 1962), (1621, 1956), (1636, 1958), (1640, 1930), (1625, 1928), (1612, 1912), (1617, 1878), (1589, 1874), (1584, 1908), (1576, 1917), (1573, 1928)],
    '103': [(1473, 1905), (1470, 1932), (1484, 1933), (1487, 1906)],
    '104': [(1666, 1913), (1659, 1961), (1664, 1962), (1663, 1967), (1676, 1969), (1676, 1963), (1687, 1965), (1693, 1917)],
    '105': [(1701, 1940), (1697, 1961), (1708, 1963), (1712, 1942)],
    '106': [(1697, 1964), (1696, 1972), (1708, 1973), (1709, 1966)],
    '107': [(632, 325), (689, 320), (697, 409), (665, 411), (661, 355), (635, 357)],
    '108': [(513, 171), (536, 165), (541, 179), (549, 205), (553, 239), (540, 246)],
    '109': [(1527, 1290), (1524, 1313), (1550, 1317), (1549, 1323), (1580, 1328), (1585, 1298)],
    '110': [(1546, 1632), (1543, 1660), (1706, 1681), (1710, 1654)],
    '111': [(1610, 936), (1608, 945), (1607, 957), (1611, 957), (1642, 962), (1645, 941)],
    '112': [(1696, 825), (1691, 856), (1684, 855), (1681, 875), (1709, 879), (1712, 859), (1711, 859), (1715, 827)],
    '113': [(1363, 1225), (1425, 1235), (1427, 1224), (1365, 1214)],
    '114': [(1491, 1022), (1492, 1008), (1529, 1014), (1527, 1028)],
    '115': [(1608, 945), (1565, 938), (1563, 951), (1560, 975), (1588, 979), (1591, 960), (1610, 963), (1611, 957), (1607, 957)],
    '116': [(1009, 1071), (1144, 1061), (1145, 1076), (1010, 1086)],
    '117': [(893, 815), (898, 852), (1006, 838), (1001, 801)],
    '118': [(1544, 481), (1553, 507), (1561, 527), (1624, 506), (1628, 504), (1630, 503), (1625, 488), (1671, 472), (1660, 441)],
    '119': [(1483, 494), (1487, 505), (1503, 500), (1499, 488)],
    '120': [(1225, 1022), (1213, 1020), (1215, 1009), (1227, 1011)],
    '121': [(898, 514), (859, 513), (858, 553), (896, 554)],
    '122': [(1585, 750), (1583, 763), (1589, 764), (1591, 751)],
    '123': [(1361, 687), (1377, 734), (1243, 773), (1199, 768), (1195, 748)],
    '124': [(1156, 783), (1159, 806), (1023, 825), (1019, 802)],
}
