BUILDING_POLY = {
    '00': [(1436, 1582), (1438, 1657), (1432, 1657), (1357, 1659), (1321, 1660), (1321, 1653), (1313, 1653), (1313, 1637), (1326, 1636), (1325, 1603), (1312, 1603), (1312, 1586)],
    '01': [(1559, 1636), (1553, 1636), (1553, 1642), (1545, 1643), (1545, 1649), (1539, 1649), (1539, 1658), (1476, 1660), (1476, 1650), (1469, 1650), (1469, 1632), (1461, 1632), (1461, 1606), (1468, 1606), (1468, 1584), (1557, 1581)],
    '02': [(1410, 616), (1411, 627), (1340, 630), (1338, 585), (1409, 582), (1409, 594), (1389, 595), (1389, 617)],
    '03': [(1025, 1288), (1023, 1329), (1025, 1330), (1024, 1346), (1019, 1345), (1020, 1337), (1016, 1337), (1016, 1346), (1009, 1346), (1010, 1336), (996, 1335), (998, 1287)],
    '04': [(1745, 1333), (1768, 1325), (1790, 1320), (1826, 1315), (1859, 1314), (1885, 1317), (1888, 1407), (1786, 1410), (1785, 1374), (1716, 1376), (1715, 1335)],
    '05': [(596, 852), (596, 858), (592, 862), (585, 862), (581, 858), (581, 852), (585, 847), (592, 847), (597, 842), (594, 839), (594, 832), (576, 833), (574, 804), (600, 803), (599, 787), (605, 786), (606, 827), (616, 835), (661, 833), (668, 823), (666, 782), (673, 782), (674, 800), (699, 799), (701, 839), (682, 840), (680, 842), (681, 861), (703, 860), (704, 872), (673, 874), (671, 843), (666, 843), (666, 846), (647, 847), (647, 845), (629, 845), (629, 847), (627, 847), (627, 849), (609, 849), (609, 848), (603, 848), (601, 846)],
    '06': [(954, 833), (951, 834), (953, 854), (955, 855), (955, 857), (965, 856), (966, 869), (954, 870), (955, 893), (947, 894), (943, 893), (943, 891), (921, 892), (921, 895), (913, 896), (908, 896), (905, 857), (909, 857), (908, 837), (903, 837), (902, 824), (917, 823), (918, 822), (918, 825), (939, 824), (939, 820), (940, 820), (948, 820), (953, 819), (954, 821)],
    '07': [(1051, 906), (1048, 906), (1047, 892), (1050, 892), (1050, 877), (1041, 869), (1037, 864), (1020, 865), (1020, 869), (1005, 869), (1005, 866), (986, 867), (985, 854), (1004, 853), (1003, 831), (954, 833), (954, 821), (975, 819), (986, 819), (1016, 817), (1017, 829), (1019, 852), (1046, 850), (1061, 863), (1083, 863), (1086, 905), (1065, 905), (1065, 924), (1052, 925)],
    '08': [(855, 537), (855, 539), (857, 577), (844, 577), (844, 571), (818, 572), (818, 579), (746, 583), (744, 542)],
    '09': [(811, 696), (868, 692), (865, 645), (835, 647), (808, 649)],
    '10': [(978, 978), (977, 960), (980, 960), (980, 951), (997, 950), (997, 960), (1002, 959), (1003, 977), (1000, 977), (1000, 988), (982, 988), (982, 978)],
    '11': [(1334, 228), (1334, 246), (1406, 243), (1405, 226)],
    '12': [(1354, 206), (1405, 204), (1404, 188), (1353, 190)],
    '13': [(1421, 282), (1512, 279), (1511, 261), (1420, 264)],
    '14': [(1419, 243), (1484, 240), (1483, 222), (1418, 225)],
    '15': [(1416, 205), (1455, 203), (1454, 186), (1416, 188)],
    '16': [(1211, 351), (1264, 287), (1298, 286), (1298, 269), (1256, 269), (1197, 340)],
    '17': [(1179, 329), (1244, 250), (1274, 250), (1273, 233), (1236, 234), (1167, 318)],
    '18': [(1165, 289), (1231, 209), (1259, 209), (1258, 194), (1223, 195), (1151, 278)],
    '19': [(1147, 249), (1183, 206), (1173, 198), (1137, 240)],
    '20': [(1314, 286), (1407, 283), (1406, 264), (1313, 267)],
    '21': [(1272, 189), (1272, 200), (1277, 199), (1278, 209), (1285, 220), (1296, 225), (1297, 231), (1313, 230), (1313, 225), (1324, 217), (1328, 207), (1328, 197), (1333, 197), (1332, 187)],
    '22': [(1083, 298), (1092, 305), (1095, 302), (1101, 305), (1109, 308), (1119, 309), (1126, 305), (1132, 308), (1141, 297), (1137, 294), (1140, 286), (1139, 277), (1134, 268), (1127, 263), (1130, 259), (1121, 252)],
    '23': [(1065, 424), (1152, 420), (1194, 373), (1180, 361), (1144, 402), (1064, 405)],
    '24': [(1060, 382), (1135, 378), (1168, 342), (1155, 331), (1128, 362), (1059, 365)],
    '25': [(1058, 344), (1124, 342), (1123, 326), (1057, 328)],
    '26': [(1298, 363), (1291, 358), (1281, 356), (1272, 357), (1262, 362), (1256, 368), (1251, 375), (1249, 383), (1249, 392), (1251, 400), (1255, 407), (1260, 412), (1267, 417), (1276, 419), (1283, 419), (1291, 417), (1299, 413), (1291, 401), (1283, 406), (1276, 405), (1267, 401), (1263, 394), (1262, 385), (1265, 378), (1272, 373), (1278, 371), (1285, 372), (1289, 375)],
    '27': [(1533, 246), (1611, 243), (1601, 232), (1524, 234)],
    '28': [(1575, 292), (1652, 288), (1642, 277), (1564, 281)],
    '29': [(1603, 325), (1612, 337), (1690, 334), (1682, 322)],
    '30': [(1641, 373), (1655, 388), (1731, 384), (1719, 371)],
    '31': [(1681, 419), (1695, 434), (1772, 432), (1758, 417)],
    '32': [(1261, 123), (1266, 124), (1290, 161), (1298, 154), (1306, 161), (1328, 120), (1333, 119), (1332, 107), (1317, 107), (1317, 113), (1303, 142), (1294, 142), (1277, 116), (1277, 111), (1261, 111)],
    '33': [(1484, 188), (1495, 200), (1571, 197), (1561, 185)],
    '34': [(1447, 630), (1452, 629), (1452, 635), (1459, 634), (1459, 641), (1495, 640), (1495, 635), (1495, 631), (1495, 626), (1519, 625), (1531, 625), (1531, 620), (1530, 576), (1446, 579)],
    '35': [(1614, 1062), (1685, 1060), (1684, 1023), (1666, 1023), (1667, 1045), (1629, 1046), (1627, 1005), (1643, 1005), (1644, 1016), (1656, 1015), (1655, 1004), (1666, 1004), (1666, 1018), (1683, 1017), (1682, 987), (1612, 990)],
    '36': [(1531, 1174), (1577, 1173), (1624, 1172), (1623, 1159), (1623, 1152), (1623, 1141), (1612, 1141), (1607, 1141), (1607, 1150), (1594, 1150), (1593, 1126), (1593, 1115), (1589, 1110), (1584, 1107), (1578, 1105), (1573, 1106), (1567, 1108), (1564, 1111), (1560, 1116), (1560, 1124), (1561, 1150), (1547, 1151), (1546, 1142), (1538, 1142), (1530, 1142), (1531, 1156), (1531, 1163)],
    '37': [(1474, 1210), (1466, 1210), (1464, 1210), (1464, 1196), (1497, 1195), (1496, 1169), (1475, 1170), (1475, 1158), (1495, 1157), (1494, 1121), (1462, 1122), (1462, 1109), (1494, 1108), (1494, 1113), (1508, 1112), (1508, 1121), (1510, 1121), (1511, 1156), (1511, 1163), (1513, 1209)],
    '38': [(1511, 1156), (1531, 1156), (1531, 1163), (1511, 1163)],
    '39': [(1680, 1228), (1691, 1228), (1690, 1203), (1679, 1203)],
    '40': [(1640, 1152), (1623, 1152), (1623, 1159), (1640, 1159)],
    '41': [(1176, 1149), (1219, 1147), (1219, 1149), (1226, 1149), (1226, 1147), (1231, 1147), (1231, 1140), (1235, 1140), (1234, 1134), (1224, 1135), (1223, 1129), (1216, 1129), (1217, 1135), (1176, 1136)],
    '42': [(1182, 1093), (1214, 1092), (1214, 1100), (1229, 1099), (1228, 1086), (1223, 1086), (1223, 1077), (1181, 1079)],
    '43': [(1257, 1041), (1327, 1039), (1327, 1025), (1256, 1027)],
    '44': [(1135, 1103), (1145, 1103), (1146, 1105), (1155, 1105), (1154, 1092), (1164, 1091), (1164, 1080), (1152, 1080), (1152, 1071), (1159, 1071), (1159, 1069), (1166, 1068), (1166, 1066), (1171, 1066), (1173, 1068), (1176, 1064), (1173, 1062), (1173, 1056), (1156, 1057), (1157, 1061), (1149, 1061), (1149, 1057), (1139, 1057), (1140, 1071), (1133, 1071), (1133, 1082), (1141, 1082), (1142, 1092), (1135, 1093)],
    '45': [(1357, 1095), (1414, 1094), (1428, 1078), (1427, 1018), (1413, 1032), (1406, 1040), (1379, 1070), (1373, 1076)],
    '46': [(1362, 1075), (1367, 1070), (1372, 1064), (1381, 1054), (1370, 1045), (1360, 1035), (1354, 1043), (1351, 1051), (1351, 1060), (1356, 1069)],
    '47': [(1278, 1056), (1280, 1095), (1330, 1093), (1330, 1078), (1288, 1079), (1288, 1068), (1329, 1067), (1329, 1054)],
    '48': [(971, 1207), (969, 1156), (955, 1157), (957, 1207)],
    '49': [(965, 1119), (963, 1084), (951, 1085), (952, 1106), (944, 1107), (944, 1120)],
    '50': [(962, 1078), (959, 1026), (940, 1027), (943, 1079)],
    '51': [(1323, 510), (1339, 517), (1351, 517), (1367, 508), (1373, 508), (1388, 516), (1388, 523), (1400, 523), (1400, 517), (1410, 510), (1403, 500), (1396, 504), (1392, 504), (1376, 496), (1362, 497), (1347, 505), (1343, 505), (1328, 497), (1323, 497)],
    '52': [(1241, 478), (1241, 483), (1286, 508), (1289, 508), (1307, 497), (1312, 497), (1312, 511), (1295, 521), (1284, 520), (1263, 510), (1264, 508), (1238, 495), (1225, 502), (1219, 492), (1231, 485), (1231, 479)],
    '53': [(1273, 550), (1279, 560), (1290, 554), (1296, 553), (1310, 561), (1312, 561), (1312, 550), (1299, 542), (1284, 543)],
    '54': [(1323, 549), (1323, 561), (1341, 552), (1347, 552), (1362, 560), (1376, 560), (1391, 550), (1397, 550), (1405, 554), (1411, 544), (1401, 538), (1400, 535), (1388, 535), (1388, 539), (1373, 548), (1365, 548), (1350, 540), (1339, 540)],
    '55': [(1383, 1508), (1399, 1507), (1399, 1512), (1400, 1526), (1499, 1522), (1499, 1508), (1498, 1497), (1507, 1497), (1514, 1496), (1515, 1517), (1518, 1517), (1518, 1531), (1501, 1532), (1501, 1538), (1470, 1539), (1470, 1541), (1452, 1542), (1431, 1543), (1431, 1540), (1400, 1542), (1399, 1537), (1382, 1538), (1382, 1526), (1384, 1526)],
    '56': [(927, 622), (934, 622), (934, 620), (943, 619), (943, 637), (940, 637), (941, 653), (943, 653), (944, 657), (933, 657), (933, 659), (933, 660), (928, 661)],
    '57': [(790, 903), (790, 914), (788, 916), (789, 930), (796, 937), (760, 939), (761, 945), (750, 945), (748, 912), (752, 907), (763, 906), (762, 905)],
    '58': [(1195, 1070), (1216, 1069), (1213, 1039), (1220, 1039), (1214, 961), (1184, 963), (1185, 970), (1179, 971), (1185, 1050), (1193, 1049)],
    '59': [(1229, 676), (1240, 692), (1241, 698), (1232, 714), (1242, 718), (1251, 701), (1256, 697), (1273, 697), (1274, 686), (1255, 686), (1251, 685), (1240, 668)],
    '60': [(1515, 1465), (1515, 1477), (1537, 1477), (1537, 1487), (1530, 1488), (1530, 1509), (1538, 1509), (1539, 1532), (1557, 1532), (1555, 1464)],
    '61': [(1607, 1339), (1609, 1404), (1700, 1401), (1699, 1371), (1683, 1372), (1684, 1385), (1634, 1386), (1634, 1380), (1644, 1380), (1644, 1358), (1632, 1358), (1632, 1354), (1666, 1352), (1666, 1337)],
    '62': [(1158, 731), (1200, 728), (1198, 675), (1152, 679), (1152, 685), (1154, 689), (1156, 690)],
    '63': [(1139, 532), (1140, 561), (1174, 559), (1173, 547), (1176, 548), (1181, 546), (1185, 543), (1187, 539), (1189, 534), (1188, 530), (1186, 525), (1183, 521), (1179, 519), (1174, 518), (1169, 519), (1165, 521), (1162, 525), (1160, 529), (1159, 531)],
    '64': [(1202, 171), (1166, 173), (1183, 142)],
    '65': [(1614, 702), (1634, 701), (1638, 857), (1619, 857)],
    '66': [(1370, 726), (1419, 725), (1418, 712), (1370, 713)],
    '67': [(538, 1088), (567, 1087), (567, 1075), (558, 1076), (557, 1065), (565, 1065), (564, 1054), (557, 1054), (556, 1037), (564, 1037), (563, 1016), (514, 1019), (514, 1025), (517, 1024), (518, 1057), (520, 1057), (521, 1067), (537, 1066)],
    '68': [(508, 1100), (514, 1100), (514, 1098), (529, 1097), (530, 1104), (541, 1103), (542, 1119), (535, 1119), (536, 1150), (520, 1151), (520, 1148), (495, 1149), (495, 1143), (499, 1143), (499, 1136), (500, 1136), (500, 1131), (503, 1131), (503, 1129), (517, 1128), (517, 1121), (506, 1121), (505, 1108), (508, 1108)],
    '69': [(936, 1007), (957, 1005), (959, 1020), (937, 1022)],
    '70': [(1096, 907), (1126, 906), (1125, 886), (1139, 886), (1138, 875), (1129, 875), (1129, 870), (1092, 871), (1093, 899), (1096, 899)],
    '71': [(966, 1442), (1008, 1446), (1006, 1477), (973, 1474), (974, 1461), (964, 1461)],
    '72': [(1015, 1449), (1013, 1477), (1052, 1481), (1053, 1452)],
    '73': [(969, 1398), (966, 1428), (1052, 1435), (1054, 1406)],
    '74': [(1256, 976), (1261, 1000), (1276, 999), (1335, 997), (1335, 969), (1284, 970)],
    '75': [(1161, 752), (1200, 750), (1202, 778), (1190, 779), (1190, 769), (1196, 769), (1196, 764), (1162, 766)],
    '76': [(1297, 1445), (1299, 1487), (1343, 1486), (1341, 1443)],
    '77': [(996, 1377), (1006, 1378), (1007, 1374), (1034, 1376), (1035, 1365), (997, 1362)],
    '78': [(1042, 815), (1016, 817), (1017, 829), (1031, 828), (1032, 844), (1044, 844)],
    '79': [(1290, 751), (1291, 764), (1358, 763), (1357, 750)],
    '80': [(1292, 813), (1357, 810), (1358, 823), (1293, 826)],
    '81': [(1626, 1530), (1699, 1528), (1699, 1512), (1686, 1512), (1684, 1491), (1672, 1491), (1672, 1512), (1641, 1514), (1639, 1471), (1661, 1470), (1662, 1490), (1699, 1489), (1698, 1457), (1624, 1459), (1624, 1465), (1617, 1466), (1618, 1524), (1626, 1524)],
    '82': [(1372, 758), (1421, 757), (1421, 744), (1372, 746)],
    '83': [(1381, 686), (1416, 686), (1415, 648), (1402, 648), (1402, 675), (1381, 675)],
    '84': [(1373, 802), (1384, 802), (1384, 790), (1411, 789), (1411, 801), (1422, 801), (1421, 777), (1372, 778)],
    '85': [(1406, 1026), (1413, 1032), (1406, 1040), (1399, 1034)],
    '86': [(1373, 1041), (1370, 1045), (1381, 1054), (1384, 1051)],
    '87': [(1372, 1064), (1379, 1070), (1373, 1076), (1367, 1070)],
    '88': [(1352, 1022), (1412, 1019), (1406, 1026), (1399, 1034), (1384, 1051), (1373, 1041)],
    '89': [(1297, 1511), (1323, 1511), (1329, 1508), (1335, 1508), (1340, 1511), (1344, 1516), (1345, 1522), (1342, 1529), (1339, 1534), (1334, 1531), (1329, 1531), (1325, 1529), (1322, 1525), (1314, 1525), (1297, 1525)],
    '90': [(1398, 913), (1425, 912), (1427, 984), (1404, 985), (1403, 976), (1413, 976), (1413, 954), (1400, 954)],
    '91': [(1530, 952), (1616, 950), (1615, 871), (1529, 873)],
    '92': [(602, 766), (664, 763), (663, 756), (663, 752), (663, 745), (601, 748)],
    '93': [(1027, 1074), (1038, 1074), (1039, 1091), (1050, 1100), (1103, 1096), (1111, 1086), (1109, 1069), (1120, 1068), (1122, 1097), (1116, 1106), (1041, 1112), (1030, 1104)],
    '94': [(1426, 1121), (1428, 1207), (1411, 1207), (1409, 1122)],
    '95': [(1294, 867), (1361, 864), (1361, 851), (1294, 853)],
    '96': [(1373, 864), (1424, 864), (1424, 850), (1373, 850)],
    '97': [(1374, 831), (1423, 830), (1423, 816), (1373, 817)],
    '98': [(1288, 732), (1299, 732), (1299, 725), (1336, 724), (1343, 724), (1343, 731), (1354, 731), (1354, 713), (1288, 714)],
    '99': [(1024, 1222), (1090, 1219), (1089, 1210), (1103, 1209), (1101, 1173), (1087, 1174), (1089, 1205), (1023, 1208)],
    '100': [(733, 758), (784, 754), (784, 743), (732, 747)],
    '101': [(802, 724), (812, 724), (813, 740), (819, 744), (863, 741), (867, 737), (865, 720), (875, 719), (877, 743), (870, 750), (817, 753), (803, 744)],
    '102': [(897, 745), (945, 742), (945, 733), (942, 733), (942, 737), (924, 738), (923, 724), (944, 723), (944, 718), (924, 720), (923, 702), (943, 701), (943, 696), (894, 699), (894, 704), (914, 703), (915, 720), (895, 721), (896, 726), (916, 725), (917, 739), (901, 739), (900, 736), (896, 736)],
    '103': [(1020, 437), (1039, 437), (1038, 425), (1020, 426)],
    '104': [(1069, 459), (1097, 458), (1097, 457), (1128, 455), (1129, 465), (1097, 466), (1097, 468), (1070, 469)],
    '105': [(1017, 462), (1061, 461), (1061, 469), (1018, 471)],
    '106': [(1121, 796), (1134, 795), (1135, 817), (1122, 817)],
    '107': [(1137, 663), (1143, 651), (1148, 647), (1160, 647), (1159, 637), (1146, 638), (1142, 636), (1134, 624), (1124, 630), (1132, 642), (1133, 647), (1127, 659)],
    '108': [(1164, 638), (1164, 647), (1178, 646), (1184, 651), (1190, 659), (1198, 653), (1191, 644), (1190, 638), (1197, 626), (1187, 621), (1181, 634), (1177, 637)],
    '109': [(1161, 493), (1196, 491), (1195, 474), (1160, 476)],
    '110': [(1478, 156), (1521, 155), (1520, 130), (1477, 131)],
    '111': [(1703, 540), (1747, 540), (1747, 529), (1754, 529), (1754, 480), (1705, 480), (1705, 484), (1702, 484), (1702, 493), (1743, 493), (1743, 503), (1702, 503), (1702, 515), (1743, 515), (1743, 528), (1703, 528)],
    '112': [(1059, 1147), (1104, 1144), (1105, 1163), (1060, 1165)],
    '113': [(1023, 1179), (1039, 1178), (1039, 1173), (1063, 1172), (1063, 1175), (1078, 1175), (1079, 1186), (1064, 1187), (1064, 1192), (1039, 1193), (1039, 1187), (1023, 1188)],
    '114': [(1227, 591), (1266, 590), (1267, 601), (1265, 601), (1261, 601), (1227, 602)],
    '115': [(1342, 673), (1377, 671), (1376, 651), (1341, 652)],
    '116': [(619, 1003), (678, 999), (679, 1014), (656, 1015), (656, 1022), (644, 1023), (643, 1016), (620, 1018)],
    '117': [(1026, 737), (1065, 735), (1064, 708), (1049, 709), (1050, 725), (1041, 725), (1026, 726)],
    '118': [(967, 714), (982, 713), (983, 728), (1008, 726), (1009, 738), (969, 740)],
    '119': [(964, 653), (979, 652), (979, 665), (1013, 663), (1048, 662), (1047, 648), (1061, 647), (1063, 688), (1048, 688), (1048, 674), (1014, 675), (980, 677), (980, 692), (966, 692)],
    '120': [(963, 632), (977, 631), (976, 614), (1045, 610), (1046, 626), (1060, 625), (1058, 591), (1044, 592), (1045, 599), (975, 603), (975, 597), (961, 597)],
    '121': [(769, 1206), (785, 1205), (785, 1198), (782, 1198), (778, 1162), (769, 1163), (772, 1200), (769, 1200)],
    '122': [(766, 1158), (776, 1157), (772, 1114), (761, 1115)],
    '123': [(760, 1090), (771, 1089), (772, 1111), (761, 1111)],
    '124': [(762, 1046), (760, 1017), (742, 1018), (742, 1024), (730, 1025), (731, 1048)],
    '125': [(700, 1012), (744, 1009), (743, 999), (699, 1001)],
    '126': [(1404, 115), (1409, 115), (1435, 154), (1441, 148), (1447, 154), (1467, 111), (1472, 112), (1472, 101), (1459, 101), (1459, 106), (1445, 136), (1435, 137), (1417, 108), (1416, 102), (1403, 103)],
    '127': [(1333, 119), (1338, 119), (1363, 157), (1370, 149), (1377, 156), (1398, 116), (1404, 115), (1403, 103), (1388, 104), (1389, 108), (1373, 141), (1367, 141), (1346, 110), (1346, 106), (1332, 107)],
    '128': [(1191, 129), (1195, 129), (1218, 165), (1226, 160), (1234, 164), (1255, 125), (1261, 123), (1261, 111), (1244, 112), (1244, 117), (1229, 146), (1223, 147), (1207, 121), (1207, 115), (1191, 115)],
    '129': [(1256, 611), (1261, 611), (1265, 611), (1297, 609), (1298, 620), (1295, 620), (1290, 621), (1257, 622)],
    '130': [(1327, 655), (1287, 656), (1288, 690), (1328, 688)],
    '131': [(1691, 1228), (1680, 1228), (1678, 1228), (1679, 1251), (1693, 1251), (1693, 1247), (1741, 1245), (1741, 1249), (1756, 1248), (1755, 1224), (1741, 1225), (1741, 1232), (1691, 1234), (1691, 1228)],
    '132': [(1419, 1400), (1418, 1339), (1479, 1338), (1479, 1347), (1482, 1349), (1483, 1355), (1480, 1362), (1475, 1365), (1466, 1364), (1462, 1359), (1460, 1355), (1460, 1352), (1448, 1352), (1445, 1362), (1440, 1371), (1437, 1379), (1437, 1385), (1520, 1383), (1519, 1353), (1497, 1354), (1496, 1341), (1546, 1340), (1547, 1379), (1547, 1398)],
    '133': [(1690, 1203), (1690, 1190), (1657, 1191), (1656, 1167), (1655, 1145), (1655, 1115), (1687, 1114), (1687, 1101), (1653, 1102), (1653, 1106), (1642, 1106), (1642, 1115), (1638, 1115), (1640, 1152), (1640, 1159), (1641, 1204), (1679, 1203)],
    '134': [(1261, 601), (1265, 601), (1265, 611), (1261, 611)],
    '135': [(1313, 1544), (1365, 1542), (1365, 1555), (1314, 1556)],
    '136': [(968, 1377), (1010, 1379), (1010, 1390), (968, 1388)],
    '137': [(1151, 948), (1162, 948), (1161, 937), (1178, 936), (1180, 967), (1162, 968), (1162, 954), (1152, 954)],
    '138': [(1511, 862), (1510, 830), (1509, 794), (1509, 774), (1507, 718), (1507, 711), (1489, 711), (1493, 862)],
    '139': [(1100, 1015), (1117, 1014), (1120, 1065), (1103, 1066), (1102, 1054)],
    '140': [(1027, 1017), (1045, 1015), (1044, 984), (1098, 981), (1100, 1011), (1117, 1010), (1116, 956), (1024, 961)],
    '141': [(663, 752), (678, 751), (678, 755), (663, 756)],
    '142': [(675, 709), (704, 707), (707, 748), (700, 756), (678, 757), (678, 755), (678, 751), (676, 735), (696, 733), (695, 721), (676, 723), (676, 719), (675, 716)],
    '143': [(1455, 1465), (1453, 1430), (1405, 1433), (1405, 1436), (1388, 1437), (1389, 1464), (1406, 1464), (1406, 1467)],
    '144': [(1444, 1476), (1460, 1475), (1460, 1465), (1479, 1464), (1480, 1480), (1481, 1480), (1482, 1493), (1445, 1495)],
    '145': [(992, 564), (992, 575), (1012, 574), (1012, 562), (1009, 562), (1009, 561), (994, 561), (994, 563)],
    '146': [(965, 458), (965, 469), (974, 469), (975, 481), (987, 481), (985, 459), (981, 459), (981, 457)],
    '147': [(964, 564), (964, 575), (985, 575), (985, 564), (981, 564), (981, 561), (967, 562), (967, 564)],
    '148': [(968, 496), (968, 508), (989, 506), (988, 494), (984, 494), (984, 492), (971, 493), (971, 496)],
    '149': [(966, 529), (966, 541), (986, 540), (986, 528), (982, 528), (982, 526), (968, 527), (968, 529)],
    '150': [(1861, 831), (1855, 836), (1845, 839), (1805, 840), (1805, 824), (1836, 823), (1837, 817), (1842, 812), (1847, 809), (1846, 779), (1862, 779), (1863, 810), (1863, 823)],
    '151': [(1347, 1144), (1337, 1148), (1330, 1155), (1326, 1163), (1325, 1172), (1326, 1182), (1332, 1192), (1339, 1197), (1349, 1200), (1359, 1200), (1359, 1205), (1389, 1204), (1388, 1193), (1398, 1192), (1396, 1137), (1357, 1139), (1357, 1143)],
    '152': [(1722, 1483), (1770, 1482), (1770, 1530), (1756, 1530), (1755, 1496), (1737, 1496), (1737, 1528), (1723, 1528)],
    '153': [(1112, 517), (1113, 528), (1151, 526), (1151, 515)],
    '154': [(1111, 486), (1112, 497), (1150, 495), (1150, 484)],
    '155': [(1024, 496), (1024, 507), (1064, 505), (1065, 528), (1030, 529), (1031, 542), (1068, 541), (1075, 530), (1074, 494)],
    '156': [(721, 831), (723, 861), (728, 861), (728, 865), (755, 863), (760, 863), (774, 862), (775, 873), (775, 874), (790, 873), (789, 855), (793, 854), (791, 829), (787, 829), (786, 813), (771, 814), (772, 823), (750, 825), (751, 829)],
    '157': [(1114, 589), (1115, 611), (1129, 610), (1129, 602), (1171, 600), (1171, 608), (1184, 608), (1183, 586)],
    '158': [(1072, 552), (1073, 564), (1104, 562), (1104, 560), (1135, 559), (1134, 548), (1103, 549), (1103, 551)],
    '159': [(486, 974), (486, 985), (494, 984), (494, 988), (501, 987), (501, 984), (507, 984), (507, 973)],
    '160': [(429, 1132), (431, 1160), (466, 1157), (464, 1130)],
    '161': [(588, 1462), (591, 1498), (624, 1495), (622, 1460)],
    '162': [(1176, 1701), (1178, 1732), (1202, 1730), (1200, 1699)],
    '163': [(890, 1565), (891, 1587), (924, 1585), (925, 1602), (950, 1601), (947, 1562)],
    '164': [(1039, 1064), (1040, 1077), (1063, 1075), (1062, 1062)],
    '165': [(1285, 632), (1285, 643), (1323, 642), (1323, 630), (1295, 631), (1291, 631)],
    '166': [(1177, 865), (1177, 875), (1203, 875), (1203, 854), (1194, 854), (1194, 865)],
    '167': [(675, 891), (676, 907), (686, 906), (686, 901), (695, 901), (696, 911), (691, 911), (691, 914), (678, 914), (675, 911), (670, 911), (666, 916), (667, 947), (673, 952), (713, 949), (712, 938), (680, 940), (680, 926), (683, 923), (712, 922), (710, 889)],
    '168': [(734, 1051), (734, 1065), (765, 1064), (765, 1049)],
    '169': [(730, 710), (731, 716), (752, 715), (753, 727), (731, 729), (732, 735), (781, 731), (781, 725), (761, 727), (760, 714), (780, 713), (779, 706)],
    '170': [(469, 794), (472, 868), (483, 867), (485, 894), (490, 897), (499, 897), (500, 911), (492, 911), (487, 917), (488, 926), (534, 925), (535, 937), (552, 937), (550, 908), (512, 910), (510, 871), (514, 864), (544, 863), (543, 849), (513, 851), (512, 834), (541, 832), (540, 818), (511, 820), (510, 804), (539, 802), (538, 789)],
    '171': [(1718, 1406), (1719, 1441), (1768, 1440), (1768, 1405)],
    '172': [(1483, 1419), (1485, 1478), (1503, 1478), (1503, 1460), (1507, 1460), (1506, 1418)],
    '173': [(446, 1482), (446, 1471), (402, 1474), (403, 1484)],
    '174': [(586, 1451), (585, 1440), (539, 1442), (540, 1452)],
    '175': [(507, 1486), (507, 1477), (458, 1479), (459, 1488)],
    '176': [(586, 1415), (586, 1405), (536, 1408), (537, 1417)],
    '177': [(505, 1420), (505, 1410), (459, 1412), (460, 1422)],
    '178': [(507, 1453), (507, 1445), (458, 1448), (458, 1455)],
    '179': [(445, 1450), (444, 1440), (401, 1443), (402, 1453)],
    '180': [(567, 1474), (568, 1482), (519, 1485), (518, 1477)],
    '181': [(445, 1420), (445, 1408), (390, 1412), (391, 1423)],
    '182': [(441, 1390), (440, 1378), (386, 1381), (386, 1393)],
    '183': [(580, 1379), (580, 1370), (526, 1373), (526, 1382)],
    '184': [(510, 1384), (510, 1374), (455, 1377), (456, 1387)],
    '185': [(911, 1417), (910, 1408), (868, 1411), (869, 1420)],
    '186': [(859, 1420), (858, 1411), (817, 1413), (817, 1422)],
    '187': [(909, 1385), (909, 1376), (867, 1378), (868, 1387)],
    '188': [(905, 1354), (904, 1345), (862, 1347), (863, 1357)],
    '189': [(856, 1357), (856, 1348), (814, 1350), (814, 1360)],
    '190': [(858, 1388), (858, 1379), (816, 1381), (816, 1391)],
    '191': [(642, 1383), (641, 1374), (600, 1376), (600, 1386)],
    '192': [(784, 1374), (784, 1366), (726, 1369), (727, 1377)],
    '193': [(645, 1428), (644, 1418), (602, 1420), (603, 1430)],
    '194': [(789, 1418), (789, 1410), (731, 1413), (732, 1422)],
    '195': [(710, 1379), (710, 1370), (652, 1374), (653, 1383)],
    '196': [(705, 1425), (704, 1415), (653, 1418), (654, 1427)],
    '197': [(708, 1557), (708, 1545), (660, 1547), (660, 1559)],
    '198': [(705, 1494), (705, 1481), (656, 1483), (657, 1497)],
    '199': [(803, 1552), (802, 1539), (753, 1541), (754, 1554)],
    '200': [(800, 1489), (800, 1475), (751, 1477), (751, 1492)],
    '201': [(801, 1521), (800, 1506), (753, 1508), (754, 1523)],
    '202': [(707, 1526), (706, 1512), (658, 1514), (658, 1528)],
    '203': [(805, 1599), (806, 1609), (751, 1612), (750, 1603)],
    '204': [(808, 1669), (807, 1659), (751, 1662), (752, 1672)],
    '205': [(807, 1638), (807, 1629), (749, 1632), (750, 1642)],
    '206': [(735, 1670), (734, 1662), (704, 1665), (705, 1673)],
    '207': [(809, 1700), (808, 1690), (755, 1693), (755, 1703)],
    '208': [(735, 1693), (735, 1685), (706, 1687), (706, 1695)],
    '209': [(732, 1647), (731, 1639), (703, 1641), (703, 1649)],
    '210': [(813, 1731), (812, 1721), (757, 1725), (758, 1735)],
    '211': [(806, 1580), (806, 1569), (764, 1571), (764, 1582)],
    '212': [(1028, 1629), (1027, 1620), (997, 1625), (999, 1634)],
    '213': [(1038, 1681), (1036, 1673), (1008, 1677), (1009, 1686)],
    '214': [(1022, 1594), (1021, 1585), (992, 1589), (993, 1598)],
    '215': [(1026, 1611), (1024, 1602), (995, 1607), (996, 1616)],
    '216': [(1031, 1646), (1029, 1637), (1001, 1642), (1002, 1651)],
    '217': [(1035, 1663), (1033, 1654), (1004, 1659), (1006, 1668)],
    '218': [(1041, 1699), (1039, 1691), (1011, 1695), (1012, 1703)],
    '219': [(1275, 1765), (1274, 1756), (1218, 1760), (1219, 1769)],
    '220': [(1275, 1733), (1274, 1724), (1216, 1728), (1217, 1737)],
    '221': [(1275, 1797), (1274, 1787), (1223, 1790), (1224, 1801)],
    '222': [(1278, 1829), (1277, 1819), (1223, 1823), (1223, 1833)],
    '223': [(1272, 1700), (1272, 1692), (1215, 1695), (1215, 1704)],
    '224': [(1209, 1785), (1208, 1775), (1150, 1779), (1150, 1789)],
    '225': [(1211, 1817), (1210, 1807), (1152, 1811), (1153, 1821), (1167, 1820)],
    '226': [(1204, 1755), (1204, 1745), (1149, 1748), (1150, 1758), (1187, 1756)],
    '227': [(1266, 1561), (1264, 1521), (1252, 1521), (1254, 1561)],
    '228': [(1270, 1608), (1270, 1617), (1203, 1622), (1203, 1613)],
    '229': [(1266, 1585), (1265, 1574), (1198, 1580), (1199, 1591)],
    '230': [(1179, 1533), (1179, 1523), (1145, 1524), (1145, 1534)],
    '231': [(1276, 1650), (1274, 1639), (1208, 1645), (1209, 1655)],
    '232': [(1244, 1523), (1244, 1514), (1191, 1515), (1191, 1525)],
    '233': [(1247, 1555), (1247, 1546), (1193, 1548), (1194, 1558)],
    '234': [(1171, 1382), (1172, 1372), (1114, 1366), (1113, 1376)],
    '235': [(1165, 1418), (1166, 1407), (1107, 1401), (1106, 1412)],
    '236': [(1242, 1392), (1243, 1380), (1184, 1375), (1183, 1386)],
    '237': [(1244, 1459), (1245, 1448), (1176, 1446), (1175, 1456)],
    '238': [(1250, 1490), (1250, 1479), (1175, 1481), (1176, 1492)],
    '239': [(1239, 1424), (1241, 1413), (1182, 1407), (1181, 1419)],
    '240': [(1095, 1416), (1096, 1404), (1071, 1402), (1070, 1414)],
    '241': [(1103, 1510), (1101, 1499), (1077, 1502), (1079, 1513)],
    '242': [(1165, 1458), (1163, 1447), (1106, 1457), (1108, 1468)],
    '243': [(1095, 1451), (1093, 1440), (1069, 1443), (1071, 1454)],
    '244': [(1160, 1495), (1158, 1484), (1112, 1491), (1113, 1503)],
    '245': [(1097, 1385), (1098, 1373), (1073, 1371), (1072, 1383)],
    '246': [(1100, 1481), (1099, 1471), (1075, 1475), (1076, 1485)],
    '247': [(753, 1907), (753, 1896), (730, 1897), (731, 1908)],
    '248': [(746, 1847), (745, 1836), (723, 1837), (723, 1848)],
    '249': [(743, 1817), (742, 1806), (720, 1807), (720, 1818)],
    '250': [(749, 1877), (749, 1867), (726, 1868), (726, 1879)],
    '251': [(839, 1888), (838, 1878), (770, 1882), (770, 1894)],
    '252': [(800, 1826), (800, 1817), (766, 1818), (766, 1827)],
    '253': [(918, 1882), (917, 1872), (849, 1877), (849, 1887)],
    '254': [(798, 1796), (797, 1786), (763, 1788), (764, 1798)],
    '255': [(798, 1764), (797, 1753), (761, 1756), (761, 1767)],
    '256': [(916, 1852), (915, 1841), (846, 1846), (847, 1858)],
    '257': [(838, 1857), (837, 1847), (769, 1851), (770, 1863)],
    '258': [(984, 1847), (984, 1834), (922, 1838), (922, 1850)],
    '259': [(949, 1397), (950, 1383), (944, 1383), (944, 1386), (933, 1385), (933, 1382), (926, 1382), (925, 1396), (933, 1396), (933, 1399), (941, 1399), (941, 1397)],
    '260': [(345, 1380), (346, 1394), (360, 1393), (359, 1380)],
    '261': [(755, 608), (756, 626), (816, 622), (815, 604)],
    '262': [(849, 602), (850, 619), (908, 615), (907, 599)],
    '263': [(1156, 1159), (1156, 1171), (1224, 1167), (1223, 1155)],
    '264': [(1302, 1124), (1302, 1128), (1303, 1142), (1357, 1139), (1396, 1137), (1395, 1119)],
    '265': [(1274, 1129), (1274, 1138), (1270, 1139), (1271, 1154), (1275, 1154), (1275, 1160), (1304, 1159), (1303, 1142), (1302, 1128)],
    '266': [(1254, 900), (1254, 920), (1262, 912), (1259, 919), (1257, 927), (1259, 936), (1263, 943), (1270, 947), (1278, 948), (1285, 948), (1293, 945), (1299, 939), (1302, 932), (1302, 925), (1300, 917), (1340, 916), (1340, 898), (1280, 900)],
    '267': [(478, 758), (480, 774), (549, 769), (548, 753)],
    '268': [(909, 617), (911, 651), (922, 650), (919, 616)],
    '269': [(922, 602), (922, 613), (940, 612), (940, 601)],
    '270': [(967, 358), (967, 382), (982, 382), (982, 358)],
    '271': [(883, 525), (884, 536), (905, 535), (905, 536), (932, 534), (932, 526), (938, 525), (937, 512), (929, 512), (929, 523), (906, 525), (906, 524)],
    '272': [(883, 491), (884, 500), (914, 497), (914, 500), (938, 497), (937, 488), (943, 487), (942, 474), (933, 475), (934, 488), (914, 490), (913, 488)],
    '273': [(879, 449), (880, 459), (909, 456), (909, 459), (934, 457), (933, 446), (938, 445), (937, 431), (928, 432), (929, 445), (910, 447), (910, 446)],
    '274': [(876, 412), (877, 424), (931, 419), (930, 407), (938, 406), (937, 394), (929, 395), (930, 405), (908, 407), (908, 409)],
    '275': [(1637, 341), (1647, 353), (1663, 353), (1668, 360), (1712, 359), (1693, 338)],
    '276': [(1519, 202), (1529, 215), (1546, 215), (1550, 220), (1556, 220), (1559, 225), (1574, 224), (1573, 220), (1593, 219), (1577, 199)],
    '277': [(368, 831), (395, 830), (394, 823), (416, 822), (415, 811), (393, 812), (393, 799), (415, 798), (415, 795), (452, 794), (452, 808), (418, 809), (419, 822), (454, 820), (455, 853), (426, 855), (426, 866), (415, 866), (415, 863), (399, 864), (399, 868), (350, 871), (350, 859), (369, 858), (369, 860), (397, 859), (397, 854), (419, 852), (418, 836), (392, 837), (393, 844), (368, 845)],
    '278': [(608, 156), (609, 165), (664, 160), (678, 159), (678, 150)],
    '279': [(615, 189), (615, 197), (635, 196), (644, 195), (643, 187)],
    '280': [(616, 218), (617, 228), (671, 223), (687, 221), (686, 214), (694, 214), (693, 199), (684, 200), (685, 211)],
    '281': [(616, 250), (617, 258), (669, 254), (686, 252), (685, 246), (696, 245), (695, 230), (684, 231), (685, 243)],
    '282': [(624, 288), (624, 297), (646, 296), (660, 295), (660, 285)],
    '283': [(663, 283), (701, 279), (700, 267), (710, 266), (712, 280), (702, 282), (702, 284), (702, 289), (689, 290), (664, 292)],
    '284': [(653, 186), (687, 184), (688, 193), (678, 193), (653, 195)],
    '285': [(693, 148), (694, 156), (748, 152), (764, 151), (764, 142)],
    '286': [(787, 271), (788, 280), (801, 279), (836, 276), (835, 267), (836, 267), (836, 261), (828, 262), (828, 267)],
    '287': [(731, 276), (732, 286), (747, 284), (779, 282), (778, 273), (735, 276)],
    '288': [(728, 240), (729, 247), (721, 248), (722, 263), (733, 262), (732, 249), (740, 248), (770, 245), (769, 237)],
    '289': [(771, 203), (771, 209), (776, 208), (777, 212), (775, 213), (775, 218), (780, 217), (786, 217), (786, 212), (784, 212), (784, 208), (787, 207), (787, 201)],
    '290': [(721, 207), (721, 214), (713, 215), (715, 230), (724, 229), (723, 216), (734, 215), (755, 212), (754, 203)],
    '291': [(713, 176), (713, 182), (706, 183), (708, 198), (718, 197), (717, 184), (727, 183), (742, 182), (741, 173)],
    '292': [(1192, 82), (1204, 85), (1199, 105), (1187, 102)],
    '293': [(1128, 998), (1150, 997), (1151, 1009), (1138, 1009), (1138, 1012), (1129, 1013)],
    '294': [(1130, 1023), (1159, 1022), (1160, 1047), (1153, 1047), (1152, 1031), (1130, 1032)],
    '295': [(759, 1940), (759, 1950), (781, 1949), (781, 1940)],
    '296': [(774, 1964), (774, 1973), (798, 1973), (798, 1963)],
    '297': [(705, 1580), (705, 1590), (759, 1587), (758, 1577)],
    '298': [(719, 1453), (720, 1474), (712, 1475), (713, 1491), (743, 1489), (742, 1473), (735, 1474), (734, 1452)],
    '299': [(663, 1459), (664, 1466), (713, 1463), (712, 1456)],
    '300': [(741, 1462), (788, 1459), (788, 1452), (740, 1455)],
    '301': [(592, 182), (612, 180), (613, 198), (593, 199)],
    '302': [(1026, 133), (1091, 131), (1092, 144), (1042, 146), (1026, 146)],
    '303': [(836, 226), (932, 221), (932, 235), (870, 238), (837, 240)],
    '304': [(948, 183), (1002, 185), (1002, 200), (965, 199), (948, 198)],
    '305': [(888, 190), (929, 189), (930, 199), (888, 201), (864, 203), (864, 190)],
    '306': [(812, 139), (852, 139), (852, 155), (835, 155), (812, 155), (812, 161), (787, 162), (787, 146), (812, 146)],
    '307': [(940, 94), (1023, 92), (1023, 107), (1001, 108), (941, 110)],
    '308': [(1033, 93), (1111, 92), (1111, 104), (1094, 104), (1033, 105)],
    '309': [(794, 97), (846, 96), (847, 112), (832, 112), (801, 116), (801, 121), (775, 121), (774, 107), (794, 103)],
    '310': [(947, 220), (1013, 220), (1016, 212), (1037, 211), (1038, 221), (1016, 225), (1015, 231), (965, 232), (947, 232)],
    '311': [(1012, 184), (1052, 183), (1052, 195), (1027, 195), (1012, 195)],
    '312': [(859, 96), (925, 94), (925, 108), (906, 109), (860, 110)],
    '313': [(873, 135), (929, 134), (929, 149), (900, 149), (874, 150)],
    '314': [(827, 189), (853, 191), (854, 205), (839, 205), (829, 205), (828, 200), (802, 199), (801, 189)],
    '315': [(946, 127), (999, 127), (999, 139), (959, 139), (961, 178), (947, 178), (946, 139)],
    '316': [(1704, 610), (1725, 609), (1726, 645), (1712, 645), (1711, 620), (1704, 621)],
    '317': [(1737, 1128), (1869, 1125), (1869, 1144), (1831, 1145), (1831, 1152), (1870, 1151), (1870, 1175), (1738, 1178)],
    '318': [(1797, 699), (1859, 698), (1860, 767), (1850, 768), (1799, 769), (1799, 752), (1840, 751), (1840, 715), (1797, 716)],
    '319': [(1716, 739), (1732, 739), (1732, 760), (1773, 759), (1774, 774), (1717, 775)],
    '320': [(641, 632), (660, 630), (665, 690), (635, 693), (634, 678), (651, 677), (651, 671), (645, 671), (643, 646)],
    '321': [(1719, 788), (1740, 787), (1742, 854), (1721, 855)],
    '322': [(1715, 695), (1768, 693), (1769, 721), (1716, 723)],
    '323': [(1207, 1266), (1232, 1268), (1232, 1276), (1227, 1276), (1226, 1289), (1206, 1288)],
    '324': [(607, 320), (608, 337), (614, 337), (615, 337), (615, 335), (627, 334), (632, 334), (632, 336), (675, 334), (675, 331), (684, 331), (683, 316)],
    '325': [(693, 311), (694, 320), (697, 320), (698, 343), (714, 342), (714, 348), (717, 348), (726, 348), (743, 347), (742, 318), (738, 319), (738, 310), (704, 311), (704, 311)],
    '326': [(618, 385), (635, 384), (638, 384), (639, 387), (672, 385), (672, 388), (700, 386), (700, 379), (720, 378), (720, 384), (729, 383), (734, 383), (750, 382), (752, 382), (752, 394), (743, 395), (743, 391), (721, 393), (721, 395), (699, 397), (699, 395), (669, 397), (669, 399), (620, 402)],
    '327': [(951, 267), (967, 265), (972, 298), (956, 300)],
    '328': [(923, 308), (964, 300), (966, 312), (925, 320)],
    '329': [(927, 270), (942, 267), (945, 283), (930, 286)],
    '330': [(894, 294), (913, 290), (917, 310), (898, 314)],
    '331': [(870, 281), (881, 279), (888, 317), (876, 319)],
    '332': [(748, 302), (779, 299), (781, 327), (750, 330)],
    '333': [(990, 292), (999, 299), (977, 331), (967, 324)],
    '334': [(752, 343), (761, 342), (771, 483), (778, 483), (779, 495), (764, 496)],
    '335': [(974, 265), (982, 265), (982, 272), (974, 272)],
    '336': [(988, 264), (997, 267), (1021, 276), (1019, 283), (985, 271)],
    '337': [(891, 272), (898, 271), (910, 268), (913, 277), (905, 279), (894, 281)],
    '338': [(687, 487), (687, 474), (705, 473), (706, 493), (694, 493), (694, 486)],
    '339': [(592, 219), (609, 218), (614, 294), (598, 296)],
    '340': [(698, 343), (695, 343), (696, 362), (718, 361), (717, 348), (714, 348), (714, 342)],
    '341': [(937, 370), (900, 373), (900, 377), (876, 379), (877, 389), (901, 387), (901, 382), (938, 379)],
    '342': [(649, 485), (658, 485), (658, 488), (687, 487), (694, 486), (694, 493), (690, 493), (691, 496), (650, 498)],
    '343': [(1247, 751), (1258, 750), (1275, 727), (1276, 752), (1280, 752), (1281, 777), (1285, 776), (1286, 802), (1274, 803), (1274, 809), (1260, 809), (1259, 806), (1250, 806)],
    '344': [(874, 1024), (898, 1023), (898, 1032), (891, 1032), (891, 1039), (898, 1038), (899, 1047), (876, 1049), (876, 1040), (884, 1040), (884, 1033), (875, 1033)],
    '345': [(1788, 1001), (1789, 1020), (1863, 1019), (1861, 999)],
    '346': [(1290, 621), (1291, 631), (1295, 631), (1295, 620)],
    '347': [(1474, 1210), (1475, 1231), (1466, 1232), (1466, 1210)],
    '348': [(1413, 1243), (1414, 1264), (1428, 1264), (1428, 1261), (1465, 1260), (1465, 1263), (1477, 1262), (1476, 1231), (1475, 1231), (1466, 1232), (1465, 1232), (1465, 1248), (1428, 1249), (1428, 1242)],
    '349': [(1644, 1358), (1667, 1357), (1667, 1379), (1644, 1380)],
    '350': [(672, 625), (706, 623), (706, 616), (730, 614), (733, 644), (719, 645), (721, 659), (739, 658), (740, 680), (704, 683), (704, 691), (681, 693), (679, 662), (692, 661), (691, 646), (673, 648)],
    '351': [(483, 932), (527, 930), (528, 939), (546, 939), (547, 954), (539, 966), (485, 969)],
    '352': [(1819, 1024), (1851, 1023), (1851, 1043), (1820, 1044)],
    '353': [(1843, 1046), (1871, 1045), (1872, 1068), (1844, 1069)],
    '354': [(1837, 864), (1865, 864), (1867, 943), (1838, 944)],
    '355': [(1291, 1375), (1292, 1415), (1338, 1414), (1337, 1373)],
    '356': [(1655, 1145), (1665, 1145), (1671, 1147), (1676, 1152), (1676, 1158), (1672, 1163), (1666, 1166), (1656, 1167)],
    '357': [(986, 819), (984, 785), (976, 777), (959, 778), (934, 779), (935, 802), (915, 803), (915, 800), (901, 801), (902, 824), (917, 823), (916, 815), (940, 814), (940, 820), (948, 820), (947, 811), (975, 810), (975, 819)],
    '358': [(789, 1073), (833, 1071), (835, 1095), (792, 1097)],
    '359': [(1744, 571), (1829, 572), (1829, 591), (1808, 591), (1808, 587), (1788, 587), (1788, 590), (1767, 590), (1767, 594), (1744, 594)],
    '360': [(1744, 551), (1810, 552), (1809, 566), (1744, 565)],
    '361': [(1761, 528), (1788, 529), (1788, 540), (1761, 539)],
    '362': [(1758, 483), (1771, 483), (1785, 483), (1785, 494), (1758, 494)],
    '363': [(1763, 501), (1762, 514), (1769, 514), (1769, 509), (1781, 509), (1781, 515), (1787, 515), (1787, 501)],
    '364': [(1724, 1062), (1746, 1061), (1746, 1054), (1734, 1054), (1733, 1040), (1774, 1038), (1776, 1081), (1756, 1083), (1755, 1072), (1724, 1074)],
    '365': [(1203, 1324), (1201, 1356), (1229, 1358), (1230, 1326)],
    '366': [(709, 1431), (710, 1441), (655, 1445), (655, 1434)],
    '367': [(603, 1438), (621, 1437), (622, 1447), (604, 1449)],
    '368': [(624, 1459), (650, 1457), (652, 1484), (640, 1485), (639, 1474), (626, 1475)],
    '369': [(358, 1414), (374, 1413), (374, 1425), (358, 1425)],
    '370': [(378, 1445), (391, 1444), (392, 1457), (378, 1457)],
    '371': [(751, 629), (758, 629), (760, 662), (753, 662)],
    '372': [(818, 610), (819, 620), (846, 618), (845, 608)],
    '373': [(706, 543), (726, 541), (730, 583), (665, 588), (664, 576), (670, 576), (669, 570), (708, 566)],
    '374': [(882, 551), (884, 576), (926, 573), (924, 553), (937, 552), (936, 543), (918, 544), (919, 555), (906, 556), (906, 549)],
    '375': [(805, 1820), (832, 1818), (833, 1823), (868, 1821), (869, 1829), (806, 1833)],
    '376': [(1287, 1356), (1373, 1353), (1376, 1415), (1404, 1414), (1400, 1319), (1353, 1321), (1353, 1313), (1285, 1316)],
    '377': [(815, 1231), (816, 1247), (834, 1246), (834, 1241), (850, 1240), (850, 1246), (846, 1247), (847, 1257), (862, 1256), (861, 1247), (876, 1246), (875, 1232), (859, 1233), (858, 1210), (850, 1210), (849, 1206), (836, 1207), (836, 1211), (825, 1211), (825, 1209), (815, 1210), (816, 1220), (826, 1219), (827, 1230)],
    '378': [(899, 1216), (900, 1223), (903, 1223), (903, 1227), (904, 1238), (933, 1236), (933, 1226), (913, 1227), (912, 1217), (933, 1216), (933, 1205), (912, 1206), (911, 1202), (902, 1202), (903, 1216)],
    '379': [(807, 1275), (807, 1283), (820, 1282), (820, 1286), (831, 1286), (831, 1274)],
    '380': [(863, 1273), (875, 1266), (878, 1272), (887, 1267), (891, 1273), (875, 1281), (877, 1285), (871, 1289), (868, 1284), (865, 1285), (862, 1281), (866, 1278)],
    '381': [(948, 1216), (949, 1239), (958, 1238), (957, 1225), (971, 1224), (971, 1234), (979, 1233), (978, 1217), (959, 1218), (959, 1215)],
    '382': [(1000, 1215), (1003, 1215), (1003, 1210), (1020, 1210), (1020, 1231), (1000, 1231)],
    '383': [(1165, 1185), (1225, 1181), (1226, 1207), (1167, 1211)],
    '384': [(1126, 980), (1140, 979), (1141, 995), (1128, 996)],
    '385': [(1186, 912), (1189, 953), (1216, 951), (1212, 910)],
    '386': [(1147, 452), (1168, 451), (1168, 448), (1178, 448), (1178, 451), (1185, 451), (1186, 471), (1148, 473)],
    '387': [(815, 1911), (815, 1920), (885, 1917), (884, 1907)],
    '388': [(845, 1757), (841, 1759), (841, 1761), (842, 1764), (846, 1767), (851, 1764), (851, 1762), (872, 1760), (873, 1765), (876, 1767), (880, 1765), (883, 1766), (887, 1764), (887, 1760), (882, 1757), (880, 1758), (878, 1757), (878, 1749), (876, 1750), (872, 1748), (868, 1750), (864, 1748), (861, 1751), (857, 1749), (853, 1751), (849, 1750), (845, 1752)],
    '389': [(340, 1142), (340, 1201), (357, 1201), (357, 1142)],
    '390': [(378, 1169), (380, 1204), (389, 1204), (387, 1169)],
    '391': [(346, 1249), (348, 1275), (371, 1273), (369, 1247)],
    '392': [(811, 486), (813, 511), (814, 523), (828, 522), (861, 519), (859, 483)],
    '393': [(766, 526), (814, 523), (813, 511), (809, 511), (809, 506), (765, 509)],
    '394': [(806, 1054), (806, 1061), (822, 1060), (822, 1052)],
    '395': [(858, 1019), (858, 1025), (870, 1024), (869, 1018)],
    '396': [(853, 1040), (854, 1046), (831, 1048), (829, 1019), (855, 1017), (856, 1022), (834, 1024), (835, 1041)],
    '397': [(902, 1023), (902, 1029), (920, 1028), (920, 1036), (927, 1035), (927, 1022)],
    '398': [(904, 1039), (905, 1045), (919, 1045), (919, 1058), (904, 1058), (904, 1065), (926, 1064), (924, 1038)],
    '399': [(857, 1042), (858, 1047), (872, 1046), (872, 1040)],
    '400': [(850, 1061), (858, 1060), (857, 1048), (849, 1049)],
    '401': [(906, 1092), (906, 1098), (928, 1097), (926, 1066), (920, 1066), (921, 1077), (907, 1078), (907, 1083), (921, 1082), (921, 1091)],
    '402': [(857, 1063), (857, 1069), (874, 1069), (874, 1063)],
    '403': [(857, 1081), (858, 1087), (874, 1086), (874, 1080)],
    '404': [(840, 1086), (841, 1093), (856, 1092), (855, 1085)],
    '405': [(840, 1067), (840, 1073), (855, 1073), (855, 1066)],
    '406': [(878, 1066), (878, 1072), (898, 1071), (898, 1064)],
    '407': [(899, 1074), (900, 1090), (905, 1090), (904, 1074)],
    '408': [(876, 1076), (876, 1091), (883, 1090), (882, 1075)],
    '409': [(877, 1093), (877, 1101), (904, 1100), (903, 1092)],
    '410': [(613, 1159), (613, 1172), (617, 1172), (617, 1177), (632, 1177), (632, 1170), (617, 1171), (617, 1159)],
    '411': [(872, 1799), (872, 1797), (879, 1797), (879, 1807), (872, 1807), (872, 1810), (865, 1810), (865, 1812), (859, 1813), (859, 1816), (838, 1817), (838, 1815), (835, 1815), (835, 1803), (839, 1803), (839, 1806), (850, 1806), (850, 1804), (858, 1804), (858, 1801), (864, 1801), (864, 1799)],
    '412': [(807, 1780), (809, 1802), (834, 1799), (834, 1795), (847, 1794), (845, 1776), (833, 1777), (830, 1778)],
    '413': [(899, 1763), (898, 1752), (901, 1751), (901, 1744), (939, 1741), (940, 1755), (934, 1756), (933, 1749), (913, 1751), (913, 1759), (905, 1760), (904, 1760), (902, 1760), (902, 1763)],
    '414': [(923, 1757), (934, 1756), (943, 1755), (946, 1780), (926, 1782), (925, 1768)],
    '415': [(914, 1822), (914, 1812), (942, 1810), (941, 1797), (908, 1799), (908, 1791), (944, 1789), (946, 1820)],
    '416': [(955, 1336), (956, 1322), (949, 1322), (949, 1325), (938, 1325), (938, 1321), (932, 1320), (931, 1335), (939, 1335), (939, 1338), (946, 1338), (947, 1335)],
    '417': [(878, 1814), (879, 1828), (890, 1827), (889, 1820), (906, 1819), (906, 1816), (906, 1812)],
    '418': [(1122, 1658), (1128, 1696), (1163, 1690), (1162, 1683), (1139, 1687), (1134, 1656)],
    '419': [(1082, 1580), (1084, 1594), (1090, 1593), (1090, 1595), (1099, 1593), (1100, 1595), (1115, 1592), (1115, 1594), (1120, 1593), (1123, 1606), (1117, 1615), (1122, 1645), (1125, 1650), (1129, 1651), (1135, 1649), (1136, 1647), (1137, 1643), (1126, 1586), (1131, 1585), (1133, 1589), (1138, 1586), (1142, 1583), (1144, 1579), (1148, 1581), (1154, 1580), (1154, 1583), (1166, 1581), (1167, 1583), (1174, 1582), (1172, 1571), (1163, 1572), (1162, 1569), (1144, 1573), (1138, 1572), (1134, 1571), (1133, 1574), (1131, 1576), (1129, 1578), (1126, 1580), (1125, 1575), (1097, 1581), (1096, 1578)],
    '420': [(1140, 1548), (1141, 1559), (1172, 1558), (1172, 1563), (1182, 1562), (1182, 1549), (1171, 1549), (1171, 1547)],
    '421': [(1074, 1529), (1075, 1540), (1119, 1532), (1121, 1546), (1123, 1550), (1126, 1553), (1131, 1555), (1135, 1553), (1138, 1572), (1144, 1573), (1143, 1568), (1141, 1569), (1138, 1551), (1132, 1520)],
    '422': [(1146, 1656), (1148, 1667), (1175, 1662), (1172, 1651)],
    '423': [(1349, 1512), (1350, 1537), (1361, 1537), (1360, 1512)],
    '424': [(1833, 950), (1834, 977), (1875, 976), (1874, 949)],
    '425': [(1721, 1005), (1721, 1012), (1743, 1011), (1743, 1004)],
    '426': [(1722, 1019), (1722, 1026), (1745, 1026), (1745, 1018)],
    '427': [(1581, 353), (1581, 360), (1596, 359), (1596, 352), (1587, 352)],
    '428': [(1632, 412), (1636, 420), (1645, 415), (1641, 407)],
    '429': [(1574, 385), (1574, 393), (1593, 392), (1592, 384)],
    '430': [(1162, 773), (1162, 784), (1187, 783), (1187, 772)],
    '431': [(834, 1638), (835, 1657), (840, 1657), (840, 1643), (864, 1642), (865, 1656), (870, 1655), (869, 1636)],
    '432': [(927, 555), (929, 580), (941, 579), (940, 554)],
    '433': [(354, 1291), (354, 1300), (369, 1299), (369, 1291)],
    '434': [(358, 1148), (359, 1155), (383, 1153), (382, 1145)],
    '435': [(387, 1151), (416, 1149), (415, 1137), (386, 1140)],
    '436': [(381, 1219), (382, 1234), (391, 1234), (389, 1218)],
    '437': [(380, 1208), (381, 1217), (391, 1216), (390, 1207)],
    '438': [(374, 1201), (334, 1203), (335, 1217), (375, 1215)],
    '439': [(1394, 1488), (1395, 1503), (1442, 1500), (1441, 1486)],
    '440': [(1166, 1126), (1166, 1136), (1178, 1136), (1178, 1125)],
    '441': [(598, 898), (598, 901), (601, 904), (605, 904), (607, 901), (607, 898), (604, 895), (601, 895)],
    '442': [(629, 1217), (627, 1220), (627, 1224), (630, 1226), (634, 1226), (636, 1223), (636, 1219), (633, 1217)],
    '443': [(603, 1301), (603, 1305), (616, 1305), (616, 1300)],
    '444': [(580, 1275), (588, 1294), (595, 1291), (589, 1276), (610, 1275), (610, 1268), (587, 1271)],
    '445': [(629, 339), (627, 334), (615, 335), (614, 337), (616, 353), (618, 385), (635, 384), (632, 351), (630, 350), (632, 349), (632, 347), (633, 345), (632, 342), (632, 340)],
    '446': [(1671, 1336), (1672, 1360), (1695, 1360), (1694, 1335)],
    '447': [(1175, 1007), (1162, 1013), (1164, 1018), (1178, 1012)],
    '448': [(1486, 124), (1508, 122), (1508, 115), (1486, 116)],
    '449': [(1114, 213), (1110, 219), (1114, 222), (1118, 216)],
    '450': [(1323, 597), (1279, 598), (1278, 592), (1323, 590)],
    '451': [(1414, 519), (1414, 530), (1406, 530), (1406, 519)],
    '452': [(1635, 551), (1606, 553), (1606, 540), (1634, 539)],
    '453': [(1028, 577), (1028, 581), (1036, 581), (1035, 576)],
    '454': [(1570, 1647), (1570, 1659), (1586, 1658), (1586, 1653), (1575, 1653), (1575, 1647)],
    '455': [(1612, 1646), (1612, 1658), (1596, 1659), (1596, 1653), (1607, 1653), (1607, 1647)],
    '456': [(1545, 582), (1537, 582), (1539, 620), (1531, 620), (1531, 625), (1540, 625), (1540, 634), (1576, 634), (1576, 631), (1628, 629), (1629, 636), (1669, 635), (1667, 574), (1576, 576), (1576, 580), (1567, 581), (1567, 578), (1573, 578), (1573, 574), (1537, 575), (1537, 579), (1545, 578)],
    '457': [(1653, 461), (1653, 465), (1641, 465), (1640, 462)],
    '458': [(1135, 856), (1136, 870), (1145, 869), (1144, 855)],
    '459': [(1119, 857), (1120, 863), (1134, 862), (1134, 856)],
    '460': [(761, 1213), (762, 1224), (778, 1222), (777, 1211)],
    '461': [(1816, 606), (1816, 613), (1837, 613), (1838, 631), (1817, 631), (1818, 644), (1837, 643), (1838, 672), (1848, 671), (1845, 605)],
    '462': [(1800, 613), (1802, 668), (1811, 667), (1809, 613)],
    '463': [(1817, 658), (1817, 671), (1803, 671), (1803, 677), (1826, 676), (1826, 658)],
    '464': [(1837, 568), (1837, 596), (1843, 596), (1843, 568)],
    '465': [(1850, 601), (1850, 617), (1870, 616), (1870, 610), (1856, 610), (1856, 601)],
    '466': [(1791, 480), (1791, 497), (1802, 497), (1802, 480)],
    '467': [(1784, 471), (1784, 479), (1803, 479), (1802, 471)],
    '468': [(1700, 467), (1700, 475), (1714, 475), (1714, 467)],
    '469': [(1821, 502), (1822, 540), (1847, 540), (1829, 501)],
    '470': [(1751, 654), (1752, 670), (1791, 668), (1790, 653)],
    '471': [(1090, 592), (1090, 599), (1110, 598), (1109, 591)],
    '472': [(1357, 894), (1357, 902), (1348, 902), (1350, 968), (1346, 968), (1347, 995), (1393, 993), (1390, 893)],
    '473': [(900, 1317), (901, 1328), (913, 1327), (912, 1316)],
    '474': [(642, 1487), (651, 1486), (654, 1526), (645, 1527)],
    '475': [(628, 1491), (639, 1490), (641, 1508), (629, 1509)],
    '476': [(731, 815), (731, 822), (745, 822), (744, 815)],
    '477': [(1787, 1029), (1787, 1047), (1809, 1047), (1809, 1040), (1804, 1041), (1804, 1028)],
    '478': [(1178, 1174), (1178, 1183), (1197, 1182), (1198, 1173)],
    '479': [(1774, 956), (1720, 957), (1720, 979), (1775, 978), (1774, 968)],
    '480': [(719, 463), (724, 530), (760, 528), (756, 461)],
    '481': [(654, 517), (656, 531), (711, 527), (710, 512)],
    '482': [(614, 423), (617, 454), (629, 454), (626, 423)],
    '483': [(652, 473), (652, 470), (655, 467), (660, 466), (664, 469), (665, 471), (665, 474), (662, 476), (662, 481), (650, 483), (649, 477), (655, 476)],
    '484': [(620, 476), (623, 506), (637, 504), (634, 475)],
    '485': [(726, 351), (729, 383), (734, 383), (750, 382), (747, 350), (743, 347), (726, 348)],
    '486': [(631, 579), (651, 578), (652, 591), (632, 593)],
    '487': [(628, 557), (630, 568), (649, 566), (648, 555)],
    '488': [(624, 507), (625, 523), (640, 522), (638, 506)],
    '489': [(625, 526), (627, 540), (640, 539), (639, 525)],
    '490': [(604, 723), (605, 740), (618, 739), (617, 728), (663, 726), (663, 720), (676, 719), (675, 716), (661, 716), (661, 710), (615, 712), (607, 721)],
    '491': [(792, 232), (793, 237), (797, 237), (797, 241), (795, 241), (795, 247), (807, 247), (807, 241), (805, 241), (804, 237), (808, 236), (807, 231)],
    '492': [(756, 175), (757, 182), (761, 182), (762, 185), (760, 185), (760, 190), (772, 189), (772, 184), (769, 184), (769, 181), (773, 181), (773, 174)],
    '493': [(1081, 1062), (1081, 1061), (1065, 1062), (1067, 1081), (1082, 1079), (1083, 1077), (1098, 1076), (1096, 1061)],
    '494': [(977, 1662), (979, 1672), (991, 1670), (988, 1659)],
    '495': [(971, 1632), (973, 1642), (985, 1639), (982, 1629)],
    '496': [(969, 1600), (970, 1610), (980, 1609), (979, 1599)],
    '497': [(1033, 1581), (1049, 1578), (1052, 1598), (1036, 1600)],
    '498': [(1054, 1578), (1070, 1575), (1073, 1594), (1058, 1597)],
    '499': [(1040, 1617), (1055, 1614), (1059, 1634), (1043, 1637)],
    '500': [(1062, 1613), (1078, 1611), (1081, 1630), (1065, 1633)],
    '501': [(1085, 1610), (1100, 1607), (1104, 1626), (1088, 1629)],
    '502': [(1045, 1650), (1061, 1647), (1064, 1666), (1049, 1669)],
    '503': [(1067, 1646), (1083, 1644), (1087, 1663), (1071, 1666)],
    '504': [(1091, 1643), (1107, 1641), (1110, 1660), (1094, 1663)],
    '505': [(1052, 1684), (1068, 1681), (1071, 1700), (1056, 1703)],
    '506': [(1074, 1680), (1090, 1677), (1093, 1696), (1078, 1699)],
    '507': [(1096, 1676), (1112, 1674), (1115, 1693), (1100, 1696)],
    '508': [(1489, 711), (1507, 711), (1507, 718), (1509, 774), (1509, 794), (1510, 830), (1511, 862), (1493, 862)],
    '509': [(1614, 702), (1634, 701), (1638, 857), (1619, 857)],
    '510': [(503, 1174), (503, 1180), (509, 1180), (509, 1174)],
    '511': [(506, 1183), (507, 1188), (514, 1187), (513, 1182)],
    '512': [(902, 1763), (906, 1812), (906, 1816), (906, 1819), (912, 1819), (911, 1813), (909, 1813), (908, 1799), (908, 1791), (905, 1760), (904, 1760), (902, 1760)],
    '513': [(817, 1759), (817, 1764), (821, 1764), (821, 1759)],
    '514': [(938, 1724), (938, 1730), (945, 1730), (944, 1723)],
    '515': [(802, 1753), (811, 1752), (812, 1763), (803, 1763)],
    '516': [(838, 1730), (838, 1736), (855, 1735), (855, 1729)],
    '517': [(841, 1761), (836, 1761), (835, 1762), (836, 1769), (829, 1770), (830, 1778), (833, 1777), (832, 1773), (839, 1772), (838, 1767), (842, 1764)],
    '518': [(1081, 1726), (1082, 1731), (1098, 1729), (1097, 1723), (1094, 1723), (1094, 1720), (1092, 1720), (1091, 1719), (1086, 1720), (1086, 1721), (1084, 1722), (1084, 1726)],
    '519': [(1104, 1722), (1105, 1728), (1121, 1725), (1120, 1719), (1117, 1720), (1116, 1716), (1114, 1717), (1114, 1715), (1108, 1716), (1109, 1718), (1106, 1718), (1107, 1722)],
    '520': [(1059, 1730), (1060, 1735), (1076, 1733), (1075, 1727), (1072, 1727), (1071, 1724), (1069, 1724), (1069, 1723), (1063, 1724), (1064, 1725), (1061, 1726), (1062, 1730)],
    '521': [(1154, 1713), (1155, 1718), (1171, 1716), (1170, 1710), (1167, 1710), (1167, 1707), (1165, 1708), (1164, 1706), (1159, 1707), (1159, 1708), (1157, 1709), (1157, 1713)],
    '522': [(858, 1466), (859, 1479), (875, 1478), (875, 1466)],
    '523': [(659, 1153), (659, 1161), (671, 1161), (671, 1153)],
    '524': [(1787, 1215), (1796, 1215), (1796, 1234), (1787, 1234)],
    '525': [(1787, 1245), (1797, 1245), (1797, 1264), (1788, 1264)],
    '526': [(1845, 1198), (1880, 1197), (1881, 1258), (1846, 1258)],
    '527': [(972, 1559), (973, 1564), (990, 1561), (989, 1555), (986, 1556), (985, 1552), (983, 1553), (983, 1551), (977, 1552), (977, 1554), (976, 1554), (976, 1558)],
    '528': [(995, 1556), (996, 1561), (1011, 1558), (1010, 1552), (1007, 1552), (1007, 1549), (1004, 1549), (1004, 1548), (998, 1549), (999, 1551), (997, 1551), (998, 1555)],
    '529': [(1029, 1551), (1030, 1555), (1045, 1553), (1044, 1547), (1041, 1547), (1041, 1544), (1038, 1544), (1038, 1542), (1033, 1543), (1033, 1545), (1031, 1546), (1032, 1550)],
    '530': [(1051, 1547), (1052, 1551), (1067, 1549), (1066, 1543), (1063, 1543), (1063, 1540), (1060, 1540), (1060, 1538), (1055, 1539), (1055, 1541), (1053, 1542), (1054, 1546)],
    '531': [(971, 1572), (972, 1578), (993, 1575), (992, 1569)],
    '532': [(995, 1568), (996, 1574), (1017, 1571), (1016, 1565)],
    '533': [(1028, 1562), (1029, 1568), (1050, 1565), (1049, 1559)],
    '534': [(1051, 1559), (1052, 1565), (1072, 1562), (1072, 1556)],
    '535': [(818, 1464), (819, 1473), (844, 1471), (843, 1462)],
    '536': [(821, 1492), (822, 1500), (833, 1499), (832, 1490)],
    '537': [(838, 1490), (839, 1499), (849, 1498), (848, 1489)],
    '538': [(826, 1540), (827, 1549), (838, 1548), (837, 1539)],
    '539': [(846, 1538), (847, 1547), (858, 1546), (857, 1537)],
    '540': [(881, 1536), (882, 1545), (892, 1544), (891, 1535)],
    '541': [(900, 1536), (901, 1544), (911, 1543), (910, 1534)],
    '542': [(824, 1517), (825, 1526), (836, 1525), (835, 1516)],
    '543': [(843, 1515), (844, 1523), (855, 1522), (854, 1513)],
    '544': [(878, 1508), (879, 1518), (908, 1517), (908, 1507)],
    '545': [(880, 1486), (880, 1496), (910, 1495), (909, 1485)],
    '546': [(817, 1441), (817, 1451), (842, 1449), (841, 1439)],
    '547': [(855, 1441), (856, 1453), (872, 1453), (872, 1440)],
    '548': [(877, 1448), (879, 1469), (894, 1467), (893, 1450), (886, 1451), (889, 1445), (897, 1445), (904, 1440), (904, 1435), (892, 1435)],
    '549': [(899, 1459), (912, 1459), (912, 1450), (906, 1451), (906, 1453), (904, 1453), (904, 1455), (899, 1455)],
    '550': [(947, 1757), (947, 1762), (976, 1759), (975, 1754), (965, 1755), (964, 1750), (958, 1751), (959, 1756)],
    '551': [(948, 1768), (949, 1773), (977, 1770), (977, 1765), (966, 1766), (966, 1761), (960, 1762), (960, 1767)],
    '552': [(949, 1779), (950, 1783), (978, 1781), (978, 1776), (967, 1777), (967, 1772), (961, 1772), (961, 1777)],
    '553': [(950, 1790), (951, 1795), (979, 1792), (978, 1787), (968, 1788), (968, 1783), (962, 1784), (962, 1789)],
    '554': [(952, 1801), (952, 1805), (981, 1803), (980, 1798), (970, 1799), (969, 1794), (963, 1794), (964, 1799)],
    '555': [(985, 1754), (985, 1759), (1013, 1756), (1013, 1751), (1002, 1752), (1002, 1747), (996, 1748), (997, 1753)],
    '556': [(986, 1776), (987, 1781), (1015, 1778), (1015, 1774), (1004, 1775), (1004, 1770), (998, 1770), (998, 1775)],
    '557': [(986, 1765), (986, 1770), (1014, 1767), (1014, 1763), (1003, 1764), (1003, 1758), (997, 1759), (998, 1764)],
    '558': [(988, 1787), (988, 1792), (1016, 1789), (1016, 1784), (1006, 1785), (1005, 1780), (999, 1781), (1000, 1786)],
    '559': [(955, 1807), (955, 1811), (980, 1809), (980, 1805)],
    '560': [(994, 1803), (995, 1808), (1017, 1806), (1017, 1801)],
    '561': [(995, 1814), (995, 1819), (1018, 1817), (1017, 1812)],
    '562': [(996, 1825), (996, 1830), (1019, 1828), (1018, 1823)],
    '563': [(1022, 1801), (1023, 1806), (1045, 1805), (1045, 1800)],
    '564': [(1022, 1812), (1022, 1817), (1044, 1816), (1044, 1810)],
    '565': [(1022, 1822), (1023, 1828), (1045, 1826), (1045, 1821)],
    '566': [(947, 1745), (947, 1750), (974, 1748), (974, 1743)],
    '567': [(984, 1743), (985, 1748), (1012, 1746), (1011, 1741)],
    '568': [(1048, 1823), (1049, 1830), (1080, 1827), (1080, 1820)],
    '569': [(1047, 1814), (1048, 1818), (1079, 1815), (1078, 1811)],
    '570': [(1017, 1756), (1017, 1761), (1038, 1759), (1037, 1754)],
    '571': [(1018, 1766), (1018, 1771), (1039, 1769), (1038, 1764)],
    '572': [(1019, 1777), (1019, 1782), (1040, 1780), (1039, 1775)],
    '573': [(1021, 1787), (1021, 1792), (1042, 1790), (1041, 1785)],
    '574': [(1082, 1750), (1083, 1756), (1103, 1753), (1102, 1747)],
    '575': [(1083, 1763), (1084, 1769), (1104, 1766), (1103, 1760)],
    '576': [(1109, 1757), (1110, 1762), (1126, 1759), (1125, 1753), (1122, 1754), (1122, 1751), (1119, 1751), (1119, 1749), (1114, 1750), (1114, 1752), (1111, 1752), (1112, 1756)],
    '577': [(1130, 1708), (1132, 1723), (1146, 1722), (1145, 1716), (1135, 1717), (1134, 1711), (1141, 1710), (1141, 1707)],
    '578': [(1092, 1821), (1092, 1825), (1123, 1823), (1123, 1818)],
    '579': [(1089, 1810), (1090, 1814), (1121, 1811), (1120, 1807)],
    '580': [(1089, 1800), (1090, 1804), (1121, 1801), (1120, 1797)],
    '581': [(1060, 1803), (1060, 1807), (1085, 1804), (1084, 1800)],
    '582': [(1177, 1592), (1177, 1605), (1183, 1604), (1183, 1592)],
    '583': [(985, 1524), (985, 1529), (1001, 1527), (1000, 1522), (997, 1522), (996, 1518), (994, 1518), (994, 1516), (988, 1517), (989, 1519), (987, 1520), (988, 1524)],
    '584': [(1004, 1506), (1005, 1514), (1021, 1512), (1020, 1504), (1016, 1505), (1016, 1502), (1014, 1503), (1013, 1501), (1008, 1502), (1008, 1504), (1006, 1504), (1007, 1506)],
    '585': [(1029, 1514), (1030, 1521), (1046, 1519), (1045, 1512), (1041, 1512), (1041, 1510), (1039, 1510), (1038, 1508), (1033, 1509), (1033, 1511), (1031, 1511), (1032, 1513)],
    '586': [(823, 1565), (874, 1562), (878, 1624), (827, 1627)],
    '587': [(996, 1266), (1002, 1266), (1002, 1269), (1005, 1269), (1005, 1262), (1013, 1263), (1012, 1269), (1014, 1269), (1014, 1267), (1020, 1267), (1020, 1277), (1016, 1277), (1016, 1275), (1003, 1274), (1002, 1277), (996, 1277)],
    '588': [(1051, 1261), (1057, 1261), (1057, 1272), (1059, 1272), (1059, 1265), (1067, 1265), (1067, 1271), (1069, 1271), (1074, 1268), (1079, 1268), (1079, 1281), (1074, 1280), (1072, 1277), (1057, 1277), (1057, 1279), (1050, 1279)],
    '589': [(1139, 1275), (1139, 1281), (1167, 1283), (1168, 1277)],
    '590': [(1138, 1286), (1138, 1292), (1166, 1294), (1166, 1288)],
    '591': [(1136, 1298), (1136, 1304), (1164, 1305), (1164, 1299)],
    '592': [(1136, 1310), (1135, 1316), (1164, 1317), (1164, 1312)],
    '593': [(1135, 1321), (1134, 1327), (1163, 1329), (1163, 1323)],
    '594': [(1134, 1333), (1134, 1339), (1162, 1341), (1163, 1335)],
    '595': [(1172, 1270), (1172, 1276), (1194, 1278), (1195, 1272)],
    '596': [(1173, 1282), (1172, 1288), (1194, 1290), (1194, 1284)],
    '597': [(1174, 1295), (1173, 1301), (1199, 1302), (1199, 1296)],
    '598': [(1176, 1307), (1176, 1312), (1198, 1314), (1199, 1308)],
    '599': [(1168, 1346), (1167, 1352), (1196, 1354), (1196, 1348)],
    '600': [(1175, 1324), (1175, 1329), (1197, 1331), (1197, 1325)],
    '601': [(1079, 1293), (1090, 1294), (1089, 1300), (1087, 1300), (1087, 1303), (1094, 1304), (1093, 1312), (1086, 1311), (1086, 1312), (1089, 1313), (1088, 1319), (1076, 1318)],
    '602': [(1078, 1321), (1086, 1322), (1085, 1328), (1083, 1328), (1083, 1329), (1092, 1330), (1091, 1338), (1083, 1337), (1083, 1339), (1086, 1340), (1085, 1345), (1076, 1345)],
    '603': [(1027, 1271), (1026, 1277), (1043, 1277), (1043, 1280), (1048, 1281), (1049, 1267), (1042, 1267), (1041, 1271), (1040, 1271), (1040, 1264), (1033, 1264), (1033, 1271)],
    '604': [(1026, 1331), (1026, 1337), (1037, 1338), (1037, 1345), (1042, 1345), (1042, 1339), (1047, 1339), (1046, 1346), (1051, 1346), (1051, 1338), (1060, 1338), (1060, 1332)],
    '605': [(1095, 1331), (1093, 1337), (1109, 1341), (1110, 1336)],
    '606': [(1097, 1295), (1097, 1301), (1116, 1302), (1117, 1296)],
    '607': [(1098, 1283), (1098, 1289), (1117, 1291), (1118, 1285)],
    '608': [(1099, 1272), (1099, 1278), (1118, 1279), (1119, 1273)],
    '609': [(1101, 1256), (1100, 1262), (1120, 1263), (1120, 1257)],
    '610': [(1099, 1319), (1096, 1330), (1109, 1334), (1113, 1323)],
    '611': [(1775, 843), (1784, 842), (1784, 855), (1775, 855)],
    '612': [(1773, 830), (1773, 837), (1790, 836), (1790, 829)],
    '613': [(1774, 787), (1774, 800), (1789, 800), (1789, 787)],
    '614': [(1760, 823), (1766, 823), (1766, 846), (1760, 846)],
    '615': [(1773, 810), (1773, 817), (1790, 816), (1790, 810)],
    '616': [(1758, 788), (1766, 787), (1767, 816), (1759, 816)],
    '617': [(1766, 850), (1773, 850), (1773, 855), (1766, 855)],
    '618': [(1744, 799), (1750, 799), (1750, 810), (1745, 811)],
    '619': [(1742, 751), (1742, 760), (1764, 759), (1763, 750)],
    '620': [(1764, 747), (1764, 756), (1775, 755), (1774, 746)],
    '621': [(1742, 732), (1742, 741), (1774, 739), (1773, 732), (1759, 733), (1758, 731)],
    '622': [(1735, 605), (1744, 605), (1747, 648), (1738, 649)],
    '623': [(1747, 905), (1747, 915), (1753, 914), (1753, 934), (1747, 935), (1747, 943), (1760, 943), (1760, 937), (1765, 936), (1765, 916), (1759, 916), (1759, 905)],
    '624': [(1773, 871), (1719, 872), (1719, 894), (1773, 893)],
    '625': [(1825, 945), (1774, 946), (1774, 968), (1826, 967)],
    '626': [(1821, 876), (1773, 877), (1773, 893), (1773, 899), (1822, 899)],
    '627': [(1768, 904), (1769, 941), (1779, 941), (1779, 937), (1806, 936), (1806, 942), (1818, 941), (1817, 902), (1804, 903), (1804, 910), (1778, 910), (1778, 904)],
    '628': [(452, 1278), (452, 1284), (455, 1284), (455, 1288), (452, 1288), (453, 1293), (463, 1292), (463, 1287), (459, 1287), (459, 1283), (462, 1282), (461, 1277)],
    '629': [(467, 1277), (467, 1283), (470, 1282), (470, 1286), (468, 1287), (468, 1292), (478, 1291), (478, 1286), (475, 1286), (474, 1282), (477, 1281), (477, 1276)],
    '630': [(421, 1282), (421, 1288), (424, 1287), (424, 1291), (422, 1292), (422, 1297), (432, 1296), (432, 1291), (429, 1291), (428, 1287), (431, 1286), (431, 1281)],
    '631': [(405, 1283), (405, 1289), (408, 1288), (408, 1292), (406, 1293), (406, 1298), (416, 1297), (416, 1292), (413, 1292), (412, 1288), (415, 1287), (415, 1282)],
    '632': [(403, 1260), (404, 1265), (406, 1265), (407, 1269), (404, 1269), (404, 1275), (415, 1274), (414, 1269), (411, 1269), (410, 1264), (413, 1264), (413, 1259)],
    '633': [(418, 1258), (418, 1264), (421, 1264), (421, 1268), (419, 1268), (419, 1273), (429, 1272), (429, 1267), (426, 1267), (425, 1263), (428, 1262), (428, 1257)],
    '634': [(450, 1255), (450, 1261), (453, 1260), (454, 1265), (451, 1265), (451, 1270), (461, 1269), (461, 1264), (458, 1264), (457, 1260), (460, 1259), (460, 1254)],
    '635': [(465, 1254), (465, 1259), (468, 1259), (468, 1263), (466, 1263), (466, 1269), (476, 1268), (476, 1263), (473, 1263), (472, 1258), (475, 1258), (475, 1253)],
    '636': [(399, 1235), (400, 1240), (413, 1239), (413, 1234)],
    '637': [(399, 1219), (399, 1224), (412, 1223), (412, 1218)],
    '638': [(397, 1203), (397, 1208), (411, 1207), (410, 1202)],
    '639': [(395, 1186), (395, 1192), (409, 1191), (408, 1185)],
    '640': [(392, 1171), (392, 1176), (406, 1175), (405, 1170)],
    '641': [(410, 1169), (410, 1174), (424, 1173), (423, 1168)],
    '642': [(415, 1242), (419, 1242), (420, 1250), (415, 1251)],
    '643': [(412, 1190), (423, 1189), (424, 1198), (429, 1197), (427, 1183), (412, 1185)],
    '644': [(413, 1201), (414, 1207), (427, 1206), (427, 1200)],
    '645': [(416, 1233), (417, 1239), (428, 1238), (429, 1247), (433, 1246), (432, 1232)],
    '646': [(439, 1167), (439, 1172), (447, 1171), (448, 1175), (452, 1174), (451, 1165)],
    '647': [(457, 1165), (457, 1169), (466, 1169), (467, 1173), (471, 1173), (470, 1164)],
    '648': [(439, 1182), (440, 1188), (455, 1187), (455, 1181)],
    '649': [(458, 1181), (459, 1185), (467, 1185), (468, 1189), (472, 1189), (471, 1180)],
    '650': [(418, 1218), (418, 1222), (427, 1222), (427, 1226), (431, 1226), (431, 1217)],
    '651': [(438, 1198), (439, 1204), (455, 1203), (454, 1197)],
    '652': [(460, 1197), (460, 1201), (469, 1201), (469, 1205), (474, 1205), (473, 1196)],
    '653': [(460, 1229), (460, 1235), (476, 1234), (476, 1228)],
    '654': [(459, 1213), (459, 1219), (475, 1218), (475, 1212)],
    '655': [(442, 1227), (446, 1227), (445, 1220), (455, 1219), (455, 1213), (440, 1215)],
    '656': [(738, 1298), (738, 1304), (748, 1303), (747, 1297)],
    '657': [(640, 613), (642, 627), (659, 626), (656, 612)],
    '658': [(818, 1931), (819, 1939), (867, 1936), (867, 1929)],
    '659': [(714, 1755), (718, 1755), (719, 1760), (727, 1759), (727, 1755), (740, 1754), (741, 1765), (715, 1768)],
    '660': [(728, 1736), (729, 1742), (739, 1741), (739, 1731), (734, 1732), (734, 1736)],
    '661': [(708, 1711), (708, 1715), (711, 1720), (713, 1720), (713, 1721), (735, 1720), (735, 1718), (738, 1718), (737, 1709), (731, 1709), (731, 1714), (715, 1715), (714, 1711)],
    '662': [(712, 1734), (712, 1744), (716, 1744), (716, 1739), (726, 1739), (726, 1734)],
}
