BUILDING_POLY = {
    '00': [(1676, 899), (1680, 899), (1680, 895), (1680, 886), (1679, 881), (1675, 881), (1675, 873), (1674, 849), (1678, 849), (1678, 845), (1678, 836), (1678, 831), (1673, 832), (1673, 813), (1750, 811), (1751, 829), (1746, 829), (1746, 834), (1747, 843), (1747, 847), (1751, 847), (1752, 870), (1752, 879), (1748, 879), (1748, 893), (1749, 897), (1753, 897), (1754, 915), (1676, 918)],
    '01': [(1700, 676), (1700, 673), (1700, 669), (1698, 625), (1740, 623), (1747, 664), (1749, 678), (1701, 686)],
    '02': [(981, 945), (981, 939), (981, 935), (986, 935), (986, 934), (1162, 928), (1162, 929), (1166, 929), (1167, 934), (1168, 934), (1168, 932), (1169, 932), (1176, 931), (1178, 931), (1185, 931), (1188, 931), (1195, 931), (1198, 931), (1198, 930), (1214, 929), (1214, 930), (1230, 930), (1231, 930), (1231, 932), (1233, 932), (1233, 927), (1237, 927), (1237, 926), (1238, 926), (1387, 921), (1387, 922), (1391, 922), (1392, 926), (1392, 932), (1392, 932), (1392, 938), (1392, 938), (1392, 938), (1392, 938), (1391, 938), (1387, 938), (1388, 946), (1387, 946), (1387, 946), (1386, 946), (1386, 947), (1386, 947), (1386, 949), (1386, 949), (1386, 951), (1386, 951), (1387, 971), (1287, 974), (1286, 955), (1282, 955), (1280, 958), (1280, 958), (1274, 958), (1267, 958), (1267, 958), (1265, 956), (1244, 957), (1244, 957), (1244, 957), (1241, 960), (1232, 961), (1232, 962), (1231, 963), (1196, 964), (1189, 964), (1186, 964), (1179, 965), (1179, 965), (1179, 965), (1178, 965), (1170, 965), (1169, 964), (1169, 963), (1143, 964), (1134, 964), (1134, 964), (1131, 961), (1131, 961), (1131, 960), (1127, 960), (1090, 962), (1088, 964), (1088, 964), (1084, 964), (1081, 964), (1081, 964), (1079, 962), (1068, 962), (1068, 962), (1067, 958), (1068, 958), (1068, 956), (996, 958), (987, 958), (987, 958), (987, 958), (987, 959), (986, 951), (982, 951), (982, 951), (982, 951)],
    '03': [(1536, 801), (1536, 802), (1538, 801), (1539, 793), (1602, 791), (1603, 801), (1605, 800), (1606, 801), (1608, 802), (1609, 804), (1609, 805), (1609, 807), (1608, 809), (1607, 810), (1605, 811), (1603, 811), (1604, 826), (1535, 828), (1535, 827), (1523, 827), (1522, 830), (1431, 833), (1430, 797), (1527, 793), (1526, 802), (1528, 802), (1528, 801), (1528, 800), (1529, 800), (1529, 799), (1530, 799), (1530, 798), (1531, 798), (1532, 798), (1532, 798), (1533, 798), (1533, 798), (1534, 798), (1535, 799), (1535, 799), (1536, 800)],
    '04': [(809, 1590), (809, 1594), (812, 1594), (812, 1600), (812, 1605), (812, 1615), (809, 1615), (811, 1673), (851, 1672), (850, 1615), (859, 1614), (859, 1620), (855, 1620), (858, 1656), (880, 1655), (881, 1620), (876, 1620), (876, 1614), (886, 1614), (888, 1671), (928, 1670), (927, 1652), (926, 1612), (923, 1612), (922, 1590), (925, 1590), (921, 1476), (881, 1477), (885, 1591), (875, 1591), (875, 1586), (879, 1586), (876, 1540), (855, 1541), (854, 1586), (858, 1586), (858, 1592), (849, 1592), (845, 1478), (805, 1479)],
    '05': [(645, 1572), (647, 1631), (642, 1631), (640, 1572)],
    '06': [(1166, 1466), (1162, 1466), (1162, 1466), (966, 1473), (962, 1473), (945, 1474), (945, 1473), (940, 1473), (941, 1478), (941, 1478), (943, 1543), (943, 1543), (943, 1548), (947, 1548), (947, 1547), (977, 1546), (983, 1546), (1033, 1545), (1033, 1545), (1037, 1545), (1036, 1514), (1047, 1514), (1048, 1520), (1048, 1520), (1048, 1536), (1050, 1552), (1051, 1568), (1054, 1584), (1061, 1629), (1061, 1629), (1061, 1633), (1066, 1633), (1066, 1632), (1110, 1625), (1176, 1615), (1176, 1615), (1180, 1614), (1178, 1601), (1195, 1599), (1269, 1586), (1268, 1580), (1264, 1553), (1173, 1567), (1175, 1580), (1168, 1581), (1166, 1571), (1165, 1561), (1163, 1551), (1164, 1551), (1164, 1550), (1165, 1550), (1166, 1550), (1166, 1549), (1166, 1548), (1166, 1548), (1166, 1547), (1166, 1547), (1166, 1546), (1166, 1545), (1165, 1545), (1165, 1545), (1164, 1544), (1163, 1544), (1163, 1544), (1161, 1530), (1161, 1526), (1161, 1515), (1160, 1501), (1167, 1501), (1167, 1480), (1167, 1475)],
    '07': [(1403, 1497), (1404, 1497), (1405, 1498), (1406, 1498), (1406, 1499), (1407, 1499), (1407, 1499), (1407, 1500), (1408, 1501), (1408, 1502), (1408, 1509), (1411, 1509), (1411, 1508), (1423, 1508), (1423, 1503), (1529, 1500), (1529, 1505), (1547, 1505), (1549, 1560), (1531, 1561), (1531, 1570), (1460, 1572), (1460, 1571), (1426, 1572), (1426, 1572), (1410, 1573), (1410, 1586), (1410, 1586), (1410, 1587), (1410, 1588), (1410, 1588), (1409, 1589), (1409, 1589), (1408, 1590), (1407, 1590), (1407, 1590), (1315, 1593), (1314, 1593), (1313, 1593), (1312, 1592), (1311, 1592), (1311, 1591), (1311, 1590), (1310, 1590), (1310, 1589), (1309, 1540), (1308, 1505), (1308, 1504), (1308, 1504), (1308, 1503), (1308, 1503), (1308, 1502), (1309, 1501), (1310, 1501), (1310, 1501), (1311, 1500), (1311, 1500)],
    '08': [(731, 1333), (730, 1310), (729, 1287), (729, 1264), (728, 1252), (728, 1245), (728, 1241), (727, 1218), (726, 1195), (726, 1172), (749, 1171), (760, 1171), (765, 1170), (772, 1170), (795, 1170), (818, 1169), (841, 1168), (865, 1167), (865, 1168), (865, 1168), (866, 1190), (866, 1213), (867, 1236), (868, 1259), (869, 1282), (869, 1305), (870, 1315), (870, 1315), (872, 1315), (876, 1315), (876, 1317), (895, 1317), (896, 1320), (896, 1320), (896, 1320), (896, 1320), (896, 1320), (896, 1320), (896, 1320), (896, 1320), (896, 1320), (896, 1320), (896, 1320), (896, 1321), (896, 1321), (896, 1321), (896, 1321), (896, 1321), (896, 1328), (889, 1328), (889, 1322), (870, 1322), (870, 1328), (871, 1351), (871, 1363), (872, 1374), (873, 1397), (873, 1420), (874, 1443), (874, 1443), (874, 1443), (850, 1444), (827, 1445), (804, 1445), (781, 1446), (758, 1447), (735, 1448), (734, 1425), (734, 1419), (733, 1402), (732, 1379), (732, 1368), (732, 1363), (732, 1356), (731, 1349), (731, 1344)],
    '09': [(762, 1088), (757, 1089), (760, 1171), (765, 1170)],
    '10': [(728, 1252), (728, 1245), (655, 1247), (655, 1254)],
    '11': [(1092, 1146), (1092, 1147), (1090, 1147), (1090, 1151), (1092, 1151), (1093, 1170), (1091, 1170), (1091, 1174), (1093, 1174), (1094, 1183), (1084, 1184), (1084, 1191), (1121, 1190), (1121, 1190), (1121, 1194), (1139, 1194), (1139, 1190), (1139, 1189), (1175, 1188), (1176, 1189), (1176, 1193), (1193, 1192), (1193, 1188), (1193, 1186), (1193, 1183), (1230, 1182), (1230, 1191), (1230, 1191), (1233, 1264), (1233, 1264), (1233, 1269), (1195, 1270), (1185, 1270), (1136, 1272), (1126, 1272), (1085, 1274), (1075, 1274), (1033, 1275), (1032, 1275), (1032, 1271), (1032, 1271), (1032, 1270), (1030, 1216), (1030, 1197), (1030, 1197), (1030, 1193), (1030, 1193), (1066, 1192), (1066, 1192), (1075, 1192), (1075, 1189), (1071, 1184), (1057, 1185), (1056, 1175), (1059, 1175), (1059, 1171), (1056, 1171), (1056, 1152), (1058, 1152), (1058, 1148), (1056, 1148), (1055, 1139), (1069, 1138), (1069, 1140), (1078, 1140), (1078, 1138), (1092, 1138)],
    '12': [(892, 1315), (876, 1315), (876, 1317), (895, 1317), (896, 1320), (896, 1320), (896, 1320), (896, 1320), (896, 1320), (896, 1320), (896, 1320), (896, 1320), (896, 1320), (896, 1320), (896, 1320), (896, 1321), (896, 1321), (896, 1321), (896, 1321), (896, 1321), (896, 1328), (889, 1328), (889, 1333), (893, 1333), (894, 1345), (904, 1345), (965, 1343), (969, 1343), (1135, 1337), (1212, 1335), (1212, 1317), (1209, 1318), (1209, 1316), (1209, 1312), (1209, 1311), (1212, 1311), (1211, 1288), (1196, 1288), (1186, 1289), (1136, 1290), (1127, 1291), (1085, 1292), (1076, 1293), (961, 1296), (961, 1278), (923, 1279), (924, 1297), (902, 1298), (892, 1298), (892, 1312)],
    '13': [(1495, 1245), (1495, 1250), (1464, 1251), (1464, 1246)],
    '14': [(868, 363), (951, 362), (950, 335), (988, 334), (1004, 334), (1056, 333), (1056, 327), (1094, 327), (1095, 352), (1155, 351), (1156, 435), (1115, 435), (1115, 439), (1059, 440), (1059, 443), (1060, 481), (999, 481), (999, 500), (934, 501), (935, 515), (870, 516)],
    '15': [(992, 997), (990, 958), (996, 958), (998, 996)],
    '16': [(576, 615), (577, 606), (593, 606), (593, 615)],
    '17': [(1217, 839), (1216, 838), (1214, 837), (1210, 837), (1210, 832), (1210, 832), (1210, 830), (1208, 830), (1208, 823), (1203, 823), (1202, 807), (1207, 807), (1207, 806), (1356, 801), (1357, 802), (1361, 802), (1362, 818), (1357, 818), (1357, 826), (1276, 828), (1276, 830), (1277, 830), (1277, 831), (1276, 832), (1276, 833), (1356, 831), (1356, 851), (1349, 851), (1350, 853), (1350, 853), (1350, 854), (1350, 854), (1350, 854), (1350, 856), (1356, 856), (1357, 876), (1244, 880), (1243, 860), (1264, 859), (1263, 857), (1263, 857), (1263, 856), (1263, 856), (1263, 854), (1243, 855), (1243, 836), (1226, 836), (1224, 838), (1224, 839), (1220, 839)],
    '18': [(2041, 1223), (2041, 1233), (2053, 1233), (2053, 1253), (2051, 1253), (2051, 1256), (2053, 1256), (2055, 1292), (1978, 1295), (1978, 1288), (1978, 1281), (1977, 1258), (1977, 1248), (1976, 1235), (1976, 1229), (1976, 1226), (1976, 1222), (1976, 1215), (1975, 1195), (1973, 1195), (1973, 1189), (1975, 1189), (1974, 1169), (1997, 1168), (1998, 1170), (2001, 1170), (2001, 1168), (2002, 1168), (2051, 1167), (2052, 1200), (2040, 1200), (2041, 1210), (2044, 1210), (2045, 1223)],
    '19': [(1890, 1221), (1890, 1222), (1890, 1222), (1890, 1221), (1854, 1223), (1854, 1223), (1853, 1223), (1852, 1190), (1852, 1190), (1852, 1189), (1852, 1189), (1852, 1173), (1897, 1171), (1897, 1171), (1898, 1171), (1898, 1171), (1935, 1170), (1936, 1220)],
    '20': [(1593, 1509), (1602, 1509), (1602, 1509), (1610, 1509), (1610, 1508), (1620, 1508), (1620, 1509), (1627, 1508), (1627, 1522), (1621, 1523), (1623, 1534), (1591, 1535), (1593, 1524), (1584, 1524), (1584, 1510), (1593, 1509), (1593, 1509)],
    '21': [(1764, 1468), (1763, 1452), (1796, 1450), (1810, 1450), (1810, 1466)],
    '22': [(1958, 1209), (1947, 1210), (1945, 1170), (1956, 1169)],
    '23': [(2036, 799), (2036, 803), (2036, 807), (2037, 832), (2006, 833), (2005, 818), (2005, 814), (2004, 778), (2004, 770), (2003, 759), (2016, 759), (2016, 758), (2034, 758)],
    '24': [(438, 1587), (429, 1587), (429, 1589), (403, 1590), (403, 1588), (389, 1588), (389, 1572), (387, 1572), (384, 1572), (383, 1566), (383, 1546), (383, 1546), (400, 1545), (437, 1544), (437, 1548), (438, 1570), (437, 1570), (437, 1571)],
    '25': [(472, 1570), (470, 1503), (470, 1503), (470, 1496), (470, 1481), (470, 1481), (471, 1486), (524, 1484), (529, 1484), (529, 1481), (529, 1479), (530, 1479), (530, 1482), (532, 1562), (533, 1563), (533, 1566), (533, 1567), (533, 1572), (533, 1579), (514, 1580), (514, 1587), (533, 1587), (537, 1694), (476, 1696), (473, 1585)],
    '26': [(614, 1018), (613, 986), (690, 983), (696, 983), (696, 993), (696, 1000), (696, 1013), (697, 1018), (697, 1032), (683, 1032), (679, 1033), (674, 1033), (670, 1033), (665, 1033), (660, 1033), (656, 1033), (651, 1033), (647, 1034), (642, 1034), (637, 1034), (633, 1034), (628, 1034), (623, 1034), (619, 1034), (614, 1035)],
    '27': [(326, 1273), (324, 1227), (334, 1226), (334, 1209), (360, 1209), (360, 1210), (366, 1210), (373, 1210), (373, 1208), (398, 1207), (398, 1209), (404, 1209), (411, 1209), (411, 1207), (437, 1206), (437, 1210), (440, 1210), (440, 1208), (443, 1208), (447, 1208), (447, 1210), (450, 1209), (450, 1206), (475, 1205), (477, 1247), (477, 1251), (477, 1255), (478, 1285), (452, 1286), (452, 1283), (449, 1283), (449, 1284), (446, 1285), (442, 1285), (442, 1283), (439, 1283), (439, 1287), (414, 1287), (414, 1286), (407, 1286), (401, 1286), (401, 1288), (375, 1289), (375, 1287), (369, 1287), (362, 1287), (362, 1289), (336, 1290), (336, 1273)],
    '28': [(477, 1247), (477, 1251), (477, 1255), (481, 1255), (598, 1251), (598, 1242)],
    '29': [(881, 1010), (881, 1003), (835, 1004), (835, 1012)],
    '30': [(883, 1087), (881, 1000), (992, 997), (998, 996), (1040, 995), (1042, 1081)],
    '31': [(696, 1013), (697, 1018), (739, 1017), (750, 1016), (750, 1012)],
    '32': [(731, 1333), (738, 1332), (754, 1332), (755, 1332), (760, 1332), (777, 1331), (800, 1330), (817, 1330), (820, 1330), (823, 1330), (824, 1330), (847, 1329), (870, 1328), (871, 1351), (871, 1363), (872, 1374), (873, 1397), (873, 1420), (874, 1443), (874, 1443), (874, 1443), (850, 1444), (827, 1445), (804, 1445), (781, 1446), (758, 1447), (735, 1448), (734, 1425), (734, 1419), (733, 1402), (732, 1379), (732, 1368), (732, 1363), (732, 1356), (731, 1349), (731, 1344)],
    '33': [(1973, 848), (1866, 851), (1865, 806), (1916, 804), (1972, 802), (1972, 815), (1972, 819)],
    '34': [(681, 1649), (680, 1642), (680, 1637), (680, 1619), (717, 1618), (718, 1655), (681, 1656)],
    '35': [(1310, 1335), (1309, 1313), (1309, 1309), (1309, 1288), (1366, 1286), (1414, 1284), (1437, 1284), (1437, 1278), (1434, 1176), (1462, 1175), (1463, 1218), (1464, 1225), (1464, 1246), (1464, 1251), (1466, 1286), (1466, 1293), (1467, 1321), (1467, 1331), (1415, 1332), (1417, 1390), (1418, 1394), (1418, 1413), (1371, 1415), (1369, 1363), (1369, 1356), (1368, 1349), (1368, 1334), (1368, 1333)],
    '36': [(960, 1420), (967, 1420), (969, 1420), (972, 1420), (1011, 1418), (1010, 1406), (1010, 1397), (1010, 1386), (1010, 1382), (1009, 1369), (970, 1371), (966, 1371), (926, 1372), (928, 1421), (933, 1421), (938, 1421), (944, 1420), (949, 1420), (955, 1420)],
    '37': [(627, 1501), (641, 1500), (703, 1498), (761, 1497), (767, 1496), (771, 1496), (778, 1496), (781, 1567), (780, 1567), (780, 1568), (780, 1568), (769, 1568), (645, 1572), (640, 1572), (629, 1573), (629, 1564), (629, 1560), (628, 1545)],
    '38': [(979, 1624), (963, 1625), (962, 1602), (942, 1602), (941, 1578), (1019, 1576), (1020, 1584), (1020, 1600), (989, 1601), (989, 1624)],
    '39': [(1683, 1267), (1683, 1242), (1683, 1242), (1683, 1244), (1715, 1243), (1714, 1237), (1714, 1210), (1740, 1209), (1741, 1242), (1747, 1242), (1747, 1240), (1747, 1240), (1748, 1265)],
    '40': [(1005, 1648), (1005, 1648), (1005, 1648), (997, 1648), (997, 1648), (997, 1648), (997, 1648), (991, 1648), (991, 1634), (996, 1634), (996, 1634), (997, 1634), (997, 1634), (1004, 1634), (1004, 1633), (1004, 1633), (1004, 1634), (1010, 1634), (1011, 1647), (1005, 1648)],
    '41': [(1424, 937), (1424, 937), (1423, 931), (1423, 931), (1423, 924), (1423, 924), (1423, 917), (1421, 868), (1421, 852), (1420, 852), (1419, 845), (1419, 845), (1419, 844), (1434, 844), (1438, 844), (1438, 844), (1445, 843), (1445, 844), (1445, 844), (1448, 916), (1448, 916), (1448, 930), (1448, 930), (1450, 995), (1469, 995), (1469, 994), (1470, 994), (1471, 1022), (1470, 1022), (1470, 1021), (1440, 1022), (1440, 1023), (1433, 1023), (1433, 1016), (1432, 1016), (1431, 1003), (1426, 1003), (1426, 1002), (1426, 1002), (1424, 941)],
    '42': [(1207, 749), (1207, 745), (1209, 745), (1209, 749)],
    '43': [(1405, 838), (1397, 839), (1396, 798), (1404, 798)],
    '44': [(1392, 839), (1384, 839), (1383, 799), (1392, 799)],
    '45': [(694, 1090), (691, 1090), (691, 1086), (694, 1086)],
    '46': [(1620, 1211), (1620, 1232), (1608, 1232), (1607, 1211)],
    '47': [(1590, 1233), (1582, 1234), (1582, 1228), (1590, 1228)],
    '48': [(767, 1496), (760, 1332), (755, 1332), (761, 1497)],
    '49': [(1365, 911), (1363, 911), (1362, 908), (1365, 908)],
    '50': [(2022, 739), (2011, 739), (2011, 730), (2021, 729)],
    '51': [(533, 1563), (629, 1560), (629, 1564), (533, 1567), (533, 1566)],
    '52': [(1583, 1499), (1583, 1489), (1592, 1488), (1593, 1499)],
    '53': [(1572, 1418), (1583, 1417), (1583, 1433), (1573, 1433)],
    '54': [(997, 1359), (980, 1360), (980, 1359), (980, 1348), (997, 1347), (997, 1358)],
    '55': [(1405, 866), (1401, 866), (1401, 864), (1405, 864)],
    '56': [(1417, 838), (1409, 838), (1408, 798), (1416, 798)],
    '57': [(1181, 1070), (1180, 1051), (1199, 1050), (1200, 1070)],
    '58': [(1776, 915), (1762, 915), (1762, 897), (1776, 896)],
    '59': [(483, 1242), (481, 1242), (481, 1229), (487, 1229), (488, 1242)],
    '60': [(1685, 1359), (1759, 1357), (1759, 1366), (1761, 1413), (1687, 1415)],
    '61': [(691, 1701), (690, 1676), (690, 1674), (770, 1672), (771, 1680), (771, 1690), (734, 1691), (735, 1700)],
    '62': [(443, 581), (421, 582), (419, 579), (419, 557), (421, 555), (443, 555), (445, 557), (446, 579)],
    '63': [(1041, 1647), (1027, 1647), (1026, 1624), (1026, 1624), (1025, 1597), (1040, 1596), (1041, 1623), (1040, 1623)],
    '64': [(792, 1577), (809, 1590), (809, 1594), (812, 1594), (812, 1600), (811, 1600), (792, 1584), (769, 1568), (780, 1568)],
    '65': [(1392, 938), (1392, 932), (1423, 931), (1423, 931), (1424, 937)],
    '66': [(1682, 1161), (1677, 1002), (1686, 1001), (1694, 1001), (1745, 999), (1753, 999), (1763, 999), (1763, 999), (1763, 1015), (1764, 1036), (1769, 1192), (1683, 1195), (1682, 1166)],
    '67': [(1042, 817), (1048, 817), (1049, 838), (1065, 837), (1062, 754), (1057, 754), (1057, 746), (1047, 746), (1046, 720), (1029, 720), (1030, 739), (1031, 775), (1033, 818)],
    '68': [(686, 639), (686, 639), (686, 621), (686, 611), (697, 611), (697, 639)],
    '69': [(429, 609), (412, 609), (412, 602), (412, 598), (414, 598), (429, 598)],
    '70': [(429, 587), (429, 588), (429, 598), (414, 598), (412, 598), (412, 587), (421, 587)],
    '71': [(1841, 1380), (1841, 1385), (1842, 1411), (1843, 1435), (1875, 1434), (1874, 1420), (1872, 1324), (1848, 1325), (1840, 1325), (1840, 1336), (1841, 1375)],
    '72': [(1590, 1169), (1590, 1158), (1595, 1158), (1595, 1158), (1601, 1158), (1601, 1153), (1605, 1153), (1606, 1153), (1606, 1164), (1601, 1164), (1601, 1163), (1595, 1163), (1596, 1169)],
    '73': [(577, 1221), (575, 1158), (605, 1157), (605, 1153), (605, 1152), (605, 1142), (604, 1124), (604, 1092), (641, 1091), (642, 1120), (642, 1121), (642, 1123), (643, 1141), (643, 1152), (643, 1153), (643, 1159), (674, 1158), (677, 1240), (677, 1240), (655, 1241), (655, 1247), (655, 1254), (656, 1260), (668, 1260), (678, 1259), (678, 1260), (679, 1260), (680, 1289), (682, 1333), (648, 1334), (648, 1333), (645, 1333), (645, 1326), (643, 1326), (643, 1326), (643, 1347), (644, 1365), (645, 1392), (645, 1394), (645, 1401), (620, 1402), (620, 1395), (620, 1393), (619, 1372), (619, 1370), (619, 1366), (618, 1348), (617, 1327), (617, 1326), (613, 1327), (613, 1327), (609, 1327), (609, 1330), (609, 1334), (591, 1335), (591, 1334), (589, 1263), (598, 1262), (598, 1251), (598, 1249), (598, 1249), (599, 1249), (599, 1249), (600, 1249), (600, 1248), (600, 1248), (600, 1247), (600, 1247), (600, 1246), (600, 1246), (600, 1245), (599, 1245), (599, 1245), (599, 1245), (598, 1245), (598, 1245), (598, 1242), (598, 1240), (597, 1223), (597, 1221)],
    '74': [(843, 959), (843, 959), (843, 959), (833, 959), (833, 963), (835, 963), (835, 970), (833, 970), (833, 978), (834, 978), (834, 995), (835, 1004), (835, 1012), (835, 1013), (837, 1061), (836, 1061), (836, 1061), (811, 1062), (811, 1062), (811, 1062), (810, 1032), (797, 1032), (796, 1026), (799, 1026), (799, 1017), (798, 1017), (798, 1016), (796, 1016), (796, 1017), (778, 1017), (778, 1026), (782, 1026), (785, 1026), (785, 1029), (786, 1060), (782, 1060), (782, 1064), (783, 1088), (764, 1088), (762, 1088), (757, 1089), (753, 1089), (752, 1070), (752, 1066), (752, 1053), (750, 1018), (750, 1016), (750, 1012), (750, 1002), (796, 1001), (796, 1001), (797, 1001), (797, 1001), (797, 997), (795, 935), (795, 935), (795, 934), (807, 934), (807, 932), (806, 932), (806, 919), (806, 912), (806, 912), (806, 911), (808, 911), (808, 911), (865, 909), (868, 909), (874, 909), (877, 909), (878, 926), (878, 936), (879, 957), (879, 958), (845, 959)],
    '75': [(108, 1722), (106, 1721), (104, 1720), (103, 1718), (100, 1713), (97, 1709), (95, 1705), (94, 1703), (92, 1698), (91, 1693), (90, 1687), (89, 1681), (88, 1674), (88, 1671), (89, 1662), (89, 1661), (90, 1656), (90, 1653), (91, 1649), (93, 1645), (94, 1641), (96, 1637), (96, 1635), (100, 1630), (101, 1629), (101, 1628), (102, 1627), (104, 1626), (105, 1625), (107, 1623), (111, 1621), (111, 1621), (114, 1620), (120, 1618), (122, 1618), (127, 1618), (132, 1618), (135, 1619), (138, 1620), (141, 1622), (144, 1624), (148, 1627), (150, 1630), (153, 1633), (154, 1636), (156, 1641), (158, 1645), (159, 1649), (160, 1653), (161, 1657), (162, 1661), (162, 1662), (163, 1669), (163, 1671), (162, 1685), (161, 1691), (160, 1698), (158, 1704), (157, 1707), (156, 1710), (154, 1712), (153, 1714), (151, 1717), (149, 1719), (148, 1720), (145, 1722), (143, 1724), (141, 1725), (138, 1726), (136, 1727), (133, 1728), (130, 1728), (128, 1728), (125, 1728), (122, 1728), (119, 1728), (117, 1727), (114, 1726), (112, 1725), (110, 1724)],
    '76': [(1127, 1291), (1126, 1272), (1136, 1272), (1136, 1290)],
    '77': [(1186, 1289), (1185, 1270), (1195, 1270), (1196, 1288)],
    '78': [(1076, 1293), (1075, 1274), (1085, 1274), (1085, 1292)],
    '79': [(657, 650), (658, 638), (686, 639), (686, 639), (685, 650), (672, 650)],
    '80': [(1834, 806), (1791, 808), (1795, 937), (1823, 936), (1840, 935)],
    '81': [(1606, 1187), (1605, 1172), (1621, 1171), (1621, 1187)],
    '82': [(1590, 1228), (1597, 1228), (1597, 1233), (1590, 1233)],
    '83': [(1503, 704), (1502, 673), (1502, 658), (1515, 658), (1517, 703)],
    '84': [(1578, 626), (1577, 604), (1575, 549), (1584, 549), (1584, 533), (1587, 532), (1594, 532), (1596, 532), (1597, 560), (1597, 567), (1598, 569), (1614, 568), (1615, 610), (1615, 614), (1615, 615), (1616, 645), (1607, 645), (1608, 655), (1595, 655), (1594, 625), (1585, 626)],
    '85': [(1393, 707), (1392, 679), (1392, 667), (1392, 659), (1391, 648), (1391, 648), (1391, 638), (1390, 612), (1390, 602), (1404, 602), (1405, 647), (1405, 648), (1405, 658), (1406, 667), (1406, 678), (1407, 707)],
    '86': [(1617, 735), (1617, 725), (1617, 724), (1626, 718), (1627, 718), (1636, 723), (1637, 724), (1637, 734), (1637, 735), (1628, 741), (1627, 741), (1618, 736)],
    '87': [(1266, 693), (1264, 608), (1276, 607), (1275, 598), (1289, 598), (1288, 571), (1300, 570), (1302, 645), (1303, 656), (1291, 656), (1291, 675), (1285, 676), (1278, 676), (1278, 693)],
    '88': [(1473, 615), (1472, 601), (1472, 591), (1486, 590), (1486, 614)],
    '89': [(1418, 625), (1418, 608), (1417, 593), (1431, 592), (1432, 624)],
    '90': [(1686, 588), (1685, 578), (1686, 577), (1695, 571), (1696, 571), (1705, 576), (1705, 577), (1705, 587), (1705, 588), (1702, 590), (1697, 593), (1696, 594), (1695, 594), (1686, 589)],
    '91': [(1421, 695), (1419, 650), (1419, 635), (1432, 635), (1434, 695)],
    '92': [(1502, 653), (1501, 642), (1500, 614), (1500, 599), (1513, 598), (1515, 653)],
    '93': [(1446, 632), (1445, 613), (1445, 600), (1458, 600), (1459, 632)],
    '94': [(1448, 706), (1447, 661), (1446, 646), (1460, 645), (1462, 705)],
    '95': [(1918, 641), (1918, 641), (1920, 637), (1920, 636), (1921, 635), (1922, 631), (1923, 630), (1934, 629), (1940, 637), (1941, 638), (1937, 648), (1936, 648), (1926, 650), (1925, 650)],
    '96': [(1475, 693), (1474, 663), (1474, 635), (1473, 625), (1487, 624), (1489, 693)],
    '97': [(1209, 1316), (1209, 1312), (1309, 1309), (1309, 1313)],
    '98': [(969, 1343), (970, 1371), (966, 1371), (965, 1343)],
    '99': [(942, 1438), (943, 1439), (944, 1440), (945, 1441), (947, 1441), (948, 1441), (950, 1441), (951, 1440), (952, 1439), (953, 1438), (953, 1436), (953, 1435), (953, 1434), (952, 1433), (952, 1432), (951, 1431), (949, 1430), (948, 1430), (946, 1430), (945, 1430), (944, 1431), (942, 1432), (942, 1434), (942, 1434), (941, 1435), (941, 1436)],
    '100': [(1010, 1386), (1010, 1382), (1034, 1381), (1034, 1385)],
    '101': [(1037, 1377), (1042, 1377), (1045, 1380), (1046, 1385), (1043, 1388), (1037, 1388), (1034, 1386), (1034, 1385), (1034, 1381), (1034, 1380)],
    '102': [(2086, 1085), (2084, 1030), (2104, 1029), (2106, 1084)],
    '103': [(1756, 869), (1762, 863), (1763, 864), (1765, 866), (1760, 872), (1758, 870)],
    '104': [(2112, 1048), (2132, 1047), (2134, 1083), (2114, 1084)],
    '105': [(384, 1572), (383, 1566), (383, 1546), (383, 1546), (400, 1545), (437, 1544), (437, 1548), (438, 1570), (437, 1570), (437, 1571), (440, 1571), (444, 1571), (472, 1570), (470, 1503), (470, 1503), (470, 1496), (470, 1481), (470, 1481), (471, 1486), (524, 1484), (529, 1484), (529, 1481), (529, 1479), (530, 1479), (530, 1482), (532, 1562), (533, 1563), (533, 1566), (533, 1567), (533, 1572), (533, 1579), (514, 1580), (514, 1587), (533, 1587), (537, 1694), (476, 1696), (473, 1585), (444, 1586), (440, 1586), (438, 1587), (429, 1587), (429, 1589), (403, 1590), (403, 1588), (389, 1588), (389, 1572), (387, 1572)],
    '106': [(1439, 1403), (1439, 1394), (1438, 1389), (1437, 1356), (1470, 1354), (1470, 1380), (1471, 1388), (1471, 1393), (1471, 1402), (1468, 1402)],
    '107': [(1991, 1022), (2019, 1045), (2030, 1053), (2040, 1040), (2041, 1039), (2003, 1008)],
    '108': [(915, 1241), (912, 1175), (923, 1175), (923, 1169), (946, 1168), (948, 1240)],
    '109': [(955, 1172), (958, 1249), (969, 1249), (966, 1172)],
    '110': [(1743, 1301), (1744, 1349), (1747, 1349), (1756, 1348), (1754, 1301)],
    '111': [(1972, 815), (1972, 819), (2005, 818), (2005, 814)],
    '112': [(610, 1085), (611, 1088), (615, 1088), (615, 1085)],
    '113': [(1471, 1388), (1500, 1387), (1500, 1392), (1471, 1393)],
    '114': [(1439, 1394), (1418, 1394), (1417, 1390), (1438, 1389)],
    '115': [(1555, 1159), (1555, 1154), (1601, 1153), (1601, 1158), (1595, 1158), (1595, 1158), (1590, 1158)],
    '116': [(1682, 1161), (1682, 1166), (1596, 1169), (1595, 1163), (1601, 1163), (1601, 1164), (1606, 1164)],
    '117': [(1400, 793), (1406, 793), (1406, 790), (1400, 790)],
    '118': [(1502, 1459), (1500, 1392), (1500, 1387), (1498, 1326), (1495, 1250), (1495, 1245), (1493, 1191), (1494, 1191), (1494, 1191), (1494, 1191), (1493, 1158), (1499, 1158), (1499, 1150), (1501, 1150), (1501, 1147), (1550, 1146), (1550, 1145), (1555, 1145), (1555, 1146), (1555, 1146), (1555, 1154), (1555, 1159), (1560, 1324), (1561, 1331), (1560, 1331), (1561, 1360), (1558, 1360), (1561, 1456), (1561, 1456), (1561, 1457)],
}
