BUILDING_POLY = {
    '00': [(1376, 1254), (1363, 1285), (1342, 1339), (1230, 1295), (1231, 1294), (1242, 1265), (1247, 1253), (1263, 1214), (1279, 1172), (1284, 1159), (1285, 1158), (1287, 1151), (1295, 1131), (1296, 1129), (1301, 1131), (1304, 1132), (1306, 1133), (1407, 1172), (1386, 1228)],
    '01': [(1247, 1253), (1263, 1214), (1279, 1172), (1284, 1159), (1285, 1158), (1287, 1151), (1295, 1131), (1296, 1129), (1337, 1025), (1361, 960), (1328, 947), (1306, 939), (1272, 925), (1261, 921), (1206, 899), (1195, 926), (1186, 949), (1252, 976), (1211, 1079), (1145, 1053), (1106, 1152), (1069, 1248), (1135, 1275), (1094, 1378), (1028, 1352), (1018, 1377), (1008, 1403), (1074, 1430), (1125, 1449), (1154, 1460), (1164, 1464), (1189, 1399), (1230, 1295), (1231, 1294), (1242, 1265)],
    '02': [(799, 1706), (813, 1711), (826, 1716), (897, 1744), (930, 1758), (932, 1750), (935, 1743), (1039, 1783), (1116, 1813), (1113, 1821), (1110, 1829), (1112, 1829), (1126, 1835), (1141, 1841), (1121, 1895), (1117, 1903), (1114, 1911), (1107, 1929), (1104, 1936), (1091, 1970), (1076, 1964), (1060, 1959), (1059, 1958), (1058, 1959), (1056, 1966), (1053, 1973), (997, 1952), (976, 1944), (907, 1917), (898, 1913), (893, 1926), (764, 1875), (751, 1870), (737, 1865), (763, 1797)],
    '03': [(1654, 482), (1552, 747), (1521, 735), (1513, 732), (1456, 711), (1458, 706), (1469, 677), (1546, 477), (1558, 445)],
    '04': [(1473, 271), (1431, 375), (1489, 398), (1530, 415), (1572, 311)],
    '05': [(1300, 204), (1259, 308), (1290, 320), (1295, 322), (1299, 324), (1373, 353), (1414, 249)],
    '06': [(1098, 229), (1093, 244), (1199, 285), (1238, 186), (1131, 145), (1124, 165), (1076, 147), (1093, 103), (1039, 82), (954, 298), (976, 306), (1008, 319), (1051, 211)],
    '07': [(946, 390), (943, 389), (942, 389), (941, 385), (939, 383), (936, 381), (933, 380), (928, 381), (925, 382), (923, 385), (922, 390), (922, 393), (924, 396), (928, 399), (931, 400), (934, 399), (937, 398), (943, 400), (940, 409), (933, 410), (934, 420), (928, 421), (930, 431), (925, 432), (926, 442), (921, 442), (922, 453), (916, 454), (917, 463), (912, 464), (913, 474), (908, 475), (909, 490), (1034, 538), (1046, 529), (1042, 523), (1049, 517), (1045, 513), (1054, 506), (1050, 502), (1057, 495), (1054, 491), (1062, 484), (1059, 480), (1066, 473), (1063, 469), (1070, 462), (1067, 458), (1071, 449), (1074, 451), (1092, 457), (1103, 428), (1081, 420), (1089, 402), (960, 353)],
    '08': [(1197, 757), (1221, 767), (1308, 801), (1303, 813), (1261, 921), (1272, 925), (1306, 939), (1352, 821), (1354, 818), (1432, 849), (1449, 857), (1402, 977), (1361, 960), (1337, 1025), (1342, 1027), (1374, 1040), (1372, 1045), (1449, 1074), (1546, 827), (1515, 814), (1470, 797), (1469, 800), (1453, 794), (1372, 763), (1332, 748), (1243, 713), (1217, 703)],
    '09': [(991, 826), (1002, 797), (994, 790), (953, 756), (876, 950), (822, 1087), (772, 1213), (829, 1234), (927, 986), (933, 972)],
    '10': [(867, 1234), (873, 1228), (878, 1223), (885, 1220), (893, 1217), (900, 1216), (909, 1217), (917, 1220), (923, 1223), (929, 1228), (934, 1233), (937, 1239), (940, 1246), (941, 1253), (942, 1260), (940, 1267), (938, 1273), (935, 1278), (932, 1282)],
    '11': [(907, 1283), (852, 1435), (683, 1368), (717, 1281), (728, 1286), (747, 1240), (755, 1220), (879, 1267), (879, 1265), (910, 1276)],
    '12': [(1369, 854), (1345, 917), (1388, 934), (1412, 871)],
    '13': [(1558, 445), (1601, 334), (1612, 303), (1708, 340), (1654, 482)],
    '14': [(1034, 631), (878, 571), (845, 558), (834, 587), (708, 914), (773, 939), (820, 818), (829, 822), (826, 829), (858, 842), (868, 816), (837, 803), (834, 811), (824, 807), (878, 672), (1014, 723), (1029, 686), (1017, 680)],
    '15': [(609, 1173), (637, 1184), (650, 1189), (668, 1196), (680, 1166), (687, 1169), (698, 1142), (707, 1118), (700, 1115), (715, 1076), (729, 1043), (725, 1042), (735, 1016), (746, 986), (753, 988), (770, 947), (773, 939), (708, 914), (661, 1037)],
    '16': [(933, 972), (954, 980), (952, 991), (969, 994), (967, 1010), (997, 1015), (1029, 1013), (1048, 1008), (1063, 1003), (1087, 990), (1112, 968), (1127, 950), (1116, 941), (1129, 925), (1142, 903), (1151, 886), (1157, 867), (1131, 860), (1123, 858), (991, 826)],
    '17': [(908, 1567), (1061, 1623), (1134, 1651), (1133, 1655), (1210, 1684), (1252, 1576), (1304, 1439), (1229, 1409), (1227, 1414), (1189, 1399), (1164, 1464), (1154, 1460), (1147, 1479), (1134, 1483), (1113, 1538), (1119, 1548), (1102, 1592), (1077, 1582), (1055, 1573), (1101, 1455), (1063, 1440), (1018, 1556), (981, 1542), (985, 1530), (956, 1519), (952, 1529), (927, 1519), (907, 1512), (888, 1560)],
    '18': [(1039, 1690), (1015, 1751), (1074, 1773), (1085, 1743), (1097, 1712)],
    '19': [(1385, 611), (1141, 517), (1113, 593), (1104, 616), (1095, 639), (1089, 653), (1085, 651), (1061, 642), (1051, 638), (1057, 625), (1066, 600), (1074, 579), (1104, 502), (1166, 340), (1487, 465), (1422, 633), (1412, 659), (1407, 673), (1401, 689), (1399, 695), (1396, 702), (1390, 717), (1386, 727), (1377, 751), (1372, 763), (1332, 748), (1337, 735), (1346, 711), (1350, 701), (1356, 687), (1359, 680)],
    '20': [(1217, 703), (1089, 653), (1085, 651), (1061, 642), (1051, 638), (1034, 631), (1017, 680), (1029, 686), (1014, 723), (1034, 731), (1052, 737), (1185, 789), (1193, 767), (1197, 757)],
    '21': [(907, 1512), (917, 1484), (624, 1376), (626, 1368), (625, 1365), (624, 1361), (618, 1355), (636, 1310), (641, 1295), (644, 1288), (648, 1279), (653, 1264), (660, 1247), (666, 1231), (678, 1200), (668, 1196), (650, 1189), (637, 1184), (609, 1173), (596, 1205), (591, 1220), (584, 1237), (578, 1254), (575, 1260), (573, 1266), (566, 1284), (549, 1328), (539, 1354), (514, 1420), (790, 1522), (827, 1536), (888, 1560)],
    '22': [(893, 1636), (886, 1655), (869, 1697), (928, 1719), (944, 1676), (951, 1658)],
    '23': [(874, 1627), (866, 1646), (852, 1686), (800, 1667), (822, 1608)],
    '24': [(755, 1582), (725, 1667), (668, 1648), (677, 1625), (690, 1630), (698, 1608), (685, 1604), (701, 1562), (712, 1566)],
    '25': [(800, 1667), (750, 1648), (765, 1608), (772, 1589), (822, 1608)],
    '26': [(1117, 1718), (1094, 1779), (1125, 1791), (1157, 1804), (1181, 1743)],
    '27': [(701, 1562), (648, 1542), (629, 1589), (615, 1628), (668, 1648), (677, 1625), (663, 1620), (670, 1599), (685, 1604)],
    '28': [(976, 1310), (907, 1283), (852, 1435), (917, 1460), (963, 1340), (964, 1337), (967, 1329), (969, 1330)],
    '29': [(1096, 320), (1102, 322), (1141, 337), (1122, 383), (1078, 365)],
    '30': [(649, 1778), (674, 1788), (658, 1829), (634, 1819)],
    '31': [(997, 1750), (1023, 1682), (964, 1660), (938, 1728)],
    '32': [(1373, 353), (1377, 354), (1368, 377), (1290, 346), (1295, 336), (1299, 324)],
}
