BUILDING_POLY = {
    '00': [(739, 1151), (741, 1156), (739, 1156), (738, 1157), (739, 1159), (729, 1162), (730, 1171), (731, 1172), (731, 1175), (733, 1184), (735, 1189), (745, 1187), (746, 1190), (748, 1189), (749, 1194), (750, 1199), (708, 1206), (706, 1197), (709, 1196), (709, 1193), (712, 1192), (709, 1182), (706, 1168), (698, 1170), (698, 1171), (695, 1172), (690, 1173), (680, 1139), (699, 1133), (719, 1126), (722, 1135), (717, 1137), (721, 1149), (720, 1150), (720, 1151), (721, 1152), (738, 1147)],
    '01': [(866, 879), (866, 877), (864, 872), (858, 851), (857, 845), (868, 844), (889, 840), (901, 838), (902, 844), (908, 864), (909, 868), (905, 869), (871, 880), (867, 881)],
    '02': [(591, 1101), (597, 1099), (618, 1092), (624, 1091), (649, 1083), (656, 1081), (659, 1090), (670, 1087), (671, 1091), (674, 1095), (675, 1096), (676, 1096), (676, 1099), (677, 1102), (676, 1102), (677, 1105), (677, 1108), (678, 1113), (667, 1116), (670, 1126), (662, 1128), (640, 1134), (636, 1136), (634, 1137), (611, 1144), (604, 1146), (602, 1136), (591, 1140), (588, 1132), (588, 1130), (582, 1114), (594, 1110)],
    '03': [(1197, 1230), (1196, 1228), (1199, 1227), (1197, 1217), (1220, 1214), (1219, 1210), (1221, 1210), (1222, 1209), (1223, 1208), (1224, 1208), (1225, 1208), (1225, 1208), (1226, 1208), (1226, 1209), (1227, 1209), (1230, 1226), (1249, 1223), (1249, 1224), (1250, 1224), (1251, 1225), (1251, 1227), (1251, 1227), (1251, 1228), (1250, 1228), (1250, 1230), (1231, 1233), (1233, 1247), (1252, 1244), (1253, 1245), (1253, 1246), (1254, 1246), (1255, 1247), (1255, 1249), (1254, 1250), (1253, 1250), (1254, 1252), (1235, 1255), (1235, 1257), (1228, 1258), (1227, 1256), (1226, 1256), (1226, 1257), (1216, 1259), (1216, 1258), (1202, 1261), (1200, 1251), (1202, 1251), (1202, 1246), (1201, 1241), (1199, 1241)],
    '04': [(895, 1257), (898, 1256), (895, 1247), (893, 1240), (887, 1241), (885, 1233), (901, 1228), (903, 1234), (908, 1232), (909, 1234), (930, 1227), (930, 1226), (937, 1224), (935, 1218), (950, 1213), (952, 1221), (948, 1222), (953, 1239), (955, 1238), (961, 1255), (950, 1258), (951, 1261), (935, 1266), (934, 1263), (925, 1266), (926, 1269), (911, 1273), (911, 1271), (900, 1274)],
    '05': [(627, 1328), (625, 1314), (623, 1298), (621, 1289), (622, 1290), (642, 1286), (643, 1286), (644, 1289), (645, 1290), (651, 1289), (652, 1294), (653, 1303), (655, 1315), (656, 1323)],
    '06': [(1214, 1168), (1207, 1157), (1202, 1147), (1199, 1136), (1199, 1125), (1200, 1114), (1203, 1104), (1208, 1096), (1215, 1088), (1223, 1082), (1232, 1076), (1239, 1074), (1242, 1073), (1254, 1072), (1262, 1073), (1274, 1076), (1287, 1083), (1299, 1093), (1318, 1113), (1327, 1125), (1333, 1137), (1336, 1148), (1336, 1162), (1335, 1171), (1331, 1180), (1325, 1189), (1317, 1197), (1307, 1205), (1295, 1210), (1283, 1211), (1272, 1211), (1261, 1208), (1255, 1205), (1249, 1201), (1239, 1194), (1228, 1184)],
    '07': [(1351, 1602), (1358, 1598), (1368, 1597), (1367, 1589), (1369, 1589), (1379, 1588), (1383, 1640), (1380, 1640), (1379, 1636), (1373, 1637), (1374, 1640), (1371, 1641), (1370, 1634), (1372, 1633), (1369, 1601)],
    '08': [(1447, 1702), (1442, 1702), (1441, 1686), (1445, 1686), (1445, 1679), (1462, 1678), (1461, 1675), (1484, 1673), (1484, 1670), (1509, 1669), (1511, 1697), (1499, 1698), (1500, 1704), (1475, 1706), (1475, 1710), (1448, 1712)],
    '09': [(880, 1450), (881, 1457), (884, 1456), (887, 1469), (887, 1475), (888, 1481), (865, 1484), (856, 1432), (895, 1426), (898, 1446)],
    '10': [(859, 969), (858, 970), (857, 966), (858, 965), (857, 962), (856, 962), (854, 958), (855, 958), (854, 954), (853, 955), (853, 953), (852, 950), (853, 950), (852, 947), (854, 947), (854, 946), (858, 944), (858, 945), (862, 944), (861, 943), (865, 942), (866, 943), (869, 942), (869, 941), (873, 940), (873, 941), (875, 940), (876, 943), (877, 943), (879, 947), (878, 947), (878, 949), (879, 950), (880, 950), (881, 954), (880, 955), (881, 958), (882, 958), (883, 962), (882, 962), (883, 964), (883, 966), (884, 965), (886, 969), (885, 970), (886, 973), (884, 973), (884, 974), (880, 976), (879, 975), (876, 976), (876, 977), (872, 978), (872, 977), (868, 978), (869, 979), (864, 980), (864, 979), (862, 980), (861, 977), (860, 977), (860, 976), (860, 974), (859, 973), (860, 973)],
    '11': [(1036, 1145), (1044, 1143), (1058, 1141), (1059, 1146), (1059, 1148), (1059, 1150), (1065, 1149), (1067, 1161), (1061, 1162), (1062, 1163), (1040, 1167), (1040, 1168), (1041, 1171), (1041, 1172), (1041, 1174), (1042, 1178), (1042, 1180), (1043, 1183), (1043, 1183), (1043, 1187), (1056, 1185), (1055, 1180), (1067, 1178), (1068, 1183), (1064, 1184), (1066, 1197), (1067, 1200), (1047, 1204), (1035, 1206), (1032, 1189), (1031, 1186), (1030, 1181), (1030, 1181), (1029, 1174), (1029, 1172), (1028, 1168), (1017, 1170), (1014, 1148)],
    '12': [(2107, 951), (2107, 951), (2106, 951), (2105, 951), (2104, 950), (2104, 950), (2104, 949), (2105, 948), (2106, 948), (2107, 948), (2107, 948), (2108, 949), (2108, 950)],
    '13': [(517, 1506), (523, 1505), (523, 1506), (532, 1505), (533, 1512), (534, 1512), (536, 1521), (531, 1522), (531, 1523), (525, 1524), (527, 1532), (523, 1533), (522, 1525), (516, 1526), (516, 1525), (512, 1525), (511, 1520), (518, 1519), (518, 1513), (512, 1514), (510, 1515), (510, 1512), (510, 1512), (510, 1508), (517, 1507)],
    '14': [(844, 1207), (844, 1205), (842, 1195), (852, 1194), (854, 1194), (855, 1198), (851, 1199), (852, 1206), (859, 1205), (865, 1203), (864, 1196), (860, 1197), (859, 1193), (861, 1192), (872, 1190), (874, 1202), (879, 1201), (888, 1200), (891, 1199), (894, 1215), (891, 1215), (882, 1217), (837, 1224), (835, 1209), (842, 1207)],
    '15': [(1037, 1126), (1037, 1130), (1021, 1132), (1021, 1128), (1019, 1128), (1016, 1128), (1013, 1133), (1008, 1133), (1008, 1130), (1007, 1130), (1006, 1130), (1004, 1111), (1006, 1111), (1005, 1103), (1014, 1102), (1015, 1107), (1018, 1106), (1021, 1106), (1020, 1096), (1034, 1095), (1034, 1099), (1035, 1099), (1036, 1099), (1037, 1099), (1039, 1116), (1039, 1125), (1040, 1126)],
    '16': [(780, 793), (775, 794), (783, 840), (787, 839), (788, 840), (796, 839), (796, 838), (800, 837), (792, 791), (788, 791), (788, 790), (780, 791)],
    '17': [(709, 964), (712, 974), (713, 977), (714, 980), (750, 970), (748, 964), (746, 959), (745, 953), (732, 957)],
    '18': [(830, 854), (835, 869), (833, 870), (817, 875), (822, 893), (856, 883), (855, 881), (855, 880), (858, 879), (856, 874), (854, 867), (853, 867), (852, 862), (849, 852), (846, 848), (840, 850), (840, 851), (834, 852), (834, 853)],
    '19': [(822, 893), (824, 900), (826, 905), (828, 912), (866, 901), (860, 882), (860, 882), (856, 883)],
    '20': [(879, 891), (884, 908), (884, 908), (890, 927), (898, 924), (898, 925), (907, 922), (915, 920), (914, 919), (923, 917), (917, 898), (912, 881), (908, 882), (906, 875), (882, 883), (884, 889)],
    '21': [(900, 997), (901, 1003), (899, 1003), (903, 1016), (906, 1015), (907, 1019), (917, 1015), (924, 1013), (917, 991), (910, 993)],
    '22': [(895, 1005), (889, 1007), (880, 1010), (885, 1027), (891, 1044), (900, 1041), (907, 1039), (906, 1037), (914, 1034), (919, 1050), (921, 1059), (928, 1057), (939, 1054), (936, 1045), (930, 1026), (928, 1018), (919, 1021), (910, 1023), (908, 1024), (902, 1026)],
    '23': [(911, 1047), (903, 1049), (889, 1053), (894, 1072), (904, 1069), (917, 1065), (913, 1052)],
    '24': [(956, 990), (962, 1010), (998, 1000), (995, 991), (994, 987), (993, 984), (992, 979)],
    '25': [(937, 987), (935, 987), (941, 1009), (943, 1008), (944, 1010), (959, 1006), (953, 982), (951, 983), (950, 980), (936, 984)],
    '26': [(960, 977), (960, 972), (961, 971), (962, 970), (965, 967), (967, 966), (970, 965), (973, 965), (976, 966), (978, 967), (980, 970), (980, 973), (980, 975), (978, 977), (977, 979), (974, 980), (973, 981), (971, 981), (967, 981), (964, 981), (964, 980), (962, 979)],
    '27': [(927, 790), (926, 790), (930, 813), (931, 814), (932, 814), (934, 816), (948, 813), (949, 814), (959, 813), (961, 812), (960, 804), (959, 804), (956, 790), (951, 791), (952, 795), (952, 795), (951, 796), (951, 796), (953, 806), (952, 806), (950, 806), (950, 805), (939, 807), (940, 808), (940, 809), (935, 810), (932, 793), (933, 793), (934, 793), (933, 792), (936, 791), (936, 790), (946, 789), (947, 788), (947, 787), (946, 780), (928, 783), (929, 786), (928, 786), (926, 786)],
    '28': [(874, 1072), (868, 1074), (866, 1068), (868, 1067), (869, 1067), (871, 1067), (873, 1066)],
    '29': [(820, 1036), (800, 1042), (799, 1042), (800, 1046), (799, 1046), (798, 1044), (797, 1045), (795, 1045), (795, 1046), (793, 1047), (794, 1050), (795, 1050), (796, 1049), (799, 1058), (797, 1059), (799, 1064), (800, 1063), (803, 1071), (801, 1072), (803, 1079), (806, 1078), (810, 1077), (810, 1076), (810, 1076), (830, 1070), (825, 1053)],
    '30': [(832, 1106), (823, 1109), (824, 1115), (824, 1115), (826, 1123), (828, 1130), (829, 1130), (831, 1136), (841, 1133), (838, 1124), (837, 1120), (835, 1115)],
    '31': [(742, 1101), (728, 1105), (722, 1085), (716, 1067), (730, 1062)],
    '32': [(804, 1081), (766, 1092), (755, 1056), (753, 1057), (749, 1044), (767, 1039), (770, 1038), (773, 1037), (791, 1031), (794, 1042), (794, 1043), (795, 1044), (793, 1044), (793, 1047), (794, 1050), (797, 1059), (799, 1064), (801, 1072), (803, 1079)],
    '33': [(965, 1143), (966, 1148), (966, 1150), (967, 1153), (968, 1159), (929, 1165), (928, 1157), (927, 1151), (930, 1150), (930, 1148)],
    '34': [(1003, 1152), (1002, 1145), (1002, 1145), (1000, 1130), (998, 1120), (979, 1123), (979, 1124), (970, 1126), (972, 1135), (976, 1135), (976, 1136), (978, 1146), (978, 1149), (978, 1151), (978, 1152), (985, 1151), (985, 1155)],
    '35': [(1048, 1090), (1036, 1091), (1037, 1099), (1039, 1116), (1039, 1125), (1040, 1126), (1040, 1130), (1051, 1129), (1051, 1124)],
    '36': [(549, 1093), (559, 1090), (562, 1089), (565, 1091), (570, 1093), (577, 1115), (577, 1116), (582, 1132), (582, 1134), (585, 1144), (580, 1146), (578, 1146), (576, 1147), (574, 1147), (572, 1148), (564, 1143), (552, 1102)],
    '37': [(504, 965), (525, 963), (526, 973), (518, 974), (517, 974), (518, 991), (518, 992), (521, 991), (522, 1002), (522, 1005), (514, 1006), (513, 1003), (507, 1003)],
    '38': [(483, 922), (463, 925), (464, 933), (458, 934), (460, 952), (466, 951), (467, 960), (486, 958), (485, 950), (491, 950), (490, 931), (484, 931)],
    '39': [(454, 928), (428, 931), (430, 950), (455, 948)],
    '40': [(508, 1018), (518, 1017), (518, 1020), (520, 1020), (521, 1032), (521, 1035), (519, 1035), (519, 1038), (476, 1042), (475, 1032), (474, 1022), (480, 1021), (485, 1021), (486, 1030), (508, 1028)],
    '41': [(499, 984), (498, 975), (493, 976), (492, 973), (492, 966), (482, 967), (472, 968), (473, 975), (473, 978), (467, 978), (468, 986), (484, 985)],
    '42': [(738, 1137), (736, 1129), (733, 1122), (739, 1120), (746, 1118), (751, 1134)],
    '43': [(715, 1017), (678, 1028), (687, 1057), (705, 1051), (711, 1050), (724, 1046), (721, 1036), (721, 1034)],
    '44': [(809, 1246), (810, 1251), (811, 1251), (812, 1253), (813, 1262), (814, 1262), (814, 1263), (808, 1264), (809, 1273), (821, 1271), (833, 1269), (831, 1260), (831, 1260), (830, 1259), (832, 1258), (827, 1226), (825, 1227), (825, 1225), (826, 1225), (824, 1216), (812, 1218), (812, 1218), (800, 1220), (801, 1230), (808, 1228), (809, 1238), (810, 1241), (808, 1241)],
    '45': [(832, 1185), (822, 1186), (819, 1171), (815, 1172), (813, 1167), (824, 1163), (824, 1164), (824, 1164), (826, 1170), (829, 1169)],
    '46': [(856, 1169), (853, 1170), (853, 1172), (850, 1174), (849, 1172), (845, 1173), (843, 1167), (847, 1166), (846, 1161), (850, 1159), (852, 1164), (854, 1163)],
    '47': [(853, 1230), (842, 1233), (851, 1281), (863, 1278)],
    '48': [(891, 1279), (889, 1273), (888, 1268), (877, 1271), (863, 1275), (866, 1286)],
    '49': [(996, 1327), (993, 1327), (993, 1328), (977, 1331), (976, 1329), (981, 1328), (983, 1320), (976, 1317), (974, 1319), (967, 1313), (966, 1314), (964, 1311), (963, 1313), (963, 1313), (958, 1317), (955, 1315), (958, 1313), (955, 1306), (951, 1294), (962, 1293), (962, 1291), (970, 1290), (970, 1286), (980, 1286), (981, 1285), (997, 1286), (997, 1290), (997, 1291), (1000, 1292), (1000, 1292), (1006, 1293), (1008, 1301), (1001, 1303), (1002, 1306), (1000, 1307), (1001, 1312), (998, 1313), (998, 1318), (996, 1318), (995, 1322)],
    '50': [(999, 991), (1001, 990), (1007, 985), (1012, 981), (1031, 1003), (1030, 1004), (1031, 1006), (1031, 1006), (1032, 1008), (1035, 1020), (1022, 1024), (1020, 1013), (1018, 1014)],
    '51': [(994, 1014), (999, 1032), (1000, 1035), (1003, 1043), (993, 1046), (982, 1049), (979, 1037), (974, 1021), (973, 1020), (979, 1018), (983, 1017), (988, 1016)],
    '52': [(971, 1017), (978, 1040), (965, 1043), (963, 1039), (958, 1021)],
    '53': [(955, 1010), (944, 1014), (949, 1031), (953, 1047), (960, 1045), (965, 1043), (963, 1039), (958, 1021), (957, 1017)],
    '54': [(676, 939), (683, 937), (689, 935), (692, 943), (697, 960), (700, 967), (686, 972), (681, 956)],
    '55': [(630, 907), (628, 891), (620, 892), (621, 898), (614, 899), (616, 909)],
    '56': [(565, 968), (567, 967), (564, 956), (558, 958), (548, 968), (552, 1005), (566, 1012), (574, 1010), (570, 997), (567, 998), (564, 996), (563, 984), (562, 972)],
    '57': [(589, 1005), (591, 1008), (595, 1009), (598, 1008), (601, 1005), (601, 1001), (611, 998), (607, 986), (592, 990), (576, 995), (580, 1007)],
    '58': [(603, 958), (606, 959), (612, 969), (618, 980), (616, 983), (613, 984), (615, 990), (617, 996), (625, 993), (629, 987), (632, 980), (616, 948), (603, 945), (594, 947), (598, 959)],
    '59': [(1008, 1255), (1025, 1252), (1023, 1237), (1024, 1237), (1026, 1237), (1026, 1237), (1030, 1236), (1025, 1211), (1022, 1212), (1022, 1211), (1022, 1210), (1023, 1209), (1021, 1198), (1021, 1198), (980, 1205), (982, 1216), (982, 1217), (1006, 1213), (1010, 1240), (1011, 1239), (1012, 1241), (1010, 1241), (1005, 1242), (1007, 1255)],
    '60': [(1090, 1154), (1092, 1153), (1093, 1153), (1095, 1152), (1097, 1150), (1099, 1148), (1100, 1144), (1100, 1141), (1099, 1138), (1098, 1136), (1096, 1133), (1093, 1132), (1091, 1131), (1089, 1131), (1086, 1131), (1083, 1132), (1081, 1133), (1080, 1135), (1078, 1138), (1077, 1140), (1077, 1143), (1077, 1146), (1079, 1149), (1080, 1151), (1084, 1153), (1086, 1154)],
    '61': [(959, 1195), (969, 1193), (977, 1191), (974, 1178), (972, 1171), (955, 1174), (955, 1176)],
    '62': [(788, 870), (782, 871), (783, 873), (783, 875), (775, 876), (773, 865), (771, 866), (764, 867), (759, 868), (760, 872), (761, 879), (761, 881), (766, 880), (772, 879), (773, 884), (763, 886), (755, 888), (754, 882), (755, 882), (754, 875), (752, 875), (750, 863), (786, 856), (787, 860), (787, 862), (787, 863)],
    '63': [(801, 868), (801, 864), (800, 862), (800, 860), (824, 856), (826, 864)],
    '64': [(1079, 978), (1085, 973), (1087, 975), (1088, 973), (1090, 970), (1090, 969), (1092, 966), (1093, 961), (1094, 956), (1093, 951), (1092, 947), (1090, 943), (1087, 939), (1084, 936), (1080, 933), (1076, 931), (1072, 930), (1067, 929), (1062, 929), (1058, 930), (1057, 930), (1055, 931), (1054, 931), (1050, 933), (1052, 935), (1050, 937), (1048, 939), (1047, 939), (1054, 946), (1054, 947), (1055, 948), (1053, 949), (1051, 947), (1049, 949), (1049, 949), (1050, 950), (1046, 953), (1052, 961), (1051, 962), (1057, 969), (1058, 968), (1064, 976), (1068, 972), (1069, 973), (1071, 971), (1070, 971), (1071, 970), (1072, 970), (1073, 969), (1073, 970)],
    '65': [(975, 909), (968, 911), (967, 911), (966, 911), (962, 911), (954, 912), (944, 916), (941, 917), (942, 919), (943, 919), (943, 920), (945, 919), (946, 923), (939, 924), (946, 946), (950, 959), (965, 954), (963, 949), (969, 947), (971, 953), (980, 950), (985, 948), (986, 948), (986, 947), (989, 946), (988, 941), (992, 940), (992, 938), (991, 932), (989, 929), (987, 926), (983, 920), (979, 913), (977, 914), (976, 914)],
    '66': [(1120, 992), (1122, 993), (1122, 994), (1124, 994), (1125, 994), (1126, 995), (1128, 991), (1132, 982), (1132, 982), (1133, 981), (1133, 980), (1135, 975), (1143, 979), (1152, 982), (1150, 986), (1148, 991), (1156, 994), (1157, 992), (1155, 992), (1158, 987), (1158, 987), (1159, 985), (1158, 984), (1161, 978), (1147, 972), (1150, 966), (1145, 964), (1143, 968), (1145, 969), (1144, 971), (1141, 970), (1141, 970), (1140, 969), (1139, 969), (1137, 968), (1133, 967), (1134, 965), (1127, 962), (1127, 964), (1124, 963), (1125, 961), (1119, 959), (1118, 962), (1118, 962), (1115, 969), (1121, 971), (1121, 969), (1127, 972), (1128, 972), (1126, 978), (1125, 978), (1125, 979), (1125, 980), (1123, 983), (1123, 983), (1122, 985), (1123, 985), (1121, 988), (1119, 987), (1118, 990), (1121, 991)],
    '67': [(870, 1158), (860, 1161), (859, 1159), (859, 1159), (858, 1157), (858, 1156), (857, 1153), (858, 1152), (857, 1149), (851, 1150), (852, 1152), (838, 1157), (836, 1148), (849, 1143), (849, 1143), (849, 1143), (850, 1142), (851, 1142), (852, 1142), (857, 1141), (857, 1139), (858, 1139), (859, 1139), (861, 1139), (861, 1139), (860, 1137), (867, 1136), (869, 1142), (870, 1145), (866, 1146), (867, 1149), (867, 1149)],
    '68': [(874, 1118), (882, 1116), (880, 1111), (886, 1109), (887, 1111), (888, 1111), (890, 1110), (887, 1101), (894, 1099), (898, 1111), (893, 1112), (895, 1117), (891, 1118), (885, 1120), (886, 1123), (884, 1123), (887, 1131), (888, 1131), (889, 1134), (893, 1133), (894, 1137), (891, 1139), (891, 1139), (892, 1142), (889, 1143), (888, 1139), (881, 1142), (880, 1139), (875, 1122), (873, 1123), (872, 1122), (872, 1121), (872, 1120), (874, 1119)],
    '69': [(667, 1187), (678, 1187), (678, 1187), (685, 1187), (685, 1190), (686, 1190), (686, 1194), (691, 1194), (691, 1199), (679, 1200), (678, 1194), (674, 1194), (674, 1199), (668, 1199), (668, 1191)],
    '70': [(712, 1225), (716, 1224), (716, 1227), (721, 1226), (721, 1228), (726, 1227), (726, 1225), (730, 1224), (731, 1226), (735, 1226), (735, 1224), (739, 1223), (740, 1225), (744, 1224), (744, 1222), (748, 1221), (750, 1227), (750, 1228), (754, 1227), (754, 1225), (758, 1224), (759, 1225), (759, 1226), (763, 1225), (763, 1225), (762, 1221), (769, 1217), (770, 1223), (771, 1229), (769, 1229), (770, 1231), (771, 1236), (770, 1236), (770, 1238), (768, 1238), (761, 1239), (760, 1239), (760, 1239), (757, 1239), (757, 1240), (755, 1241), (755, 1242), (734, 1246), (733, 1243), (730, 1243), (729, 1243), (730, 1247), (730, 1249), (730, 1250), (727, 1251), (725, 1251), (724, 1249), (723, 1249), (722, 1250), (716, 1251)],
    '71': [(698, 1244), (696, 1239), (696, 1229), (677, 1233), (678, 1237), (674, 1237), (669, 1238), (666, 1223), (662, 1223), (658, 1224), (662, 1249), (670, 1248), (669, 1243), (674, 1242), (680, 1241), (680, 1247)],
    '72': [(788, 1293), (786, 1279), (782, 1256), (780, 1256), (774, 1257), (768, 1258), (762, 1259), (762, 1258), (749, 1260), (753, 1284), (751, 1284), (755, 1293), (759, 1292), (762, 1292), (762, 1293), (763, 1297), (764, 1299), (765, 1302), (765, 1302), (774, 1302), (784, 1300), (784, 1296), (784, 1294)],
    '73': [(723, 1263), (723, 1264), (724, 1269), (726, 1276), (728, 1291), (727, 1291), (714, 1293), (705, 1295), (689, 1297), (684, 1270), (691, 1268), (691, 1268), (691, 1266), (692, 1266), (713, 1263), (714, 1265), (718, 1264), (722, 1263)],
    '74': [(667, 1264), (673, 1300), (689, 1297), (684, 1270), (683, 1261)],
    '75': [(789, 894), (796, 892), (799, 891), (808, 920), (805, 920), (802, 921), (798, 923), (797, 918), (791, 899)],
    '76': [(785, 944), (807, 937), (810, 936), (814, 935), (814, 937), (815, 939), (816, 944), (818, 947), (789, 956)],
    '77': [(750, 905), (767, 900), (769, 906), (775, 925), (780, 941), (781, 945), (771, 948), (764, 951), (756, 926), (754, 927), (753, 923), (752, 920), (754, 919)],
    '78': [(769, 906), (791, 899), (797, 918), (789, 921), (775, 925)],
    '79': [(602, 1226), (610, 1224), (611, 1233), (630, 1230), (634, 1229), (633, 1226), (641, 1225), (642, 1228), (642, 1228), (643, 1231), (645, 1230), (645, 1235), (647, 1235), (648, 1235), (650, 1247), (650, 1247), (652, 1256), (654, 1264), (653, 1264), (655, 1281), (657, 1281), (657, 1282), (657, 1283), (656, 1283), (656, 1284), (655, 1284), (652, 1284), (652, 1285), (652, 1288), (651, 1289), (645, 1290), (644, 1289), (643, 1286), (642, 1286), (622, 1290), (621, 1289), (623, 1298), (622, 1299), (615, 1300), (614, 1300), (614, 1297), (613, 1291), (612, 1291), (612, 1289), (610, 1289), (609, 1284), (607, 1284), (605, 1272), (604, 1273), (601, 1255), (602, 1255), (600, 1243), (602, 1243), (601, 1238), (603, 1238), (602, 1235), (604, 1235)],
    '80': [(577, 1335), (620, 1328), (620, 1327), (618, 1315), (621, 1315), (625, 1314), (623, 1298), (622, 1299), (615, 1300), (614, 1300), (614, 1297), (609, 1297), (608, 1297), (607, 1290), (571, 1295), (573, 1303), (568, 1303), (570, 1315), (571, 1315), (574, 1314), (577, 1334)],
    '81': [(530, 1302), (566, 1296), (568, 1303), (570, 1315), (571, 1319), (569, 1319), (534, 1326)],
    '82': [(485, 1378), (503, 1375), (501, 1363), (518, 1360), (526, 1410), (509, 1413), (506, 1396), (505, 1388), (504, 1389), (488, 1391)],
    '83': [(968, 1072), (980, 1067), (983, 1074), (988, 1077), (990, 1080), (987, 1082), (990, 1086), (996, 1083), (1000, 1091), (1005, 1100), (996, 1105), (992, 1097), (980, 1102), (977, 1095), (974, 1096), (960, 1103), (957, 1096), (970, 1090), (977, 1086), (971, 1075), (970, 1076)],
    '84': [(1023, 1075), (1033, 1075), (1044, 1075), (1044, 1071), (1044, 1067), (1041, 1067), (1040, 1067), (1039, 1061), (1032, 1061), (1032, 1068), (1023, 1068), (1023, 1072)],
    '85': [(1473, 599), (1470, 592), (1467, 582), (1471, 578), (1477, 577), (1479, 582), (1480, 579), (1479, 576), (1480, 574), (1477, 569), (1472, 567), (1471, 567), (1470, 567), (1469, 565), (1470, 564), (1463, 548), (1470, 529), (1483, 524), (1482, 523), (1489, 520), (1496, 523), (1495, 524), (1507, 529), (1511, 538), (1514, 547), (1512, 553), (1511, 556), (1510, 559), (1508, 564), (1501, 568), (1498, 575), (1499, 575), (1499, 576), (1498, 579), (1500, 583), (1502, 577), (1508, 577), (1512, 581), (1511, 583), (1513, 584), (1509, 597), (1507, 597), (1506, 599), (1503, 599), (1504, 603), (1501, 603), (1494, 600), (1490, 600), (1485, 600), (1477, 603), (1475, 602), (1475, 601), (1476, 600)],
    '86': [(937, 911), (935, 902), (937, 902), (936, 899), (941, 894), (941, 892), (929, 881), (933, 877), (938, 873), (949, 885), (952, 887), (948, 891), (947, 892), (948, 894), (949, 898), (965, 893), (967, 898), (968, 902)],
    '87': [(958, 851), (955, 849), (953, 835), (951, 834), (951, 831), (952, 829), (961, 827), (965, 829), (971, 828), (971, 826), (974, 826), (975, 826), (989, 824), (991, 834), (976, 836), (976, 838), (972, 839), (972, 840), (967, 841), (965, 843), (966, 850), (970, 856), (964, 860), (962, 860), (959, 857)],
    '88': [(845, 800), (845, 802), (851, 801), (850, 799), (851, 799), (850, 796), (851, 795), (851, 794), (850, 793), (849, 789), (852, 788), (852, 789), (854, 789), (854, 788), (860, 787), (860, 788), (863, 788), (863, 786), (868, 785), (869, 786), (871, 786), (871, 785), (873, 784), (873, 787), (874, 791), (875, 791), (875, 791), (876, 794), (876, 794), (877, 796), (883, 795), (882, 789), (890, 788), (888, 778), (880, 779), (879, 775), (841, 782), (843, 794), (841, 794), (842, 798), (844, 798), (844, 800)],
    '89': [(828, 912), (835, 935), (846, 931), (845, 926), (848, 925), (854, 923), (855, 925), (869, 921), (870, 921), (870, 921), (868, 911), (866, 906), (868, 906), (866, 901)],
    '90': [(997, 1083), (999, 1086), (1001, 1090), (1015, 1082), (1011, 1075)],
    '91': [(574, 956), (575, 959), (590, 954), (589, 951)],
    '92': [(1379, 770), (1389, 771), (1398, 775), (1405, 781), (1410, 787), (1415, 794), (1417, 802), (1418, 811), (1416, 819), (1412, 826), (1414, 828), (1415, 829), (1395, 835), (1395, 834), (1382, 838), (1377, 834), (1377, 834), (1369, 827), (1365, 824), (1361, 824), (1354, 802), (1355, 796), (1359, 789), (1365, 783), (1372, 778), (1380, 776)],
    '93': [(1319, 601), (1326, 623), (1319, 625), (1321, 629), (1327, 627), (1350, 701), (1336, 705), (1313, 631), (1319, 630), (1317, 625), (1315, 626), (1312, 618), (1317, 616), (1314, 607), (1316, 607), (1315, 603)],
    '94': [(1188, 796), (1189, 798), (1187, 798), (1189, 804), (1187, 805), (1189, 812), (1190, 815), (1196, 813), (1225, 806), (1220, 788), (1215, 789), (1213, 790)],
    '95': [(1105, 1193), (1142, 1186), (1144, 1196), (1140, 1196), (1140, 1198), (1144, 1197), (1144, 1199), (1143, 1199), (1143, 1201), (1145, 1201), (1147, 1213), (1152, 1212), (1153, 1220), (1145, 1221), (1143, 1222), (1142, 1222), (1134, 1223), (1134, 1225), (1132, 1225), (1133, 1229), (1134, 1229), (1134, 1230), (1134, 1231), (1136, 1241), (1109, 1246), (1107, 1233), (1109, 1233), (1108, 1231), (1108, 1229), (1107, 1230), (1106, 1228), (1097, 1229), (1097, 1232), (1099, 1241), (1099, 1243), (1100, 1245), (1100, 1246), (1100, 1246), (1099, 1247), (1098, 1247), (1084, 1249), (1078, 1213), (1094, 1211), (1094, 1214), (1097, 1213), (1097, 1213), (1106, 1211), (1106, 1212), (1107, 1212), (1109, 1211), (1108, 1207), (1111, 1206), (1111, 1205), (1107, 1205), (1107, 1204), (1111, 1203), (1110, 1202), (1107, 1202)],
    '96': [(1153, 1206), (1161, 1205), (1168, 1235), (1158, 1237), (1145, 1239), (1143, 1228), (1143, 1228), (1142, 1222), (1143, 1222), (1145, 1221), (1147, 1233), (1155, 1232), (1155, 1231), (1153, 1220), (1152, 1212), (1154, 1212)],
    '97': [(547, 1184), (561, 1179), (567, 1198), (570, 1197), (572, 1206), (545, 1212), (542, 1202), (549, 1200), (550, 1203), (553, 1202)],
    '98': [(518, 1216), (513, 1197), (512, 1196), (519, 1194), (519, 1197), (530, 1193), (528, 1188), (534, 1187), (535, 1188), (542, 1212)],
    '99': [(629, 845), (703, 832), (707, 855), (659, 864), (640, 867), (640, 865), (632, 866), (632, 863), (630, 851)],
    '100': [(337, 902), (338, 906), (336, 907), (337, 919), (338, 918), (339, 924), (359, 921), (358, 918), (367, 917), (369, 921), (374, 917), (375, 919), (378, 920), (380, 918), (381, 916), (379, 898), (377, 898), (377, 897), (370, 897), (370, 900), (349, 903), (349, 901)],
    '101': [(1086, 1101), (1082, 1105), (1083, 1117), (1097, 1116), (1097, 1121), (1108, 1120), (1108, 1117), (1118, 1117), (1118, 1120), (1143, 1118), (1142, 1111), (1139, 1111), (1138, 1108), (1127, 1109), (1126, 1104), (1122, 1104), (1120, 1104), (1118, 1104), (1114, 1104), (1113, 1103), (1098, 1104), (1095, 1102), (1093, 1102), (1090, 1102), (1089, 1101)],
    '102': [(1137, 1094), (1137, 1087), (1133, 1088), (1132, 1085), (1125, 1085), (1124, 1074), (1120, 1074), (1120, 1073), (1111, 1073), (1111, 1075), (1105, 1076), (1102, 1073), (1100, 1055), (1095, 1056), (1095, 1058), (1090, 1058), (1090, 1057), (1082, 1057), (1080, 1060), (1080, 1067), (1083, 1069), (1084, 1069), (1084, 1072), (1086, 1074), (1087, 1088), (1091, 1091), (1097, 1091), (1100, 1088), (1112, 1086), (1113, 1088), (1114, 1096), (1118, 1096), (1120, 1096), (1121, 1095)],
    '103': [(321, 1071), (335, 1069), (338, 1086), (338, 1087), (339, 1088), (334, 1089), (334, 1089), (328, 1090), (328, 1090), (324, 1090)],
    '104': [(1008, 851), (1009, 843), (1022, 845), (1021, 852)],
    '105': [(1952, 869), (1955, 865), (1958, 867), (1958, 866), (1965, 871), (1965, 872), (1966, 873), (1963, 878), (1960, 876), (1961, 875), (1956, 871), (1955, 872)],
    '106': [(1180, 743), (1177, 744), (1153, 750), (1152, 750), (1149, 741), (1150, 740), (1170, 735), (1178, 733), (1179, 736), (1179, 739)],
    '107': [(1705, 868), (1711, 877), (1715, 875), (1719, 873), (1722, 877), (1741, 865), (1739, 861), (1750, 854), (1744, 844), (1710, 865)],
    '108': [(949, 763), (948, 763), (930, 763), (930, 764), (923, 765), (923, 770), (922, 770), (922, 774), (926, 774), (926, 773), (926, 773), (944, 773), (944, 773), (947, 773), (947, 769), (949, 769), (951, 769), (952, 772), (959, 769), (955, 761), (949, 764)],
    '109': [(960, 760), (960, 759), (972, 756), (973, 762), (971, 762), (974, 776), (976, 776), (976, 780), (962, 783), (961, 777), (967, 776), (965, 766), (965, 766), (963, 766), (963, 764), (965, 764), (965, 763), (959, 764), (958, 760)],
    '110': [(1052, 1365), (1060, 1364), (1055, 1338), (1047, 1340), (1051, 1358)],
    '111': [(1035, 1381), (1036, 1389), (1063, 1384), (1061, 1377), (1043, 1380)],
    '112': [(981, 1349), (982, 1357), (1001, 1354), (1009, 1352), (1007, 1345)],
    '113': [(985, 1370), (993, 1368), (994, 1375), (997, 1394), (990, 1395)],
    '114': [(692, 1407), (691, 1400), (717, 1395), (718, 1403), (710, 1404)],
    '115': [(739, 1391), (763, 1387), (764, 1395), (746, 1398), (740, 1399)],
    '116': [(708, 1406), (751, 1399), (752, 1407), (755, 1427), (753, 1428), (712, 1434)],
    '117': [(694, 1421), (702, 1419), (703, 1425), (706, 1444), (698, 1445)],
    '118': [(746, 1429), (751, 1429), (770, 1426), (771, 1433), (748, 1437)],
    '119': [(352, 1363), (378, 1358), (380, 1371), (354, 1376)],
    '120': [(88, 1069), (146, 1060), (150, 1081), (90, 1090)],
    '121': [(1013, 1356), (1018, 1355), (1017, 1354), (1018, 1354), (1019, 1353), (1019, 1355), (1023, 1354), (1023, 1354), (1026, 1353), (1026, 1352), (1028, 1352), (1028, 1354), (1032, 1353), (1032, 1352), (1034, 1352), (1047, 1350), (1046, 1346), (1045, 1346), (1045, 1345), (1043, 1345), (1043, 1344), (1045, 1344), (1044, 1338), (1041, 1339), (1041, 1339), (1041, 1339), (1040, 1339), (1039, 1339), (1039, 1340), (1037, 1341), (1037, 1340), (1034, 1340), (1034, 1341), (1032, 1342), (1032, 1340), (1028, 1340), (1028, 1341), (1026, 1342), (1026, 1343), (1024, 1343), (1024, 1341), (1020, 1342), (1020, 1343), (1018, 1343), (1018, 1344), (1016, 1344), (1016, 1343), (1014, 1344), (1014, 1348), (1011, 1349)],
    '122': [(1035, 1390), (1033, 1379), (1031, 1379), (1031, 1378), (1027, 1379), (1027, 1380), (1026, 1380), (1026, 1380), (1025, 1379), (1022, 1379), (1022, 1380), (1019, 1380), (1019, 1381), (1017, 1382), (1017, 1380), (1013, 1381), (1014, 1381), (1009, 1382), (1009, 1383), (1008, 1383), (1007, 1383), (1004, 1383), (1004, 1381), (999, 1382), (1000, 1389), (1001, 1389), (1002, 1392), (1001, 1392), (1001, 1395), (1009, 1393), (1010, 1395), (1013, 1394), (1013, 1392), (1015, 1392), (1015, 1394), (1019, 1393), (1019, 1392), (1023, 1391), (1023, 1392)],
    '123': [(1691, 1214), (1692, 1216), (1693, 1215), (1695, 1214), (1693, 1212)],
    '124': [(1515, 1039), (1522, 1053), (1530, 1049), (1527, 1042), (1545, 1034), (1541, 1026)],
    '125': [(1616, 500), (1620, 510), (1629, 507), (1632, 505), (1639, 500), (1643, 510), (1641, 514), (1640, 517), (1641, 520), (1630, 525), (1630, 528), (1628, 529), (1619, 532), (1616, 523), (1615, 523), (1612, 516), (1612, 517), (1609, 510), (1610, 509), (1608, 503)],
    '126': [(423, 1002), (425, 1018), (430, 1017), (431, 1021), (447, 1021), (450, 1020), (451, 1027), (452, 1027), (452, 1027), (453, 1037), (464, 1039), (467, 1033), (466, 1025), (467, 1025), (467, 1018), (466, 1016), (462, 975), (443, 977), (443, 979), (444, 981), (446, 1001)],
    '127': [(359, 892), (371, 891), (369, 868), (357, 869)],
    '128': [(331, 806), (333, 823), (371, 819), (369, 802)],
    '129': [(332, 877), (334, 896), (352, 894), (350, 875)],
    '130': [(328, 838), (330, 865), (375, 861), (373, 834)],
    '131': [(545, 1216), (546, 1223), (581, 1217), (584, 1217), (587, 1219), (589, 1221), (591, 1225), (598, 1222), (594, 1215), (591, 1213), (586, 1211), (581, 1209)],
    '132': [(531, 1338), (526, 1339), (526, 1340), (520, 1341), (503, 1241), (513, 1239), (514, 1239), (516, 1250), (521, 1249), (530, 1302), (534, 1326), (534, 1326), (529, 1327)],
    '133': [(519, 1221), (520, 1228), (539, 1224), (541, 1224), (540, 1217)],
    '134': [(434, 1264), (432, 1253), (439, 1252), (442, 1252), (443, 1251), (460, 1350), (449, 1352), (447, 1341), (442, 1342), (429, 1265), (431, 1265)],
    '135': [(802, 921), (806, 933), (806, 934), (807, 937), (810, 936), (806, 922), (805, 920)],
    '136': [(693, 1313), (690, 1314), (682, 1315), (682, 1318), (680, 1319), (679, 1315), (677, 1305), (677, 1303), (686, 1302), (686, 1302), (690, 1302), (690, 1301), (691, 1305), (692, 1305)],
    '137': [(1086, 1192), (1087, 1200), (1087, 1208), (1095, 1207), (1097, 1207), (1097, 1206), (1102, 1205), (1102, 1196), (1101, 1192), (1096, 1193), (1096, 1191)],
    '138': [(810, 1202), (811, 1208), (824, 1206), (823, 1200)],
    '139': [(1033, 1474), (1034, 1481), (1040, 1480), (1055, 1477), (1067, 1475), (1066, 1469), (1065, 1470), (1064, 1469), (1066, 1469), (1065, 1463), (1060, 1464), (1060, 1465), (1059, 1466), (1058, 1465), (1055, 1465), (1055, 1466), (1053, 1467), (1053, 1465), (1050, 1466), (1050, 1467), (1048, 1467), (1048, 1468), (1046, 1468), (1045, 1466), (1042, 1467), (1042, 1468), (1039, 1468), (1039, 1469), (1037, 1469), (1037, 1469), (1035, 1469), (1036, 1473)],
    '140': [(1059, 1505), (1060, 1513), (1086, 1508), (1084, 1500), (1064, 1504)],
    '141': [(1007, 1493), (1012, 1519), (1019, 1518), (1016, 1500), (1015, 1491)],
    '142': [(1069, 1465), (1072, 1483), (1073, 1491), (1082, 1489), (1077, 1463)],
    '143': [(1000, 1410), (1001, 1415), (1002, 1415), (1008, 1446), (1009, 1453), (1010, 1456), (1016, 1455), (1026, 1453), (1032, 1452), (1036, 1452), (1053, 1449), (1066, 1446), (1071, 1446), (1069, 1436), (1067, 1421), (1066, 1416), (1063, 1404), (1063, 1400), (1058, 1400), (1057, 1401), (1031, 1405), (1021, 1407), (1015, 1408), (1001, 1410)],
    '144': [(1021, 1508), (1023, 1519), (1056, 1513), (1054, 1502), (1048, 1503), (1036, 1505)],
    '145': [(1004, 1474), (1005, 1482), (1022, 1479), (1031, 1477), (1029, 1469), (1025, 1470), (1025, 1471), (1019, 1473), (1018, 1471)],
    '146': [(993, 1410), (984, 1412), (985, 1416), (961, 1420), (963, 1432), (957, 1433), (958, 1440), (960, 1440), (963, 1456), (977, 1453), (976, 1446), (983, 1445), (985, 1451), (986, 1461), (1005, 1457), (998, 1415), (994, 1415)],
    '147': [(879, 1394), (883, 1415), (895, 1413), (893, 1401), (899, 1400), (901, 1411), (912, 1409), (910, 1397), (913, 1396), (915, 1406), (926, 1404), (923, 1386)],
    '148': [(492, 1365), (493, 1372), (500, 1371), (499, 1364)],
    '149': [(1057, 722), (1072, 718), (1084, 755), (1082, 756), (1087, 772), (1064, 779), (1053, 744), (1055, 743), (1052, 734), (1060, 732)],
    '150': [(1167, 715), (1167, 717), (1160, 718), (1162, 734), (1169, 733), (1170, 735), (1150, 740), (1150, 740), (1143, 740), (1141, 717), (1148, 716), (1148, 715)],
    '151': [(1199, 598), (1201, 590), (1219, 595), (1220, 594), (1255, 620), (1248, 631), (1224, 612), (1213, 603)],
    '152': [(1245, 748), (1250, 766), (1244, 768), (1243, 766), (1243, 766), (1240, 757), (1234, 758), (1236, 765), (1239, 764), (1241, 773), (1213, 781), (1211, 781), (1203, 784), (1197, 761)],
    '153': [(785, 1446), (788, 1469), (779, 1471), (783, 1495), (772, 1497), (768, 1474), (772, 1474), (768, 1449)],
    '154': [(1068, 1337), (1073, 1364), (1111, 1357), (1110, 1350), (1090, 1353), (1088, 1354), (1087, 1350), (1078, 1352), (1077, 1346), (1088, 1344), (1087, 1334)],
    '155': [(662, 1494), (670, 1493), (671, 1498), (668, 1499), (669, 1504), (675, 1503), (677, 1512), (666, 1514), (666, 1512), (663, 1513), (663, 1514), (653, 1516), (652, 1507), (657, 1506), (657, 1501), (654, 1501), (653, 1496), (657, 1495), (657, 1494), (662, 1493)],
    '156': [(577, 1481), (581, 1507), (597, 1504), (601, 1528), (653, 1519), (649, 1496), (622, 1500), (618, 1474)],
    '157': [(1757, 863), (1746, 885), (1743, 883), (1738, 892), (1748, 897), (1750, 892), (1761, 898), (1774, 871)],
    '158': [(1330, 766), (1330, 766), (1330, 767), (1329, 767), (1327, 783), (1320, 782), (1318, 794), (1325, 795), (1325, 796), (1325, 797), (1326, 797), (1326, 798), (1327, 798), (1333, 799), (1333, 800), (1333, 801), (1333, 801), (1333, 802), (1334, 802), (1334, 802), (1335, 802), (1335, 801), (1335, 801), (1335, 799), (1341, 800), (1342, 800), (1342, 800), (1343, 800), (1344, 799), (1344, 798), (1346, 783), (1356, 784), (1358, 772), (1348, 770), (1348, 769), (1348, 769), (1348, 768), (1347, 768), (1347, 768), (1346, 767), (1340, 767), (1341, 765), (1341, 764), (1340, 764), (1340, 764), (1339, 764), (1339, 764), (1339, 764), (1338, 765), (1338, 766), (1332, 765), (1332, 765), (1331, 765)],
    '159': [(1676, 710), (1680, 718), (1673, 722), (1677, 730), (1634, 749), (1630, 741), (1627, 743), (1587, 760), (1580, 742), (1658, 707), (1662, 716)],
    '160': [(1075, 528), (1066, 544), (1119, 576), (1126, 565), (1129, 560)],
    '161': [(1740, 902), (1741, 923), (1768, 921), (1768, 920), (1774, 920), (1774, 926), (1785, 925), (1784, 906), (1768, 907), (1767, 900)],
    '162': [(1149, 572), (1149, 576), (1154, 576), (1153, 580), (1156, 580), (1156, 582), (1145, 582), (1145, 590), (1155, 591), (1182, 592), (1183, 579), (1180, 579), (1180, 578), (1181, 578), (1181, 574)],
    '163': [(1191, 597), (1185, 606), (1178, 602), (1185, 592)],
    '164': [(1923, 706), (1920, 707), (1921, 710), (1923, 710), (1920, 715), (1937, 722), (1937, 721), (1938, 722), (1937, 725), (1941, 726), (1942, 728), (1944, 729), (1946, 731), (1947, 730), (1950, 732), (1950, 732), (1966, 740), (1972, 727), (1955, 719), (1955, 720), (1954, 720), (1954, 719), (1942, 714), (1941, 715), (1940, 714), (1941, 713)],
    '165': [(1513, 717), (1517, 733), (1564, 722), (1560, 706)],
    '166': [(1598, 441), (1591, 444), (1592, 446), (1591, 447), (1592, 449), (1597, 460), (1603, 471), (1608, 482), (1610, 481), (1611, 484), (1618, 481), (1616, 478), (1617, 478), (1613, 470), (1615, 469), (1613, 465), (1611, 466), (1609, 461), (1611, 460), (1610, 457), (1608, 458), (1606, 454), (1607, 453), (1606, 449), (1604, 450), (1600, 442), (1599, 443)],
    '167': [(1918, 722), (1916, 728), (1919, 730), (1918, 733), (1919, 734), (1917, 738), (1920, 739), (1917, 746), (1932, 752), (1935, 746), (1940, 748), (1940, 749), (1938, 748), (1936, 753), (1938, 753), (1939, 752), (1941, 754), (1941, 755), (1954, 760), (1959, 748), (1944, 742), (1946, 739), (1945, 738), (1945, 737), (1939, 735), (1940, 732)],
    '168': [(1195, 568), (1198, 573), (1195, 574), (1196, 576), (1192, 578), (1191, 576), (1188, 577), (1186, 572)],
    '169': [(1630, 429), (1645, 460), (1631, 466), (1637, 477), (1649, 471), (1648, 469), (1658, 464), (1651, 448), (1640, 425)],
    '170': [(1893, 709), (1885, 726), (1897, 731), (1904, 714), (1901, 713), (1904, 707), (1903, 706), (1904, 704), (1909, 706), (1909, 706), (1910, 706), (1910, 706), (1909, 705), (1910, 705), (1900, 700), (1899, 702), (1901, 703), (1901, 705), (1899, 704), (1896, 711)],
    '171': [(582, 1132), (585, 1131), (586, 1131), (588, 1130), (588, 1132), (582, 1134)],
    '172': [(578, 962), (579, 965), (591, 960), (590, 958)],
    '173': [(1318, 1585), (1306, 1591), (1301, 1582), (1317, 1573), (1314, 1567), (1313, 1564), (1329, 1556), (1324, 1546), (1330, 1543), (1358, 1598), (1351, 1602), (1333, 1568), (1321, 1573), (1333, 1597), (1326, 1600)],
    '174': [(1369, 1589), (1379, 1588), (1378, 1581), (1373, 1581), (1372, 1571), (1377, 1570), (1376, 1554), (1385, 1551), (1383, 1547), (1382, 1545), (1370, 1548), (1365, 1549)],
    '175': [(1314, 1678), (1311, 1648), (1319, 1647), (1319, 1645), (1371, 1641), (1374, 1640), (1374, 1642), (1380, 1642), (1380, 1640), (1383, 1640), (1410, 1637), (1411, 1637), (1411, 1638), (1411, 1639), (1412, 1648), (1386, 1650), (1386, 1648), (1377, 1649), (1362, 1650), (1362, 1653), (1359, 1653), (1324, 1657), (1324, 1661), (1329, 1661), (1329, 1671), (1326, 1671), (1327, 1677), (1323, 1677)],
    '176': [(1914, 845), (1912, 857), (1898, 854), (1896, 845), (1903, 844), (1903, 842)],
    '177': [(1869, 695), (1867, 702), (1879, 706), (1881, 700), (1886, 701), (1888, 695), (1875, 691), (1873, 696)],
    '178': [(1133, 1128), (1133, 1127), (1129, 1127), (1129, 1128), (1128, 1128), (1128, 1130), (1129, 1130), (1129, 1130), (1129, 1130), (1129, 1133), (1130, 1133), (1131, 1134), (1134, 1134), (1134, 1133), (1134, 1132), (1137, 1132), (1141, 1132), (1140, 1127)],
    '179': [(1146, 1184), (1147, 1198), (1158, 1198), (1157, 1193), (1154, 1193), (1154, 1190), (1153, 1188), (1157, 1187), (1156, 1184)],
    '180': [(1133, 1138), (1133, 1143), (1136, 1143), (1137, 1146), (1135, 1146), (1136, 1150), (1138, 1150), (1143, 1149), (1143, 1146), (1142, 1146), (1142, 1144), (1142, 1142), (1144, 1142), (1143, 1138), (1139, 1138), (1139, 1137)],
    '181': [(1902, 829), (1900, 837), (1917, 840), (1918, 834), (1915, 833), (1916, 826)],
    '182': [(1872, 709), (1870, 720), (1860, 718), (1862, 707)],
    '183': [(1133, 1156), (1133, 1161), (1136, 1161), (1136, 1164), (1140, 1164), (1140, 1161), (1140, 1161), (1145, 1161), (1145, 1155), (1143, 1155), (1143, 1154), (1140, 1154), (1140, 1155)],
    '184': [(1134, 1169), (1135, 1174), (1137, 1174), (1137, 1175), (1148, 1174), (1148, 1173), (1148, 1168), (1138, 1169), (1138, 1169)],
    '185': [(875, 799), (879, 825), (887, 824), (903, 821), (906, 820), (909, 818), (911, 816), (913, 813), (914, 810), (913, 807), (913, 802), (911, 793), (907, 794), (904, 795)],
    '186': [(1180, 703), (1181, 707), (1181, 710), (1184, 735), (1184, 738), (1185, 743), (1184, 743), (1184, 744), (1182, 744), (1181, 744), (1181, 745), (1180, 746), (1180, 747), (1180, 748), (1181, 749), (1182, 750), (1182, 750), (1191, 756), (1192, 753), (1193, 750), (1194, 747), (1194, 745), (1194, 743), (1195, 742), (1195, 740), (1208, 739), (1207, 729), (1194, 730), (1190, 702)],
    '187': [(1107, 711), (1100, 710), (1098, 726), (1105, 727)],
    '188': [(857, 803), (858, 811), (861, 810), (864, 824), (867, 823), (867, 822), (870, 821), (869, 814), (873, 813), (872, 809), (874, 809), (873, 802), (869, 803), (869, 801)],
    '189': [(852, 804), (854, 815), (850, 815), (852, 823), (845, 825), (841, 806)],
    '190': [(1003, 981), (1007, 985), (1001, 990), (1000, 989), (995, 991), (994, 987), (993, 984)],
    '191': [(1574, 1691), (1574, 1697), (1576, 1697), (1577, 1707), (1582, 1706), (1580, 1683), (1576, 1683), (1577, 1691)],
    '192': [(1407, 1594), (1410, 1637), (1411, 1637), (1411, 1638), (1431, 1637), (1430, 1630), (1418, 1631), (1417, 1612), (1420, 1611), (1419, 1597), (1416, 1598), (1415, 1597), (1411, 1597), (1411, 1594)],
    '193': [(1530, 1659), (1531, 1675), (1537, 1674), (1536, 1667), (1549, 1666), (1549, 1669), (1552, 1669), (1552, 1668), (1560, 1667), (1568, 1679), (1575, 1675), (1565, 1661), (1553, 1661), (1553, 1658)],
    '194': [(1328, 1731), (1328, 1733), (1326, 1733), (1326, 1742), (1342, 1740), (1341, 1732), (1339, 1732), (1339, 1730)],
    '195': [(1462, 1716), (1463, 1727), (1469, 1727), (1469, 1722), (1481, 1721), (1481, 1728), (1489, 1727), (1488, 1712), (1480, 1713), (1480, 1714)],
    '196': [(1345, 1734), (1346, 1740), (1378, 1737), (1377, 1731), (1371, 1731), (1370, 1717), (1361, 1717), (1362, 1732)],
    '197': [(1411, 1639), (1412, 1648), (1412, 1658), (1404, 1659), (1404, 1664), (1410, 1664), (1411, 1680), (1416, 1679), (1416, 1674), (1434, 1673), (1434, 1666), (1420, 1667), (1419, 1644), (1435, 1642), (1435, 1638)],
    '198': [(1391, 1706), (1393, 1722), (1386, 1723), (1386, 1728), (1399, 1727), (1399, 1725), (1410, 1724), (1411, 1733), (1420, 1732), (1419, 1716), (1402, 1717), (1402, 1722), (1400, 1722), (1398, 1705)],
    '199': [(1520, 1708), (1522, 1725), (1530, 1724), (1529, 1714), (1548, 1712), (1549, 1724), (1555, 1723), (1555, 1722), (1566, 1721), (1565, 1712), (1553, 1714), (1552, 1705), (1537, 1706)],
    '200': [(1511, 1611), (1513, 1612), (1513, 1616), (1514, 1616), (1515, 1634), (1514, 1634), (1514, 1638), (1513, 1639), (1505, 1640), (1504, 1639), (1503, 1635), (1503, 1635), (1502, 1617), (1502, 1617), (1502, 1613), (1503, 1612)],
    '201': [(1436, 1726), (1437, 1731), (1446, 1731), (1446, 1726)],
    '202': [(1374, 1506), (1378, 1505), (1390, 1498), (1394, 1503), (1385, 1509), (1390, 1524), (1386, 1526), (1389, 1535), (1393, 1534), (1396, 1543), (1384, 1546), (1383, 1547), (1382, 1545), (1382, 1544), (1381, 1542), (1384, 1542)],
    '203': [(1324, 1687), (1364, 1684), (1365, 1699), (1360, 1700), (1361, 1704), (1366, 1704), (1366, 1713), (1376, 1712), (1373, 1674), (1364, 1674), (1361, 1675), (1327, 1677), (1323, 1677)],
    '204': [(1364, 1674), (1361, 1675), (1359, 1653), (1362, 1653)],
    '205': [(1333, 1518), (1331, 1502), (1340, 1501), (1340, 1507), (1339, 1507), (1340, 1517)],
    '206': [(1459, 1630), (1460, 1641), (1467, 1640), (1466, 1629)],
    '207': [(1479, 1547), (1476, 1539), (1479, 1539), (1473, 1517), (1457, 1522), (1465, 1551)],
    '208': [(1403, 1688), (1404, 1701), (1380, 1703), (1379, 1690)],
    '209': [(1434, 1632), (1435, 1638), (1435, 1642), (1439, 1642), (1439, 1641), (1447, 1640), (1448, 1655), (1447, 1655), (1447, 1661), (1448, 1661), (1449, 1662), (1457, 1662), (1455, 1631), (1453, 1631), (1452, 1630)],
    '210': [(1383, 1681), (1381, 1662), (1378, 1662), (1377, 1649), (1386, 1648), (1386, 1650), (1387, 1660), (1402, 1658), (1403, 1665), (1389, 1666), (1390, 1671), (1401, 1671), (1402, 1674), (1396, 1674), (1396, 1680)],
    '211': [(1436, 1556), (1451, 1580), (1447, 1582), (1453, 1591), (1441, 1598), (1437, 1593), (1434, 1595), (1426, 1583), (1421, 1586), (1410, 1568), (1423, 1560), (1425, 1563)],
    '212': [(1976, 858), (1976, 855), (1977, 852), (1956, 850), (1956, 853), (1956, 856)],
    '213': [(1974, 937), (1968, 932), (1963, 939), (1969, 943)],
    '214': [(1974, 932), (1982, 922), (1977, 919), (1970, 928)],
    '215': [(2035, 993), (2038, 989), (2048, 998), (2044, 1002)],
    '216': [(2002, 989), (2004, 987), (2005, 987), (2001, 984), (2001, 983), (1995, 978), (1987, 985), (1994, 992), (1997, 988), (1998, 988), (2001, 990)],
    '217': [(2029, 983), (2030, 984), (2034, 980), (2034, 980), (2034, 980), (2022, 965), (2021, 964), (2018, 963), (2015, 966), (2029, 983)],
    '218': [(2022, 992), (2022, 988), (2015, 987), (2015, 991)],
    '219': [(1955, 844), (1956, 843), (1952, 841), (1951, 843)],
    '220': [(2008, 979), (2017, 971), (2018, 970), (2015, 967), (2014, 966), (2005, 974), (2006, 974), (2005, 975), (2002, 977), (2005, 981)],
    '221': [(1958, 843), (1957, 847), (1963, 849), (1965, 847), (1965, 844), (1964, 844), (1964, 843), (1960, 841)],
    '222': [(742, 1546), (745, 1567), (737, 1568), (735, 1568), (735, 1566), (727, 1567), (725, 1559), (728, 1558), (727, 1553), (724, 1553), (723, 1547), (718, 1548), (717, 1547), (715, 1547), (711, 1524), (725, 1522), (725, 1525), (727, 1525), (728, 1531), (727, 1531), (727, 1532), (723, 1532), (723, 1531), (720, 1532), (720, 1533), (721, 1534), (722, 1541), (727, 1541), (729, 1542), (730, 1551), (728, 1552), (729, 1558), (731, 1558), (732, 1565), (734, 1564), (734, 1561), (736, 1561), (733, 1547)],
    '223': [(739, 1519), (742, 1519), (742, 1519), (749, 1518), (749, 1519), (759, 1518), (760, 1520), (761, 1520), (761, 1517), (764, 1517), (778, 1515), (778, 1514), (780, 1513), (780, 1512), (784, 1512), (785, 1520), (782, 1520), (782, 1522), (765, 1525), (764, 1522), (760, 1522), (761, 1526), (743, 1528), (743, 1526), (740, 1527)],
    '224': [(766, 1538), (765, 1530), (762, 1531), (762, 1530), (750, 1532), (750, 1531), (748, 1532), (748, 1533), (745, 1534), (746, 1542)],
    '225': [(737, 1521), (737, 1524), (738, 1524), (738, 1527), (738, 1527), (738, 1531), (739, 1531), (740, 1535), (739, 1535), (739, 1537), (744, 1536), (744, 1542), (743, 1542), (742, 1543), (740, 1543), (740, 1543), (737, 1543), (737, 1543), (732, 1544), (729, 1523), (733, 1522), (732, 1520), (736, 1520), (736, 1521)],
    '226': [(769, 1530), (771, 1538), (785, 1535), (784, 1527)],
    '227': [(794, 1512), (798, 1533), (786, 1535), (785, 1529), (789, 1529), (787, 1513), (788, 1513), (787, 1511), (790, 1511), (791, 1512)],
    '228': [(334, 944), (383, 937), (384, 943), (386, 943), (387, 948), (387, 949), (345, 963), (344, 955), (336, 956)],
    '229': [(801, 879), (799, 865), (798, 862), (792, 863), (791, 864), (793, 880)],
    '230': [(1964, 862), (1970, 863), (1970, 866), (1969, 866), (1964, 865), (1964, 863)],
    '231': [(1945, 838), (1949, 840), (1948, 841), (1944, 839), (1945, 838)],
    '232': [(1979, 915), (1980, 916), (1984, 911), (1982, 910)],
    '233': [(803, 1032), (808, 1031), (809, 1035), (809, 1035), (805, 1037), (804, 1036)],
    '234': [(971, 1353), (948, 1357), (947, 1355), (942, 1356), (944, 1369), (950, 1368), (950, 1367), (963, 1365), (965, 1374), (974, 1373)],
    '235': [(1395, 755), (1398, 771), (1412, 782), (1418, 781), (1412, 752)],
    '236': [(1453, 749), (1457, 760), (1486, 751), (1482, 740)],
    '237': [(1446, 784), (1452, 803), (1463, 800), (1457, 781)],
    '238': [(1343, 752), (1346, 760), (1361, 755), (1358, 747)],
    '239': [(1431, 788), (1437, 808), (1445, 805), (1438, 785)],
    '240': [(1389, 848), (1379, 863), (1385, 867), (1395, 852)],
    '241': [(1294, 792), (1298, 793), (1299, 792), (1297, 792), (1299, 788), (1298, 787), (1300, 783), (1301, 783), (1303, 777), (1312, 781), (1306, 795), (1304, 800), (1303, 811), (1294, 809), (1295, 798), (1297, 798), (1297, 798), (1293, 797)],
    '242': [(1384, 721), (1389, 737), (1398, 734), (1393, 719)],
    '243': [(1451, 825), (1451, 826), (1449, 833), (1463, 837), (1465, 832), (1465, 829), (1466, 829)],
    '244': [(1477, 837), (1480, 826), (1465, 822), (1464, 826), (1467, 827), (1466, 830), (1465, 829), (1465, 832), (1466, 832), (1466, 833), (1467, 833), (1467, 834)],
    '245': [(1429, 840), (1428, 843), (1438, 845), (1438, 841)],
    '246': [(1501, 750), (1504, 760), (1502, 761), (1506, 771), (1505, 780), (1512, 780), (1512, 778), (1513, 778), (1514, 765), (1513, 764), (1515, 763), (1511, 748), (1508, 749), (1507, 748)],
    '247': [(1352, 724), (1359, 747), (1363, 746), (1364, 749), (1370, 748), (1362, 721)],
    '248': [(1492, 761), (1477, 769), (1485, 796), (1503, 790), (1495, 765)],
    '249': [(1385, 699), (1389, 712), (1397, 709), (1393, 696)],
    '250': [(1381, 683), (1384, 693), (1387, 692), (1387, 694), (1394, 691), (1390, 680)],
    '251': [(1599, 634), (1595, 643), (1612, 651), (1625, 664), (1630, 669), (1625, 676), (1628, 679), (1643, 664), (1634, 654), (1633, 655), (1621, 643)],
    '252': [(1577, 640), (1574, 656), (1584, 657), (1587, 642)],
    '253': [(1565, 663), (1563, 674), (1590, 679), (1592, 668)],
    '254': [(1574, 682), (1572, 693), (1576, 694), (1576, 695), (1583, 696), (1583, 695), (1588, 696), (1589, 686), (1585, 685), (1585, 684)],
    '255': [(810, 835), (833, 831), (828, 803), (827, 796), (804, 800), (805, 807)],
    '256': [(1702, 547), (1702, 545), (1703, 544), (1704, 544), (1705, 543), (1706, 543), (1707, 543), (1708, 544), (1709, 545), (1709, 546), (1709, 547), (1709, 548), (1708, 549), (1707, 550), (1706, 550), (1705, 550), (1704, 549), (1703, 549), (1702, 548)],
    '257': [(371, 869), (372, 880), (376, 880), (375, 869)],
    '258': [(335, 828), (334, 824), (371, 820), (371, 824)],
    '259': [(338, 755), (337, 749), (366, 745), (366, 751), (344, 754), (344, 750), (342, 751), (343, 755)],
    '260': [(1357, 1165), (1356, 1173), (1352, 1172), (1353, 1164)],
    '261': [(1421, 1105), (1426, 1102), (1429, 1107), (1425, 1110)],
    '262': [(1621, 1000), (1632, 1001), (1633, 991), (1623, 989)],
    '263': [(966, 1148), (972, 1147), (978, 1146), (978, 1149), (978, 1151), (974, 1152), (967, 1153), (966, 1150)],
    '264': [(855, 1232), (857, 1242), (876, 1238), (874, 1228)],
    '265': [(868, 1243), (869, 1249), (876, 1270), (886, 1267), (878, 1240)],
    '266': [(1084, 1249), (1085, 1250), (1085, 1252), (1145, 1242), (1145, 1239), (1143, 1229), (1143, 1228), (1142, 1222), (1140, 1222), (1134, 1223), (1134, 1225), (1132, 1225), (1133, 1229), (1134, 1229), (1134, 1230), (1134, 1231), (1136, 1241), (1109, 1246), (1107, 1233), (1109, 1233), (1108, 1231), (1108, 1229), (1107, 1230), (1106, 1228), (1097, 1229), (1097, 1232), (1099, 1241), (1100, 1246), (1100, 1246), (1098, 1247)],
    '267': [(1124, 779), (1142, 819), (1147, 816), (1160, 845), (1178, 836), (1179, 838), (1186, 835), (1179, 820), (1176, 822), (1169, 807), (1161, 810), (1155, 796), (1150, 798), (1139, 773)],
    '268': [(1301, 1213), (1303, 1217), (1301, 1218), (1299, 1214)],
    '269': [(1971, 836), (1970, 839), (1978, 841), (1979, 838)],
    '270': [(1970, 839), (1970, 842), (1977, 844), (1978, 841)],
    '271': [(1963, 834), (1970, 837), (1969, 841), (1967, 841), (1961, 839)],
    '272': [(1971, 870), (1975, 871), (1974, 877), (1970, 876)],
    '273': [(400, 1173), (373, 1177), (370, 1153), (381, 1152), (379, 1136), (395, 1134), (395, 1129), (397, 1128), (403, 1127), (406, 1127), (410, 1171), (404, 1172), (403, 1175), (400, 1175)],
    '274': [(901, 1469), (902, 1477), (925, 1473), (924, 1465)],
    '275': [(893, 1457), (894, 1462), (893, 1462), (894, 1467), (899, 1466), (900, 1473), (891, 1475), (887, 1458)],
    '276': [(915, 1437), (936, 1433), (937, 1443), (939, 1442), (940, 1448), (942, 1448), (945, 1467), (937, 1468), (934, 1447), (920, 1450), (922, 1465), (914, 1467), (913, 1462), (916, 1462), (914, 1452), (918, 1452), (917, 1442), (915, 1443), (914, 1438), (915, 1438)],
    '277': [(708, 1302), (709, 1309), (706, 1309), (707, 1313), (718, 1311), (718, 1313), (725, 1310), (726, 1311), (731, 1310), (732, 1309), (733, 1309), (733, 1309), (734, 1309), (739, 1308), (739, 1309), (750, 1305), (751, 1305), (749, 1295), (749, 1294), (743, 1296), (737, 1296), (730, 1297), (728, 1297), (722, 1299), (715, 1300), (712, 1301), (712, 1302)],
    '278': [(1071, 975), (1073, 977), (1069, 980), (1064, 984), (1062, 985), (1060, 982), (1062, 981)],
    '279': [(1046, 945), (1048, 948), (1040, 954), (1038, 955), (1036, 953), (1037, 951)],
    '280': [(794, 924), (798, 923), (802, 921), (806, 933), (780, 941), (775, 925), (789, 921), (790, 923), (794, 921)],
    '281': [(1081, 1053), (1080, 1054), (1077, 1054), (1071, 1055), (1069, 1055), (1065, 1055), (1061, 1059), (1047, 1041), (1049, 1039), (1047, 1037), (1050, 1036), (1054, 1032), (1055, 1034), (1056, 1033), (1063, 1042), (1080, 1041)],
    '282': [(279, 953), (281, 964), (279, 965), (284, 995), (293, 993), (293, 992), (296, 991), (296, 992), (327, 987), (327, 986), (325, 975), (330, 974), (328, 958), (326, 945)],
    '283': [(853, 1405), (859, 1404), (860, 1405), (861, 1405), (863, 1417), (854, 1418), (852, 1406), (853, 1406)],
    '284': [(926, 1391), (933, 1389), (936, 1404), (928, 1405)],
    '285': [(932, 1381), (933, 1387), (926, 1388), (925, 1382)],
    '286': [(863, 1396), (875, 1394), (879, 1416), (867, 1418)],
    '287': [(930, 1372), (932, 1380), (924, 1381), (923, 1373)],
    '288': [(1734, 834), (1739, 831), (1725, 808), (1719, 811), (1721, 813), (1716, 816), (1713, 810), (1709, 812), (1723, 834), (1731, 829)],
    '289': [(1654, 792), (1654, 798), (1654, 805), (1667, 805), (1667, 792), (1661, 792)],
    '290': [(1718, 828), (1721, 834), (1718, 836), (1714, 831)],
    '291': [(1730, 835), (1733, 841), (1727, 844), (1724, 839)],
    '292': [(820, 784), (824, 783), (825, 784), (825, 784), (826, 794), (803, 798), (800, 788), (801, 788), (801, 787), (805, 786), (805, 786), (820, 783)],
    '293': [(1248, 514), (1253, 524), (1249, 526), (1249, 527), (1246, 529), (1243, 523), (1246, 521), (1243, 516)],
    '294': [(1103, 588), (1094, 588), (1094, 584), (1103, 584)],
    '295': [(1272, 566), (1274, 566), (1273, 576), (1271, 576)],
    '296': [(1298, 575), (1306, 577), (1305, 579), (1297, 577)],
    '297': [(1092, 722), (1095, 721), (1100, 730), (1096, 732)],
    '298': [(1275, 579), (1285, 580), (1285, 581), (1275, 580)],
    '299': [(1709, 457), (1714, 459), (1712, 464), (1707, 462)],
    '300': [(1203, 626), (1214, 622), (1216, 627), (1205, 631)],
    '301': [(1240, 509), (1245, 506), (1247, 510), (1242, 513)],
    '302': [(1073, 575), (1072, 569), (1075, 569), (1075, 568), (1080, 568), (1080, 569), (1082, 569), (1082, 575)],
    '303': [(1275, 567), (1277, 567), (1276, 577), (1274, 577)],
    '304': [(1306, 584), (1308, 578), (1311, 579), (1308, 585)],
    '305': [(1696, 742), (1674, 752), (1649, 758), (1647, 750), (1671, 744), (1677, 741), (1675, 737), (1683, 733), (1684, 735), (1691, 732)],
    '306': [(1277, 583), (1278, 581), (1285, 585), (1284, 587)],
    '307': [(1290, 580), (1292, 580), (1291, 591), (1289, 591)],
    '308': [(1716, 459), (1721, 462), (1719, 467), (1713, 465)],
    '309': [(1160, 718), (1167, 717), (1169, 733), (1162, 734)],
    '310': [(1332, 578), (1333, 578), (1346, 580), (1346, 584), (1347, 584), (1347, 588), (1332, 586), (1331, 586), (1331, 582)],
    '311': [(1715, 447), (1721, 450), (1719, 455), (1713, 453)],
    '312': [(1157, 653), (1159, 657), (1150, 663), (1148, 659)],
    '313': [(1238, 506), (1237, 506), (1237, 505), (1236, 504), (1236, 503), (1237, 501), (1238, 501), (1239, 500), (1240, 500), (1241, 500), (1242, 501), (1243, 502), (1243, 503), (1243, 504), (1242, 505), (1242, 506), (1241, 506), (1240, 507), (1239, 507)],
    '314': [(1052, 575), (1052, 568), (1054, 568), (1054, 567), (1059, 567), (1059, 568), (1061, 568), (1061, 575)],
    '315': [(1259, 537), (1260, 534), (1278, 536), (1278, 540)],
    '316': [(1100, 575), (1104, 569), (1114, 575), (1110, 581)],
    '317': [(1503, 723), (1507, 721), (1510, 733), (1506, 734)],
    '318': [(1276, 577), (1277, 573), (1287, 574), (1287, 579)],
    '319': [(1294, 591), (1294, 586), (1303, 586), (1303, 590)],
    '320': [(1093, 707), (1097, 708), (1095, 720), (1091, 719)],
    '321': [(1265, 557), (1266, 554), (1267, 546), (1273, 547), (1273, 548), (1283, 550), (1284, 547), (1277, 546), (1278, 541), (1283, 541), (1283, 539), (1301, 542), (1301, 544), (1310, 545), (1310, 547), (1313, 548), (1313, 553), (1318, 553), (1319, 546), (1350, 551), (1349, 555), (1345, 554), (1345, 558), (1348, 558), (1348, 562), (1350, 562), (1349, 571), (1331, 569), (1331, 567), (1326, 566), (1326, 568), (1300, 564), (1300, 562), (1290, 560), (1289, 564), (1274, 562), (1275, 558), (1268, 557)],
    '322': [(1694, 452), (1696, 460), (1684, 462), (1682, 455)],
    '323': [(1160, 655), (1159, 653), (1164, 650), (1165, 651)],
    '324': [(1251, 602), (1268, 620), (1263, 624), (1256, 616), (1256, 616), (1247, 606)],
    '325': [(1192, 627), (1196, 638), (1181, 643), (1177, 632)],
    '326': [(1066, 875), (1053, 862), (1052, 863), (1034, 845), (1036, 844), (1035, 842), (1034, 843), (1034, 843), (1033, 844), (995, 828), (997, 824), (996, 823), (998, 820), (1001, 821), (1000, 822), (1005, 823), (1005, 822), (1022, 830), (1022, 831), (1028, 834), (1028, 833), (1031, 834), (1031, 835), (1035, 837), (1035, 836), (1037, 837), (1036, 839), (1037, 840), (1038, 841), (1041, 839), (1044, 842), (1045, 841), (1050, 846), (1049, 847), (1053, 851), (1052, 852), (1057, 857), (1059, 856), (1068, 865), (1067, 865), (1070, 872), (1071, 875), (1075, 885), (1073, 885), (1074, 889), (1078, 888), (1084, 908), (1076, 910), (1073, 902), (1072, 902), (1066, 879), (1067, 879), (1066, 876)],
    '327': [(1061, 899), (1073, 911), (1069, 915), (1068, 914), (1066, 916), (1056, 906), (1058, 904), (1057, 903)],
    '328': [(1000, 860), (1003, 863), (1021, 869), (1021, 868), (1026, 870), (1032, 871), (1032, 869), (1046, 872), (1045, 873), (1048, 874), (1049, 868), (1056, 870), (1049, 907), (1041, 905), (1047, 875), (1045, 875), (1044, 878), (1025, 875), (1022, 890), (1014, 889), (1017, 873), (1007, 870), (999, 883), (992, 878), (1000, 865), (998, 863), (996, 865), (979, 852), (982, 848), (980, 847), (984, 843), (994, 852), (997, 848), (1000, 850), (998, 852), (1003, 856)],
    '329': [(1000, 900), (1001, 896), (1002, 892), (1014, 894), (1013, 902)],
    '330': [(1898, 368), (1899, 372), (1897, 372), (1896, 368)],
    '331': [(1676, 815), (1675, 814), (1678, 812), (1679, 813)],
    '332': [(1967, 755), (1970, 756), (1965, 767), (1962, 766)],
    '333': [(1885, 420), (1889, 419), (1890, 423), (1886, 423)],
    '334': [(1640, 807), (1644, 807), (1644, 809), (1640, 809)],
    '335': [(1803, 828), (1810, 824), (1811, 826), (1805, 831)],
    '336': [(1784, 613), (1783, 612), (1783, 611), (1783, 610), (1784, 609), (1785, 609), (1786, 608), (1787, 608), (1788, 609), (1789, 609), (1789, 610), (1790, 611), (1789, 612), (1789, 613), (1788, 614), (1787, 614), (1786, 615), (1785, 614), (1784, 614)],
    '337': [(1856, 319), (1860, 315), (1868, 326), (1864, 330)],
    '338': [(1643, 794), (1648, 794), (1648, 798), (1643, 798)],
    '339': [(1675, 814), (1674, 813), (1677, 810), (1678, 811)],
    '340': [(1931, 757), (1950, 765), (1952, 766), (1951, 769), (1930, 759)],
    '341': [(1895, 376), (1911, 378), (1915, 380), (1914, 387), (1893, 384)],
    '342': [(1696, 815), (1702, 814), (1703, 822), (1697, 822)],
    '343': [(1891, 445), (1907, 442), (1908, 445), (1904, 446), (1905, 447), (1901, 448), (1900, 447), (1892, 448)],
    '344': [(1672, 813), (1675, 810), (1676, 811), (1673, 814)],
    '345': [(1967, 772), (1971, 771), (1975, 786), (1972, 787)],
    '346': [(1680, 819), (1678, 816), (1680, 814), (1681, 815), (1680, 816), (1681, 817)],
    '347': [(1891, 438), (1907, 435), (1908, 438), (1904, 439), (1905, 440), (1901, 441), (1900, 440), (1892, 441)],
    '348': [(1671, 811), (1674, 808), (1675, 809), (1672, 812)],
    '349': [(2130, 774), (2134, 774), (2133, 778), (2130, 778)],
    '350': [(1640, 805), (1644, 805), (1644, 807), (1640, 807)],
    '351': [(1677, 816), (1676, 815), (1679, 813), (1680, 814)],
    '352': [(1968, 749), (1972, 740), (1976, 742), (1973, 750)],
    '353': [(1893, 433), (1907, 429), (1908, 433), (1904, 434), (1905, 435), (1901, 436), (1901, 435), (1893, 436)],
    '354': [(1645, 808), (1649, 808), (1649, 809), (1645, 809)],
    '355': [(1957, 828), (1956, 822), (1959, 822), (1960, 827)],
    '356': [(1865, 318), (1871, 313), (1877, 322), (1871, 326)],
    '357': [(1640, 794), (1642, 794), (1642, 805), (1640, 805)],
    '358': [(1662, 974), (1669, 977), (1667, 981), (1660, 978)],
    '359': [(1776, 941), (1786, 937), (1788, 941), (1778, 945)],
    '360': [(1656, 941), (1658, 942), (1659, 941), (1660, 942), (1659, 943), (1661, 944), (1660, 946), (1655, 942)],
    '361': [(1662, 889), (1677, 895), (1676, 899), (1660, 892)],
    '362': [(1663, 941), (1683, 949), (1682, 952), (1684, 952), (1683, 955), (1661, 946)],
    '363': [(1679, 934), (1687, 936), (1686, 940), (1677, 938), (1678, 937), (1676, 936), (1676, 936), (1676, 936), (1676, 934), (1677, 934), (1677, 934), (1678, 934)],
    '364': [(1669, 960), (1676, 963), (1675, 965), (1673, 963), (1672, 964), (1669, 963), (1669, 962), (1668, 962)],
    '365': [(2009, 980), (2016, 974), (2019, 978), (2012, 984)],
    '366': [(1678, 963), (1687, 967), (1684, 973), (1675, 970)],
    '367': [(2045, 1004), (2050, 999), (2053, 1003), (2049, 1007)],
    '368': [(1905, 868), (1905, 866), (1909, 867), (1909, 869)],
    '369': [(676, 1333), (681, 1361), (682, 1361), (684, 1383), (703, 1380), (702, 1371), (692, 1373), (690, 1361), (699, 1360), (698, 1357), (699, 1357), (699, 1355), (707, 1353), (705, 1338), (706, 1338), (704, 1329)],
    '370': [(439, 1356), (439, 1355), (439, 1355), (440, 1354), (441, 1354), (442, 1355), (442, 1356), (442, 1357), (441, 1357), (440, 1358), (440, 1358), (439, 1357)],
    '371': [(454, 1372), (480, 1368), (481, 1374), (456, 1379)],
    '372': [(460, 1414), (455, 1383), (459, 1382), (460, 1388), (462, 1388), (466, 1409), (464, 1409), (465, 1413)],
    '373': [(1979, 980), (1984, 978), (1985, 983), (1980, 985)],
    '374': [(1967, 844), (1973, 847), (1972, 849), (1966, 847)],
    '375': [(1972, 867), (1976, 867), (1975, 870), (1971, 870)],
    '376': [(1962, 863), (1964, 863), (1964, 865), (1962, 865)],
    '377': [(792, 1551), (794, 1559), (776, 1562), (775, 1554), (788, 1552), (787, 1550), (780, 1551), (778, 1539), (786, 1538), (787, 1540), (790, 1539), (792, 1549), (793, 1549), (794, 1551)],
    '378': [(1346, 708), (1354, 705), (1354, 707), (1357, 707), (1359, 711), (1356, 712), (1358, 718), (1350, 720)],
    '379': [(1224, 684), (1224, 700), (1272, 710), (1274, 698), (1278, 698), (1278, 684), (1243, 685), (1244, 683), (1237, 681), (1237, 685)],
    '380': [(1266, 657), (1271, 673), (1281, 670), (1276, 654)],
    '381': [(1358, 838), (1357, 837), (1354, 840), (1355, 842), (1351, 846), (1363, 858), (1382, 838), (1377, 834), (1377, 834), (1369, 827)],
    '382': [(1354, 802), (1338, 807), (1345, 829), (1361, 824)],
    '383': [(1007, 1372), (1011, 1371), (1010, 1366), (1006, 1367)],
    '384': [(519, 1232), (520, 1235), (518, 1236), (518, 1232)],
    '385': [(1451, 1554), (1454, 1564), (1447, 1566), (1444, 1556)],
    '386': [(1558, 699), (1520, 708), (1519, 703), (1557, 693)],
    '387': [(504, 744), (504, 748), (500, 749), (499, 744)],
    '388': [(1529, 768), (1533, 769), (1530, 776), (1526, 774)],
    '389': [(1420, 813), (1420, 813), (1423, 812), (1419, 799), (1423, 797), (1428, 811), (1424, 812), (1430, 815), (1432, 817), (1427, 827), (1425, 827), (1415, 822)],
    '390': [(1314, 641), (1317, 651), (1312, 652), (1309, 642)],
    '391': [(1406, 744), (1406, 746), (1405, 746), (1405, 747), (1399, 748), (1398, 745)],
    '392': [(496, 745), (496, 751), (497, 751), (497, 753), (491, 753), (491, 752), (488, 752), (488, 751), (489, 751), (489, 749), (485, 749), (485, 746), (489, 746), (489, 746)],
    '393': [(1136, 841), (1137, 840), (1136, 837), (1135, 838)],
    '394': [(1252, 756), (1255, 755), (1255, 758), (1253, 759)],
    '395': [(1073, 575), (1064, 575), (1064, 568), (1065, 568), (1065, 567), (1070, 567), (1070, 568), (1072, 568), (1072, 569)],
    '396': [(1082, 575), (1091, 575), (1091, 568), (1089, 568), (1089, 567), (1084, 567), (1084, 568), (1082, 568), (1082, 569)],
    '397': [(1185, 580), (1198, 581), (1196, 593), (1191, 592), (1191, 592), (1184, 591)],
    '398': [(1841, 696), (1853, 699), (1846, 729), (1836, 727), (1838, 723), (1836, 722)],
    '399': [(1838, 692), (1836, 690), (1844, 676), (1847, 678)],
    '400': [(1211, 781), (1213, 781), (1215, 789), (1213, 790)],
    '401': [(1889, 777), (1887, 778), (1890, 780), (1891, 779)],
    '402': [(1147, 705), (1176, 704), (1176, 707), (1176, 710), (1176, 714), (1167, 715), (1148, 715), (1147, 716), (1147, 715), (1147, 715), (1146, 706), (1147, 706)],
    '403': [(1153, 750), (1153, 751), (1146, 753), (1153, 771), (1155, 773), (1167, 768), (1167, 768), (1169, 767), (1170, 769), (1179, 764), (1182, 758), (1177, 744)],
    '404': [(1176, 707), (1181, 707), (1181, 710), (1176, 710)],
    '405': [(1179, 736), (1184, 735), (1184, 738), (1179, 739)],
    '406': [(1395, 840), (1397, 847), (1406, 844), (1406, 844), (1414, 842), (1414, 842), (1416, 841), (1415, 838), (1416, 838), (1414, 834)],
    '407': [(1635, 709), (1646, 704), (1648, 708), (1637, 713)],
    '408': [(1536, 797), (1541, 794), (1546, 801), (1547, 803), (1546, 804), (1542, 806)],
    '409': [(1536, 776), (1540, 777), (1538, 781), (1537, 780), (1536, 784), (1533, 782), (1534, 780)],
    '410': [(1084, 744), (1085, 749), (1088, 748), (1087, 744)],
    '411': [(1091, 742), (1090, 743), (1091, 747), (1093, 746), (1093, 746), (1094, 745)],
    '412': [(1449, 833), (1445, 831), (1444, 829), (1446, 824), (1450, 825), (1450, 826), (1451, 826)],
    '413': [(1543, 825), (1547, 822), (1550, 826), (1547, 829)],
    '414': [(1723, 451), (1729, 453), (1726, 458), (1721, 456)],
    '415': [(1723, 460), (1730, 462), (1728, 467), (1722, 465)],
    '416': [(1738, 408), (1747, 404), (1750, 412), (1742, 415)],
    '417': [(1800, 396), (1805, 386), (1799, 383), (1794, 393)],
    '418': [(1796, 330), (1801, 334), (1796, 340), (1797, 341), (1791, 349), (1784, 343)],
    '419': [(1027, 1492), (1028, 1497), (1031, 1496), (1031, 1492)],
    '420': [(1046, 1490), (1046, 1492), (1052, 1492), (1051, 1488)],
    '421': [(1024, 1365), (1025, 1367), (1031, 1367), (1030, 1363)],
    '422': [(1558, 685), (1557, 684), (1556, 683), (1556, 682), (1556, 681), (1557, 680), (1558, 679), (1559, 679), (1560, 679), (1561, 679), (1562, 680), (1563, 681), (1563, 682), (1563, 683), (1562, 684), (1562, 685), (1561, 685), (1560, 685), (1559, 685)],
    '423': [(325, 1152), (323, 1182), (327, 1181), (328, 1184), (373, 1177), (370, 1153), (359, 1155), (358, 1152), (348, 1153), (348, 1149)],
    '424': [(479, 1413), (479, 1417), (478, 1417), (477, 1414)],
    '425': [(1198, 1097), (1200, 1093), (1200, 1093), (1203, 1094), (1200, 1098)],
    '426': [(1140, 1009), (1175, 1050), (1180, 1055), (1183, 1060), (1185, 1060), (1188, 1065), (1188, 1065), (1160, 1089), (1151, 1079), (1111, 1033), (1111, 1032), (1136, 1010), (1138, 1010)],
    '427': [(1048, 913), (1050, 915), (1047, 918), (1045, 915)],
    '428': [(1033, 932), (1031, 933), (1035, 938), (1037, 937)],
    '429': [(1030, 909), (1027, 910), (1032, 916), (1032, 916), (1031, 917), (1038, 925), (1039, 926), (1040, 927), (1044, 924), (1045, 923), (1045, 923), (1041, 917), (1037, 913), (1036, 914), (1035, 913), (1033, 911), (1032, 912)],
    '430': [(392, 991), (360, 996), (369, 1043), (397, 1038)],
    '431': [(372, 1321), (395, 1317), (397, 1319), (403, 1334), (405, 1341), (404, 1341), (386, 1344), (390, 1370), (380, 1371), (378, 1358), (376, 1346)],
    '432': [(860, 1189), (861, 1192), (859, 1193), (860, 1197), (860, 1198), (855, 1199), (855, 1198), (854, 1194), (852, 1194), (852, 1191)],
    '433': [(943, 966), (943, 968), (947, 968), (946, 965)],
    '434': [(1118, 1096), (1118, 1100), (1118, 1104), (1120, 1104), (1122, 1104), (1121, 1100), (1121, 1095), (1119, 1096)],
    '435': [(808, 1291), (809, 1296), (813, 1295), (813, 1290)],
    '436': [(441, 1214), (440, 1211), (462, 1208), (463, 1208), (470, 1207), (471, 1206), (488, 1203), (488, 1201), (490, 1201), (490, 1200), (499, 1199), (504, 1228), (502, 1228), (502, 1232), (491, 1234), (490, 1229), (501, 1227), (497, 1204)],
    '437': [(785, 1446), (784, 1444), (787, 1444), (788, 1445), (792, 1466), (795, 1465), (796, 1469), (789, 1470), (788, 1469)],
    '438': [(1023, 1237), (1024, 1237), (1026, 1237), (1026, 1237), (1026, 1239), (1029, 1255), (1030, 1259), (1027, 1260), (1027, 1259), (1025, 1252)],
    '439': [(728, 1019), (729, 1021), (724, 1022), (723, 1020)],
    '440': [(498, 1012), (498, 1012), (498, 1013), (499, 1014), (500, 1014), (501, 1013), (501, 1011), (500, 1010), (499, 1011)],
    '441': [(732, 1018), (733, 1023), (732, 1023), (730, 1018)],
    '442': [(1445, 779), (1453, 776), (1447, 756), (1439, 758)],
    '443': [(1587, 703), (1592, 701), (1591, 698), (1585, 700)],
    '444': [(1912, 1343), (1921, 1339), (1922, 1341), (1913, 1345)],
    '445': [(569, 1200), (563, 1202), (565, 1207), (570, 1205)],
    '446': [(965, 1023), (965, 1025), (967, 1024), (967, 1022)],
    '447': [(1120, 1235), (1120, 1236), (1123, 1235), (1123, 1235)],
    '448': [(1068, 1446), (1068, 1448), (1071, 1448), (1071, 1448), (1070, 1446)],
    '449': [(1078, 1095), (1078, 1092), (1076, 1090), (1074, 1090), (1073, 1090), (1073, 1083), (1075, 1083), (1074, 1075), (1073, 1075), (1073, 1070), (1071, 1068), (1068, 1068), (1067, 1070), (1067, 1073), (1069, 1075), (1069, 1075), (1061, 1076), (1061, 1079), (1060, 1079), (1061, 1082), (1061, 1082), (1062, 1084), (1063, 1084), (1064, 1096), (1063, 1096), (1063, 1100), (1065, 1100), (1065, 1100), (1075, 1099), (1077, 1097)],
    '450': [(952, 882), (960, 890), (957, 893), (952, 887), (949, 885)],
    '451': [(426, 1274), (426, 1274), (426, 1273), (426, 1273), (426, 1273), (426, 1273), (425, 1272), (425, 1273), (425, 1273), (424, 1273), (424, 1273), (424, 1274), (424, 1274), (424, 1274), (425, 1275), (425, 1275), (426, 1275), (426, 1275), (426, 1274)],
    '452': [(810, 1101), (802, 1103), (771, 1112), (773, 1119), (776, 1118), (782, 1139), (780, 1139), (782, 1147), (791, 1144), (813, 1137), (821, 1135), (819, 1126), (816, 1127), (810, 1107), (812, 1107)],
    '453': [(585, 941), (606, 937), (570, 901), (537, 907), (536, 914), (536, 918), (534, 923), (533, 925), (531, 927), (529, 927), (526, 925), (524, 922), (522, 917), (520, 912), (501, 917), (513, 951), (563, 945), (562, 943), (561, 939), (560, 935), (560, 931), (561, 927), (564, 926), (566, 925), (569, 926), (573, 928), (577, 931), (580, 935)],
    '454': [(671, 1140), (674, 1150), (682, 1175), (672, 1178), (665, 1153), (644, 1159), (635, 1162), (632, 1152), (641, 1149)],
}
