BUILDING_POLY = {
    '00': [(1619, 1659), (1607, 1630), (1626, 1621), (1634, 1639), (1722, 1599), (1714, 1581), (1750, 1566), (1814, 1538), (1815, 1539), (1822, 1537), (1861, 1595), (1855, 1599), (1707, 1663), (1652, 1686), (1636, 1651)],
    '01': [(1619, 1177), (1432, 1260), (1406, 1203), (1592, 1120)],
    '02': [(1276, 1360), (1381, 1650), (1644, 1534), (1628, 1498), (1606, 1455), (1587, 1415), (1574, 1389), (1697, 1329), (1675, 1284), (1554, 1344), (1521, 1360), (1505, 1329), (1496, 1310), (1650, 1234), (1626, 1191), (1473, 1265), (1374, 1313), (1306, 1345), (1277, 1257), (1244, 1270)],
    '03': [(1123, 1785), (1082, 1801), (1101, 1852), (1043, 1874), (1006, 1886), (1011, 1901), (1030, 1893), (1031, 1896), (1004, 1908), (973, 1924), (964, 1900), (976, 1895), (970, 1879), (995, 1869), (990, 1854), (953, 1867), (947, 1853), (933, 1816), (937, 1814), (929, 1797), (1056, 1748), (1052, 1738), (1099, 1720)],
    '04': [(717, 1616), (712, 1618), (665, 1529), (663, 1528), (665, 1521), (668, 1512), (670, 1513), (711, 1492), (754, 1597)],
    '05': [(1055, 932), (1166, 882), (1166, 881), (1186, 872), (1162, 816), (1066, 856), (1029, 763), (893, 817), (883, 792), (1019, 738), (1072, 716), (1077, 728), (1094, 721), (1098, 731), (1100, 720), (1151, 700), (1164, 729), (1162, 729), (1166, 736), (1235, 708), (1325, 671), (1326, 674), (1334, 670), (1352, 706), (1390, 773), (1417, 828), (1411, 831), (1304, 881), (1287, 839), (1352, 809), (1343, 793), (1335, 780), (1316, 790), (1296, 751), (1266, 764), (1270, 772), (1229, 789), (1276, 894), (1209, 924), (1209, 924), (1203, 911), (1186, 917), (1192, 931), (1195, 930), (1215, 973), (1204, 978), (1211, 995), (1216, 993), (1250, 1073), (1232, 1082), (1225, 1064), (1191, 984), (1190, 985), (1171, 940), (1108, 969), (1077, 983)],
    '06': [(1287, 1677), (1123, 1740), (1079, 1625), (888, 1698), (894, 1714), (787, 1757), (717, 1616), (754, 1597), (711, 1492), (711, 1491), (721, 1486), (721, 1486), (772, 1461), (770, 1454), (1049, 1346), (1182, 1296), (1203, 1351), (1214, 1346), (1243, 1421), (1232, 1425), (1279, 1548), (1245, 1562), (1245, 1562), (1243, 1563)],
    '07': [(667, 1370), (648, 1325), (637, 1298), (626, 1274), (606, 1225), (591, 1189), (584, 1178), (642, 1152), (709, 1312), (715, 1309), (730, 1344), (723, 1347)],
    '08': [(1194, 669), (1305, 625), (1311, 622), (1333, 668), (1325, 671), (1235, 708), (1233, 703), (1210, 711), (1204, 693), (1225, 683), (1224, 680), (1201, 688)],
    '09': [(374, 840), (432, 822), (435, 830), (518, 804), (526, 828), (568, 816), (573, 832), (448, 870), (453, 887), (384, 906), (384, 906), (361, 847), (375, 842)],
    '10': [(1280, 992), (1249, 1006), (1212, 924), (1209, 924), (1276, 894), (1276, 894), (1307, 881), (1411, 831), (1413, 834), (1419, 831), (1427, 845), (1460, 906)],
    '11': [(947, 321), (924, 331), (900, 343), (772, 396), (768, 385), (770, 384), (755, 346), (845, 308), (842, 301), (858, 294), (848, 270), (867, 262), (880, 295), (909, 283), (938, 274), (953, 311), (952, 320)],
    '12': [(1451, 1701), (1412, 1719), (1434, 1775), (1440, 1773), (1440, 1776), (1401, 1793), (1399, 1794), (1398, 1793), (1404, 1791), (1382, 1733), (1379, 1735), (1378, 1733), (1404, 1723), (1385, 1680), (1450, 1654), (1451, 1655), (1451, 1655), (1452, 1655), (1451, 1654), (1609, 1584), (1626, 1621), (1607, 1630), (1619, 1659), (1463, 1727), (1454, 1707)],
    '13': [(516, 1082), (504, 1049), (553, 1032), (564, 1064)],
    '14': [(955, 1711), (1067, 1667), (1080, 1699), (968, 1743)],
    '15': [(1606, 1455), (1587, 1415), (1713, 1356), (1733, 1393), (1727, 1397)],
    '16': [(593, 892), (402, 952), (384, 906), (453, 887), (448, 870), (573, 832)],
    '17': [(787, 1757), (894, 1714), (903, 1711), (921, 1759), (812, 1804), (787, 1758)],
    '18': [(947, 1853), (953, 1867), (953, 1869), (866, 1907), (843, 1861), (933, 1816)],
    '19': [(1147, 1893), (1167, 1956), (1124, 1964), (1091, 1872), (1132, 1858), (1135, 1856)],
    '20': [(656, 196), (619, 100), (654, 82), (697, 185), (715, 229), (676, 245)],
    '21': [(1147, 1893), (1135, 1856), (1139, 1855), (1122, 1803), (1163, 1789), (1194, 1876)],
    '22': [(996, 307), (983, 275), (1136, 209), (1151, 245), (1048, 286)],
    '23': [(933, 1816), (843, 1861), (822, 1823), (905, 1784), (906, 1787), (929, 1797), (937, 1814)],
    '24': [(1733, 1529), (1750, 1566), (1714, 1581), (1713, 1581), (1633, 1617), (1617, 1580), (1669, 1558)],
    '25': [(585, 146), (592, 143), (583, 118), (619, 100), (656, 196), (619, 212), (609, 185), (601, 187)],
    '26': [(569, 125), (578, 149), (585, 146), (601, 187), (594, 190), (598, 202), (520, 230), (494, 165)],
    '27': [(866, 1907), (953, 1869), (964, 1900), (924, 1917), (928, 1928), (878, 1949), (877, 1948), (885, 1943)],
    '28': [(1086, 1874), (1091, 1872), (1124, 1964), (1082, 1972), (1081, 1971), (1080, 1971), (1080, 1973), (1078, 1973), (1045, 1890)],
    '29': [(732, 1384), (681, 1404), (667, 1370), (723, 1347), (736, 1382), (735, 1382), (736, 1383), (732, 1384), (732, 1384)],
    '30': [(1016, 566), (712, 660), (842, 989), (873, 975), (907, 961), (913, 974), (985, 943), (989, 951), (1052, 925), (1055, 932), (1077, 983), (1108, 969), (1119, 995), (1177, 971), (1217, 1067), (1200, 1074), (1203, 1081), (1199, 1092), (1183, 1098), (1173, 1094), (1170, 1086), (1153, 1093), (1147, 1079), (1040, 1123), (1052, 1150), (914, 1208), (903, 1181), (795, 1226), (801, 1241), (785, 1248), (788, 1255), (783, 1266), (768, 1272), (758, 1268), (756, 1262), (755, 1260), (738, 1267), (700, 1175), (718, 1168), (707, 1163), (698, 1145), (705, 1119), (728, 1108), (737, 1112), (708, 1043), (676, 1030), (692, 988), (707, 993), (677, 918), (595, 705), (539, 726), (538, 723), (533, 725), (517, 677), (583, 652), (587, 663), (630, 646), (630, 645), (648, 637), (649, 639), (684, 625), (678, 604), (688, 600), (681, 576), (667, 574), (671, 547), (654, 500), (640, 500), (646, 472), (639, 449), (609, 459), (608, 457), (602, 459), (580, 388), (665, 357), (644, 293), (650, 291), (619, 212), (656, 196), (676, 245), (689, 277), (732, 397), (737, 412), (731, 415), (731, 417), (656, 443), (664, 464), (677, 467), (671, 493), (690, 539), (706, 548), (703, 572), (710, 594), (1001, 501), (1016, 540), (1006, 544)],
    '31': [(1292, 580), (1285, 583), (1203, 614), (1171, 626), (1172, 627), (1075, 665), (1094, 711), (1194, 669), (1305, 625), (1304, 623), (1310, 621), (1298, 594)],
    '32': [(1016, 540), (1006, 544), (1016, 566), (1039, 617), (1144, 575), (1154, 598), (1177, 592), (1178, 595), (1194, 591), (1203, 614), (1285, 583), (1285, 582), (1291, 579), (1255, 488), (1242, 456), (1241, 453)],
    '33': [(564, 642), (648, 618), (625, 538), (541, 562)],
    '34': [(1018, 791), (1036, 784), (1044, 807), (1027, 814)],
    '35': [(800, 426), (812, 422), (808, 413), (872, 391), (875, 400), (960, 369), (956, 356), (970, 351), (968, 346), (980, 342), (981, 347), (1031, 329), (1031, 331), (1061, 320), (1048, 286), (1151, 245), (1191, 341), (1185, 344), (1085, 381), (1067, 336), (1038, 345), (1047, 374), (1003, 387), (1007, 401), (990, 407), (993, 415), (980, 420), (977, 411), (932, 427), (879, 446), (898, 498), (845, 516), (827, 465), (815, 469)],
    '36': [(1001, 501), (1038, 487), (1108, 461), (1127, 454), (1226, 416), (1241, 453), (1016, 540)],
    '37': [(1128, 419), (1212, 385), (1212, 385), (1226, 416), (1139, 449)],
    '38': [(935, 437), (980, 420), (993, 415), (1085, 381), (1185, 344), (1185, 345), (1192, 342), (1212, 385), (1128, 419), (1139, 449), (1127, 454), (1108, 461), (1038, 487), (1028, 456), (1015, 461), (1014, 459), (951, 482)],
    '39': [(1460, 906), (1280, 992), (1309, 1045), (1390, 1010), (1424, 990), (1425, 990), (1488, 959), (1461, 908)],
}
