BUILDING_POLY = {
    '00': [(1980, 177), (1967, 178), (1967, 175), (1983, 173), (1983, 169), (1958, 172), (1958, 169), (1971, 168), (1971, 165), (1958, 166), (1957, 164), (1970, 162), (1970, 160), (1967, 160), (1966, 160), (1966, 159), (1966, 158), (1966, 157), (1993, 153), (1993, 157), (1983, 158), (1983, 160), (1994, 159), (1994, 162), (1983, 163), (1984, 166), (1994, 165), (1995, 167), (1984, 169), (1985, 172), (1997, 171), (2000, 170), (2001, 174)],
    '01': [(893, 1883), (893, 1883), (890, 1883), (890, 1883), (888, 1883), (888, 1877), (887, 1877), (887, 1873), (888, 1873), (888, 1867), (895, 1867), (895, 1869), (896, 1869), (896, 1869), (895, 1869), (895, 1873), (896, 1873), (896, 1877), (896, 1877), (896, 1883)],
    '02': [(917, 1867), (917, 1863), (921, 1863), (922, 1875), (919, 1875), (919, 1876), (919, 1876), (923, 1876), (923, 1886), (922, 1886), (922, 1889), (924, 1889), (924, 1894), (919, 1894), (919, 1894), (916, 1895), (914, 1895), (914, 1894), (909, 1894), (909, 1893), (909, 1889), (911, 1889), (911, 1888), (910, 1888), (910, 1888), (910, 1887), (910, 1887), (910, 1887), (906, 1887), (906, 1881), (909, 1881), (909, 1877), (909, 1870), (909, 1867)],
    '03': [(878, 1949), (884, 1949), (884, 1952), (884, 1952), (884, 1957), (884, 1957), (884, 1958), (885, 1958), (885, 1961), (885, 1963), (884, 1963), (884, 1964), (884, 1964), (884, 1969), (884, 1969), (884, 1972), (882, 1972), (879, 1972), (879, 1972), (869, 1972), (869, 1973), (863, 1973), (863, 1959), (863, 1950), (863, 1949), (868, 1949), (868, 1949), (869, 1949), (878, 1949)],
    '04': [(950, 1765), (950, 1768), (950, 1782), (936, 1782), (935, 1782), (935, 1781), (935, 1781), (935, 1781), (935, 1781), (935, 1781), (935, 1780), (935, 1780), (935, 1780), (934, 1780), (934, 1779), (934, 1779), (933, 1779), (933, 1779), (933, 1778), (933, 1778), (933, 1777), (933, 1777), (933, 1777), (934, 1776), (934, 1776), (934, 1776), (935, 1776), (935, 1776), (935, 1776), (935, 1767), (939, 1767), (940, 1773), (940, 1773), (942, 1773), (946, 1773), (946, 1767), (946, 1766), (946, 1766), (946, 1765)],
    '05': [(899, 1773), (899, 1783), (894, 1784), (893, 1784), (888, 1784), (887, 1784), (887, 1782), (887, 1777), (886, 1772), (886, 1771), (886, 1771), (886, 1770), (886, 1765), (886, 1765), (895, 1764), (900, 1764), (900, 1768), (900, 1770), (900, 1770), (900, 1771), (900, 1772), (900, 1773), (899, 1773)],
    '06': [(842, 1915), (843, 1915), (843, 1914), (846, 1914), (847, 1914), (847, 1914), (852, 1914), (852, 1912), (852, 1912), (857, 1912), (858, 1912), (858, 1920), (858, 1929), (855, 1929), (853, 1929), (853, 1928), (848, 1928), (848, 1929), (846, 1929), (842, 1929), (838, 1929), (838, 1929), (838, 1921), (838, 1921), (838, 1918), (838, 1917), (838, 1915), (838, 1914), (838, 1912), (842, 1912)],
    '07': [(251, 1264), (254, 1267), (255, 1265), (261, 1270), (272, 1280), (268, 1284), (263, 1279), (258, 1285), (268, 1294), (271, 1290), (272, 1291), (273, 1291), (275, 1293), (275, 1293), (275, 1294), (275, 1294), (270, 1300), (267, 1298), (266, 1299), (252, 1286), (253, 1286), (254, 1285), (252, 1283), (250, 1282), (242, 1275), (242, 1275)],
    '08': [(883, 1918), (871, 1918), (862, 1919), (862, 1919), (862, 1899), (862, 1897), (861, 1887), (861, 1880), (861, 1878), (861, 1878), (865, 1878), (882, 1878), (882, 1883), (874, 1883), (874, 1882), (865, 1882), (865, 1884), (865, 1887), (865, 1897), (867, 1897), (867, 1900), (865, 1900), (866, 1916), (870, 1915), (870, 1915), (872, 1915), (872, 1913), (880, 1913), (883, 1913), (883, 1918), (883, 1918)],
    '09': [(2039, 156), (2039, 152), (2036, 152), (2036, 152), (2035, 141), (2041, 140), (2040, 136), (2044, 136), (2046, 135), (2047, 139), (2055, 138), (2056, 142), (2046, 143), (2047, 147), (2048, 159), (2044, 159), (2043, 159), (2044, 160), (2044, 160), (2043, 160), (2042, 159), (2041, 160), (2041, 163), (2044, 163), (2046, 174), (2041, 174), (2041, 175), (2041, 178), (2040, 178), (2039, 175), (2039, 172), (2042, 171), (2042, 167), (2033, 169), (2031, 169), (2029, 157)],
    '10': [(1913, 172), (1912, 172), (1910, 181), (1909, 181), (1909, 180), (1909, 180), (1908, 179), (1906, 179), (1905, 178), (1904, 178), (1902, 176), (1901, 174), (1900, 172), (1900, 169), (1900, 167), (1901, 165), (1902, 163), (1904, 162), (1906, 160), (1907, 160), (1910, 160), (1910, 160), (1910, 160), (1912, 160), (1914, 161), (1916, 162), (1917, 164), (1918, 165), (1919, 167), (1919, 169), (1919, 171), (1919, 173)],
    '11': [(1995, 277), (2000, 279), (1999, 280), (2001, 280), (2001, 280), (2008, 283), (2008, 284), (2010, 285), (2010, 284), (2013, 285), (2013, 286), (2015, 287), (2016, 286), (2019, 288), (2018, 289), (2020, 290), (2021, 289), (2024, 290), (2023, 291), (2025, 292), (2026, 291), (2029, 292), (2028, 294), (2032, 296), (2031, 299), (2030, 298), (2029, 301), (2030, 302), (2031, 301), (2040, 314), (2038, 315), (2037, 316), (2037, 316), (2036, 317), (2035, 317), (2026, 305), (2029, 302), (2027, 302), (2025, 301), (2015, 296), (2009, 293), (2001, 290), (1996, 288), (1995, 287), (1997, 283), (1997, 282), (1994, 280)],
    '12': [(219, 1294), (223, 1289), (226, 1292), (225, 1292), (226, 1293), (223, 1296), (222, 1296), (221, 1296)],
    '13': [(1940, 158), (1932, 159), (1931, 157), (1928, 157), (1928, 152), (1927, 152), (1927, 150), (1941, 148), (1941, 152), (1941, 152), (1942, 152), (1954, 150), (1955, 150), (1955, 150), (1956, 153), (1954, 154), (1954, 154), (1954, 156), (1954, 156), (1954, 156), (1942, 158), (1942, 156), (1940, 157), (1940, 157)],
    '14': [(1933, 184), (1932, 184), (1934, 185), (1937, 178), (1939, 179), (1939, 178), (1940, 179), (1940, 180), (1940, 180), (1941, 179), (1941, 178), (1941, 178), (1941, 177), (1942, 175), (1944, 176), (1944, 178), (1943, 179), (1943, 180), (1942, 181), (1940, 187), (1941, 188), (1942, 187), (1942, 187), (1942, 186), (1945, 189), (1945, 189), (1944, 189), (1944, 190), (1946, 191), (1950, 185), (1952, 187), (1953, 186), (1954, 187), (1954, 187), (1954, 186), (1955, 185), (1956, 185), (1956, 184), (1958, 185), (1957, 187), (1956, 188), (1955, 189), (1955, 189), (1951, 194), (1952, 196), (1953, 195), (1954, 194), (1955, 193), (1956, 197), (1955, 197), (1955, 198), (1954, 198), (1954, 199), (1954, 199), (1953, 198), (1952, 199), (1951, 200), (1949, 197), (1947, 196), (1947, 195), (1947, 195), (1947, 195), (1946, 195), (1946, 195), (1946, 194), (1946, 194), (1946, 195), (1943, 193), (1942, 192), (1938, 190), (1937, 189), (1937, 189), (1936, 189), (1936, 189), (1936, 189), (1935, 189), (1935, 188), (1935, 188), (1935, 189), (1933, 188), (1925, 185), (1925, 185), (1925, 185), (1925, 185), (1924, 185), (1924, 185), (1924, 185), (1924, 182), (1925, 182), (1924, 182), (1926, 175), (1926, 175), (1926, 176), (1927, 175), (1927, 174), (1928, 175), (1928, 175), (1928, 174), (1929, 172), (1930, 173), (1931, 173), (1930, 175), (1930, 176), (1928, 183), (1930, 183), (1930, 182), (1930, 182), (1930, 182), (1933, 183), (1933, 184)],
    '15': [(1926, 197), (1923, 205), (1922, 205), (1924, 206), (1920, 214), (1918, 213), (1918, 213), (1917, 217), (1915, 216), (1915, 215), (1915, 215), (1921, 193), (1922, 194), (1923, 192), (1924, 192), (1923, 196), (1924, 196), (1924, 196)],
    '16': [(1927, 214), (1929, 210), (1930, 208), (1935, 197), (1939, 199), (1938, 201), (1939, 203), (1942, 206), (1944, 204), (1946, 207), (1945, 208), (1946, 209), (1946, 208), (1949, 211), (1948, 213), (1951, 217), (1953, 217), (1955, 221), (1941, 226), (1941, 225), (1940, 224), (1938, 227), (1937, 227), (1934, 225), (1944, 212), (1942, 210), (1929, 221), (1927, 217), (1930, 215)],
    '17': [(1974, 244), (1972, 238), (1970, 234), (1968, 234), (1966, 229), (1970, 228), (1970, 230), (1979, 227), (1978, 223), (1986, 220), (1989, 227), (1984, 229), (1985, 230), (1978, 232), (1980, 238), (1986, 236), (1987, 237), (1988, 237), (1988, 238), (1989, 237), (1990, 240), (1977, 244), (1976, 244), (1976, 244)],
    '18': [(1966, 222), (1966, 223), (1964, 225), (1961, 217), (1960, 215), (1960, 215), (1960, 215), (1960, 214), (1959, 213), (1959, 212), (1958, 211), (1957, 209), (1956, 207), (1954, 203), (1957, 203), (1958, 203), (1959, 204), (1959, 204), (1960, 206), (1962, 205), (1960, 201), (1967, 197), (1969, 200), (1967, 201), (1968, 202), (1968, 202), (1968, 202), (1969, 203), (1969, 203), (1968, 203), (1969, 205), (1962, 209), (1962, 209), (1963, 210), (1968, 208), (1970, 207), (1972, 210), (1965, 213), (1965, 215), (1965, 215), (1973, 213), (1973, 215), (1974, 214), (1974, 215), (1974, 215), (1974, 215), (1974, 215), (1974, 216), (1975, 216), (1975, 216), (1976, 216), (1977, 220), (1969, 222), (1969, 221)],
    '19': [(1126, 862), (1123, 865), (1123, 865), (1113, 874), (1103, 862), (1104, 861), (1102, 860), (1103, 859), (1105, 858), (1105, 858), (1104, 859), (1102, 857), (1103, 856), (1103, 855), (1102, 856), (1102, 855), (1102, 855), (1102, 855), (1102, 854), (1103, 853), (1105, 851), (1106, 850), (1106, 850), (1106, 849), (1107, 849), (1107, 849), (1108, 849), (1108, 849), (1109, 849), (1107, 847), (1107, 846), (1109, 844), (1111, 847), (1111, 847), (1114, 850), (1113, 851), (1114, 852), (1115, 851)],
    '20': [(1093, 857), (1088, 852), (1088, 851), (1088, 851), (1088, 851), (1087, 850), (1092, 846), (1096, 842), (1101, 848), (1102, 849), (1105, 851), (1103, 853), (1102, 854), (1094, 862), (1094, 861), (1093, 861), (1091, 859), (1092, 857)],
    '21': [(1096, 863), (1096, 863), (1098, 865), (1100, 867), (1103, 870), (1100, 872), (1096, 868), (1094, 869), (1098, 873), (1096, 875), (1092, 871), (1091, 873), (1094, 877), (1092, 878), (1089, 874), (1087, 876), (1091, 880), (1089, 882), (1081, 873), (1081, 873), (1080, 872), (1080, 872), (1076, 868), (1078, 866), (1079, 865), (1080, 865), (1082, 863), (1083, 862), (1085, 859), (1086, 859), (1087, 858), (1089, 856), (1091, 859), (1093, 861), (1094, 861), (1094, 862), (1094, 862), (1095, 861), (1095, 862), (1095, 862), (1095, 863)],
    '22': [(872, 1945), (866, 1945), (863, 1945), (862, 1923), (862, 1923), (863, 1923), (872, 1923), (872, 1927), (867, 1927), (867, 1940), (872, 1940), (872, 1944)],
    '23': [(891, 1848), (900, 1847), (900, 1854), (900, 1856), (898, 1856), (897, 1856), (896, 1856), (891, 1857), (891, 1853)],
    '24': [(1955, 147), (1954, 141), (1954, 137), (1954, 136), (1970, 134), (1970, 138), (1970, 140), (1970, 140), (1970, 140), (1970, 144), (1965, 145), (1965, 140), (1965, 140), (1958, 141), (1958, 143), (1957, 143), (1958, 147)],
    '25': [(1981, 149), (1981, 150), (1979, 150), (1979, 150), (1977, 139), (1977, 137), (1976, 138), (1975, 137), (1977, 136), (1977, 134), (1991, 132), (1991, 132), (1996, 132), (1996, 128), (1995, 126), (1997, 126), (2007, 124), (2008, 124), (2007, 122), (2005, 122), (2005, 118), (2015, 116), (2015, 118), (2015, 118), (2022, 117), (2022, 118), (2022, 118), (2022, 120), (2017, 121), (2017, 121), (2014, 122), (2013, 122), (2013, 120), (2009, 121), (2010, 124), (2010, 125), (2011, 125), (2011, 123), (2015, 123), (2015, 124), (2018, 124), (2020, 124), (2020, 124), (2020, 127), (2021, 127), (2021, 128), (2010, 130), (2004, 131), (2004, 131), (2004, 132), (2001, 132), (2002, 135), (2002, 134), (2003, 134), (2003, 135), (2004, 135), (2005, 133), (2012, 140), (2002, 145), (2002, 147), (2002, 147), (2002, 153), (1999, 152), (1999, 152), (1998, 149), (1998, 149), (1998, 149), (1997, 140), (1997, 138), (1995, 138), (1993, 138), (1991, 138), (1989, 139), (1989, 145), (1986, 145), (1985, 139), (1983, 139), (1985, 148)],
    '26': [(2025, 109), (2023, 109), (2022, 109), (2010, 111), (2009, 107), (2010, 107), (2010, 106), (2009, 101), (2011, 101), (2012, 101), (2017, 100), (2017, 100), (2018, 100), (2029, 99), (2029, 103), (2029, 103), (2029, 106), (2029, 107), (2030, 110), (2025, 111), (2025, 110)],
    '27': [(2051, 121), (2051, 120), (2051, 119), (2050, 119), (2050, 113), (2041, 114), (2041, 112), (2041, 112), (2041, 111), (2042, 111), (2041, 110), (2040, 110), (2040, 109), (2040, 109), (2040, 107), (2040, 107), (2039, 104), (2042, 104), (2046, 103), (2050, 103), (2050, 102), (2050, 102), (2056, 101), (2058, 101), (2060, 101), (2060, 106), (2059, 106), (2060, 117), (2055, 117), (2055, 119), (2055, 120), (2055, 120), (2055, 121), (2057, 130), (2048, 131), (2049, 135), (2046, 135), (2044, 136), (2043, 132), (2042, 132), (2041, 131), (2041, 131), (2041, 128), (2041, 128), (2041, 127), (2045, 127), (2045, 127), (2045, 125), (2044, 125), (2044, 124), (2045, 124), (2045, 123), (2044, 123), (2044, 122)],
    '28': [(2006, 172), (2003, 172), (2001, 158), (2004, 158)],
    '29': [(2034, 297), (2035, 295), (2037, 296), (2037, 298)],
    '30': [(1120, 828), (1119, 828), (1121, 830), (1120, 831), (1120, 831), (1121, 832), (1122, 831), (1123, 832), (1124, 832), (1123, 831), (1124, 830), (1132, 834), (1133, 833), (1135, 835), (1133, 837), (1131, 835), (1131, 835), (1130, 835), (1130, 835), (1128, 834), (1127, 835), (1128, 836), (1128, 836), (1128, 836), (1128, 836), (1128, 836), (1128, 836), (1128, 836), (1127, 836), (1127, 836), (1127, 836), (1129, 838), (1124, 842), (1124, 842), (1123, 844), (1124, 844), (1125, 846), (1125, 847), (1131, 853), (1131, 852), (1132, 853), (1133, 853), (1133, 852), (1133, 852), (1134, 850), (1134, 850), (1135, 849), (1135, 850), (1135, 849), (1135, 849), (1138, 846), (1138, 846), (1139, 846), (1139, 846), (1139, 845), (1139, 846), (1141, 845), (1141, 845), (1141, 845), (1140, 846), (1141, 846), (1141, 846), (1142, 848), (1141, 848), (1135, 854), (1134, 853), (1134, 853), (1133, 853), (1133, 854), (1134, 855), (1130, 858), (1126, 855), (1127, 854), (1127, 853), (1126, 854), (1125, 854), (1125, 853), (1125, 853), (1116, 843), (1117, 842), (1116, 842), (1116, 842), (1115, 843), (1113, 840), (1112, 839), (1112, 839), (1115, 837), (1115, 837), (1115, 838), (1117, 836), (1117, 836), (1117, 836), (1120, 834), (1119, 833), (1120, 833), (1119, 832), (1119, 831), (1118, 832), (1117, 830), (1116, 829), (1115, 829), (1114, 829), (1114, 829), (1114, 830), (1114, 830), (1114, 830), (1114, 830), (1114, 830), (1113, 831), (1113, 831), (1113, 831), (1112, 831), (1112, 831), (1112, 831), (1112, 831), (1111, 830), (1111, 830), (1111, 830), (1111, 830), (1111, 830), (1111, 829), (1110, 829), (1110, 829), (1110, 828), (1111, 827), (1111, 827), (1111, 827), (1114, 825), (1114, 824), (1114, 824), (1115, 825), (1115, 824), (1115, 823), (1124, 815), (1125, 815), (1125, 815), (1126, 814), (1128, 813), (1129, 814), (1129, 815), (1129, 815), (1127, 817), (1128, 819), (1124, 822), (1123, 821), (1122, 822), (1124, 824), (1121, 829)],
    '31': [(1073, 877), (1070, 874), (1072, 872), (1085, 886), (1083, 887), (1084, 888), (1089, 893), (1074, 906), (1072, 904), (1074, 902), (1061, 888)],
    '32': [(1097, 830), (1095, 832), (1095, 833), (1095, 833), (1094, 833), (1093, 835), (1089, 839), (1088, 838), (1085, 841), (1079, 834), (1090, 823), (1096, 830)],
    '33': [(889, 1887), (897, 1887), (897, 1883), (897, 1883), (898, 1883), (898, 1883), (901, 1883), (901, 1887), (904, 1886), (904, 1894), (904, 1894), (903, 1894), (902, 1894), (902, 1894), (902, 1895), (902, 1895), (897, 1895), (892, 1895), (892, 1894), (891, 1894), (889, 1894)],
    '34': [(922, 1858), (919, 1858), (919, 1858), (917, 1858), (917, 1856), (917, 1856), (917, 1854), (918, 1854), (921, 1854), (922, 1854)],
    '35': [(915, 1862), (912, 1862), (912, 1863), (911, 1863), (909, 1863), (909, 1862), (907, 1862), (906, 1857), (909, 1857), (909, 1856), (912, 1856), (912, 1857), (914, 1857), (915, 1860)],
    '36': [(886, 1834), (886, 1834), (886, 1829), (886, 1829), (886, 1826), (888, 1826), (889, 1826), (889, 1826), (891, 1825), (891, 1824), (891, 1824), (899, 1824), (899, 1824), (905, 1824), (907, 1824), (907, 1825), (907, 1826), (907, 1826), (907, 1827), (903, 1827), (903, 1827), (902, 1827), (896, 1828), (895, 1828), (895, 1828), (891, 1828), (891, 1831), (891, 1832), (891, 1832), (891, 1835), (895, 1835), (895, 1835), (896, 1835), (902, 1835), (903, 1835), (903, 1835), (907, 1835), (907, 1838), (906, 1839), (901, 1839), (900, 1839), (899, 1839), (899, 1840), (895, 1840), (891, 1840), (891, 1838), (890, 1838), (886, 1838), (886, 1836)],
    '37': [(916, 1819), (917, 1819), (922, 1819), (922, 1820), (922, 1822), (922, 1823), (922, 1823), (922, 1826), (919, 1826), (919, 1824), (919, 1823), (919, 1823), (917, 1823), (917, 1822), (916, 1822), (916, 1820)],
    '38': [(918, 1828), (922, 1828), (922, 1828), (923, 1841), (919, 1841), (919, 1837), (919, 1835), (919, 1835), (919, 1835), (919, 1832), (917, 1832), (917, 1831), (917, 1831), (919, 1831)],
    '39': [(919, 1774), (914, 1774), (914, 1774), (914, 1773), (914, 1770), (915, 1770), (915, 1770), (915, 1769), (916, 1769), (919, 1769)],
    '40': [(923, 1769), (923, 1772), (927, 1772), (927, 1773), (927, 1773), (926, 1773), (926, 1775), (926, 1778), (920, 1778), (920, 1777), (919, 1777), (919, 1776), (919, 1776), (919, 1776), (919, 1776), (915, 1776), (915, 1776), (915, 1776), (915, 1778), (915, 1780), (919, 1780), (919, 1782), (928, 1782), (929, 1782), (928, 1777), (930, 1777), (930, 1777), (930, 1777), (930, 1778), (930, 1778), (930, 1781), (930, 1785), (931, 1785), (930, 1778), (932, 1778), (932, 1778), (932, 1778), (932, 1778), (932, 1777), (932, 1777), (931, 1777), (931, 1773), (930, 1773), (930, 1772), (930, 1772), (931, 1772), (931, 1763), (931, 1763), (931, 1763), (932, 1763), (932, 1759), (929, 1760), (929, 1760), (924, 1763), (924, 1763), (921, 1766)],
    '41': [(859, 1959), (859, 1973), (848, 1973), (842, 1973), (835, 1973), (836, 1972), (835, 1972), (835, 1972), (834, 1971), (834, 1971), (834, 1970), (833, 1970), (833, 1952), (833, 1951), (834, 1951), (834, 1950), (838, 1950), (841, 1950), (843, 1950), (844, 1950), (844, 1950), (846, 1949), (846, 1959)],
    '42': [(900, 1772), (903, 1772), (903, 1772), (908, 1772), (908, 1785), (908, 1785), (906, 1785), (904, 1785), (904, 1784), (904, 1784), (904, 1783), (903, 1783), (903, 1783), (903, 1775), (900, 1775), (900, 1773)],
    '43': [(1087, 919), (1093, 916), (1092, 914), (1092, 914), (1099, 911), (1100, 913), (1102, 912), (1103, 915), (1099, 917), (1099, 917), (1099, 918), (1099, 917), (1099, 918), (1100, 918), (1100, 919), (1093, 922), (1090, 923), (1089, 922), (1089, 922)],
    '44': [(859, 1959), (846, 1959), (846, 1949), (849, 1949), (857, 1949), (859, 1949), (859, 1958)],
    '45': [(858, 1929), (858, 1939), (859, 1943), (853, 1943), (852, 1943), (851, 1939), (851, 1939), (849, 1939), (848, 1939), (847, 1939), (846, 1943), (846, 1945), (845, 1944), (843, 1944), (843, 1945), (842, 1945), (839, 1945), (838, 1945), (838, 1938), (838, 1929), (842, 1929), (846, 1929), (848, 1929), (853, 1929), (855, 1929)],
    '46': [(903, 1783), (901, 1783), (900, 1783), (900, 1775), (903, 1775)],
    '47': [(1094, 895), (1098, 901), (1098, 901), (1097, 902), (1092, 896)],
    '48': [(1065, 869), (1064, 870), (1064, 871), (1066, 870)],
    '49': [(1063, 871), (1062, 872), (1063, 873), (1064, 872)],
    '50': [(1128, 870), (1124, 865), (1124, 865), (1129, 869), (1128, 870), (1128, 869)],
    '51': [(1954, 199), (1955, 201), (1957, 203), (1958, 203), (1956, 200), (1955, 200), (1954, 198)],
    '52': [(905, 1847), (911, 1847), (911, 1848), (911, 1848), (915, 1848), (915, 1847), (921, 1847), (921, 1852), (921, 1853), (921, 1853), (921, 1854), (918, 1854), (918, 1853), (917, 1853), (917, 1853), (916, 1853), (916, 1852), (915, 1852), (915, 1851), (913, 1851), (913, 1851), (912, 1851), (912, 1852), (910, 1852), (910, 1853), (909, 1853), (909, 1853), (909, 1853), (909, 1854), (907, 1854), (907, 1854), (905, 1854), (905, 1855), (905, 1855)],
    '53': [(1946, 260), (1945, 256), (1945, 256), (1944, 255), (1944, 255), (1943, 255), (1944, 254), (1944, 254), (1956, 249), (1956, 248), (1961, 246), (1960, 246), (1963, 244), (1963, 245), (1964, 244), (1964, 252), (1962, 251), (1959, 251), (1961, 254)],
    '54': [(169, 1266), (173, 1266), (173, 1266), (173, 1265), (171, 1265), (171, 1262), (172, 1258), (173, 1259), (173, 1258), (175, 1258), (175, 1260), (175, 1265), (174, 1265), (174, 1265), (174, 1265), (174, 1266), (173, 1266), (179, 1267), (179, 1273), (177, 1273), (177, 1274), (176, 1275), (179, 1275), (178, 1282), (177, 1282), (177, 1282), (176, 1282), (175, 1282), (174, 1282), (174, 1280), (174, 1275), (172, 1275), (172, 1282), (172, 1283), (162, 1282), (162, 1276), (167, 1276), (167, 1275), (162, 1274), (162, 1273), (163, 1269), (164, 1269), (165, 1268), (167, 1269), (167, 1272), (169, 1272)],
    '55': [(1970, 140), (1970, 138), (1971, 138), (1972, 138), (1972, 138), (1976, 138), (1977, 137), (1977, 139), (1977, 139)],
    '56': [(218, 1272), (211, 1279), (208, 1283), (207, 1281), (206, 1282), (206, 1283), (207, 1284), (208, 1285), (209, 1286), (207, 1287), (206, 1286), (204, 1285), (197, 1293), (196, 1292), (194, 1294), (188, 1289), (189, 1288), (188, 1287), (186, 1286), (193, 1279), (188, 1275), (188, 1274), (188, 1274), (187, 1274), (187, 1272), (185, 1270), (190, 1264), (191, 1265), (193, 1262), (198, 1266), (202, 1270), (207, 1265), (208, 1266), (211, 1263), (214, 1266), (217, 1268), (215, 1269)],
    '57': [(875, 1938), (875, 1940), (883, 1940), (883, 1936), (884, 1936), (884, 1933), (884, 1930), (883, 1930), (883, 1927), (875, 1927), (875, 1927), (875, 1929), (874, 1929), (873, 1930), (872, 1930), (871, 1931), (871, 1932), (871, 1933), (871, 1934), (871, 1935), (871, 1936), (872, 1936), (872, 1937), (874, 1937)],
    '58': [(866, 1853), (866, 1857), (866, 1859), (866, 1859), (866, 1861), (866, 1862), (866, 1862), (866, 1864), (866, 1869), (878, 1868), (878, 1864), (879, 1864), (880, 1864), (880, 1868), (880, 1868), (881, 1870), (881, 1871), (881, 1873), (864, 1873), (864, 1871), (862, 1871), (862, 1861), (862, 1853), (861, 1853), (861, 1852), (861, 1851), (864, 1851), (864, 1848), (880, 1848), (880, 1848), (880, 1850), (880, 1850), (880, 1852), (880, 1852), (880, 1857), (878, 1857), (877, 1852), (877, 1852)],
    '59': [(852, 1912), (852, 1912), (848, 1912), (848, 1908), (848, 1903), (857, 1903), (857, 1907), (857, 1908), (857, 1911), (857, 1912)],
    '60': [(1936, 163), (1935, 163), (1936, 162), (1936, 162), (1936, 162)],
    '61': [(1947, 162), (1946, 162), (1947, 161), (1947, 161)],
    '62': [(1941, 163), (1941, 163), (1941, 162), (1941, 161), (1942, 161), (1942, 162)],
    '63': [(1977, 149), (1975, 149), (1975, 147), (1976, 147)],
    '64': [(1107, 849), (1104, 846), (1104, 846), (1103, 846), (1103, 847), (1106, 850), (1106, 849)],
    '65': [(2039, 100), (2038, 97), (2040, 97), (2040, 99)],
    '66': [(2055, 82), (2055, 82), (2055, 82), (2055, 82)],
    '67': [(1952, 139), (1952, 137), (1953, 137), (1953, 138)],
    '68': [(1944, 252), (1943, 252), (1941, 248), (1943, 247)],
    '69': [(213, 1281), (218, 1275), (219, 1276), (224, 1271), (234, 1280), (234, 1281), (235, 1282), (234, 1283), (233, 1283), (228, 1289), (218, 1280), (216, 1283)],
    '70': [(162, 1276), (167, 1276), (167, 1275), (167, 1272), (169, 1272), (169, 1266), (173, 1266), (173, 1266), (173, 1265), (174, 1265), (174, 1266), (173, 1266), (179, 1267), (179, 1273), (177, 1273), (177, 1274), (176, 1275), (174, 1275), (172, 1275), (172, 1282), (172, 1283), (162, 1282)],
    '71': [(2056, 83), (2056, 85), (2055, 85), (2055, 86), (2057, 86), (2057, 85), (2058, 85), (2060, 96), (2044, 98), (2043, 88), (2044, 88), (2044, 86), (2044, 86), (2043, 85), (2043, 84), (2054, 83)],
    '72': [(838, 1895), (842, 1895), (853, 1895), (857, 1895), (857, 1896), (857, 1896), (857, 1900), (857, 1903), (848, 1903), (848, 1908), (848, 1912), (847, 1912), (847, 1912), (846, 1912), (842, 1912), (838, 1912), (837, 1908), (837, 1904), (837, 1901), (838, 1900), (838, 1898), (838, 1897)],
    '73': [(1057, 877), (1056, 878), (1057, 879), (1058, 878)],
    '74': [(261, 1270), (262, 1269), (262, 1269), (260, 1267), (263, 1264), (264, 1265), (265, 1264), (266, 1265), (268, 1264), (278, 1273), (275, 1276), (276, 1277), (277, 1277), (280, 1279), (277, 1282), (282, 1286), (276, 1291), (272, 1287), (271, 1288), (271, 1289), (269, 1288), (269, 1289), (266, 1287), (268, 1284), (272, 1280)],
    '75': [(188, 1274), (186, 1275), (182, 1275), (182, 1273), (187, 1274), (187, 1274)],
    '76': [(900, 1863), (900, 1862), (899, 1862), (899, 1863)],
    '77': [(901, 1877), (901, 1876), (900, 1876), (900, 1877)],
    '78': [(919, 1841), (919, 1842), (918, 1842), (918, 1841), (919, 1841)],
    '79': [(847, 1885), (847, 1886), (845, 1886), (845, 1889), (847, 1889), (847, 1893), (843, 1893), (842, 1895), (838, 1895), (838, 1893), (839, 1891), (840, 1889), (841, 1886), (842, 1883)],
    '80': [(1078, 920), (1078, 920), (1078, 920), (1078, 920)],
    '81': [(1078, 918), (1078, 919), (1078, 919), (1078, 919), (1079, 919), (1079, 919), (1079, 919), (1079, 918)],
    '82': [(1079, 918), (1080, 919), (1080, 919), (1080, 918)],
    '83': [(1062, 893), (1061, 894), (1061, 895), (1063, 893)],
    '84': [(1108, 890), (1102, 884), (1101, 882), (1095, 888), (1102, 895)],
    '85': [(1911, 158), (1910, 158), (1910, 160), (1910, 160), (1910, 160)],
    '86': [(1091, 884), (1092, 883), (1094, 885), (1093, 886)],
    '87': [(946, 1765), (950, 1765), (950, 1765), (950, 1765), (950, 1762), (950, 1761), (950, 1761), (950, 1759), (949, 1759), (949, 1758), (950, 1758), (949, 1753), (946, 1753), (946, 1753), (946, 1753), (945, 1752), (945, 1752), (945, 1752), (945, 1752), (944, 1752), (944, 1752), (943, 1752), (943, 1752), (942, 1752), (942, 1752), (942, 1752), (941, 1752), (941, 1752), (941, 1753), (941, 1753), (941, 1753), (941, 1753), (941, 1753), (941, 1754), (937, 1756), (937, 1756), (936, 1756), (936, 1757), (935, 1757), (937, 1761), (942, 1758), (944, 1758), (944, 1758), (945, 1758), (945, 1758), (945, 1759), (945, 1759), (945, 1761), (945, 1762), (945, 1763), (945, 1765)],
    '88': [(846, 1912), (846, 1914), (847, 1914), (847, 1914), (847, 1913), (847, 1912), (847, 1912)],
    '89': [(891, 1857), (891, 1858), (888, 1858), (888, 1855), (887, 1855), (887, 1853), (890, 1853), (891, 1853)],
    '90': [(891, 1858), (896, 1858), (896, 1856), (891, 1857)],
    '91': [(2018, 97), (2028, 96), (2028, 97), (2018, 98)],
    '92': [(1127, 822), (1132, 818), (1134, 821), (1130, 824)],
    '93': [(278, 1276), (278, 1276), (279, 1277), (278, 1277)],
}
