BUILDING_POLY = {
    '00': [(1194, 584), (1195, 584), (1210, 626), (1209, 626), (1248, 731), (1239, 734), (990, 836), (967, 791), (929, 717), (592, 832), (578, 809), (524, 837), (417, 573), (447, 529), (528, 467), (765, 351), (842, 314), (893, 474), (915, 544), (935, 538), (1164, 478), (1165, 478), (1184, 548)],
    '01': [(1343, 1826), (1364, 1867), (1348, 1876), (1372, 1924), (1284, 1973), (1191, 1863), (1180, 1849), (1172, 1840), (1168, 1842), (1144, 1805), (1268, 1718), (1327, 1835)],
    '02': [(609, 860), (643, 918), (498, 1018), (454, 969), (410, 918), (491, 861), (489, 857), (524, 837), (578, 809), (592, 832)],
    '03': [(1636, 858), (1650, 896), (1449, 997), (1420, 943), (1375, 831), (1495, 787), (1503, 810), (1533, 799), (1525, 776), (1596, 750)],
    '04': [(1600, 1792), (1601, 1794), (1597, 1796), (1594, 1791), (1545, 1820), (1547, 1824), (1543, 1826), (1544, 1827), (1540, 1829), (1539, 1827), (1428, 1608), (1491, 1576)],
    '05': [(1138, 353), (1164, 478), (935, 538), (913, 468), (893, 474), (842, 314), (1014, 228), (1013, 224), (1083, 203), (1086, 211), (1108, 226), (1116, 224), (1143, 352)],
    '06': [(1547, 1369), (1619, 1511), (1491, 1576), (1428, 1608), (1376, 1644), (1322, 1682), (1268, 1718), (1144, 1805), (1143, 1805), (878, 1482), (1010, 1415), (1000, 1395), (1057, 1366), (1067, 1386), (1102, 1369), (1091, 1348), (1147, 1320), (1163, 1352), (1463, 1201), (1503, 1281)],
    '07': [(643, 918), (710, 1028), (583, 1117), (498, 1018)],
    '08': [(1760, 439), (1795, 546), (1614, 613), (1556, 634), (1493, 657), (1505, 690), (1465, 704), (1475, 732), (1515, 717), (1528, 750), (1487, 765), (1495, 787), (1375, 831), (1327, 718), (1288, 601), (1291, 600), (1282, 573), (1279, 574), (1262, 525), (1222, 348), (1225, 347), (1219, 319), (1215, 320), (1191, 211), (1213, 204), (1214, 205), (1232, 200), (1232, 198), (1260, 190), (1260, 192), (1279, 187), (1278, 185), (1292, 181), (1291, 178), (1402, 147), (1403, 151), (1430, 143), (1429, 139), (1448, 133), (1448, 135), (1475, 127), (1475, 126), (1494, 120), (1495, 121), (1521, 114), (1521, 112), (1540, 107), (1540, 110), (1550, 107), (1550, 108), (1577, 100), (1597, 94), (1597, 96), (1624, 88), (1624, 87), (1642, 82), (1691, 233), (1690, 233), (1711, 296), (1732, 360), (1744, 396), (1745, 396)],
    '09': [(1378, 1036), (1446, 1168), (1147, 1320), (1091, 1348), (1057, 1366), (1000, 1395), (862, 1464), (747, 1312), (742, 1306), (932, 1210), (915, 1177), (948, 1157), (912, 1081), (910, 1077), (910, 1075), (910, 1070), (910, 1068), (911, 1066), (912, 1061), (916, 1055), (921, 1051), (924, 1049), (929, 1047), (933, 1046), (938, 1046), (942, 1047), (946, 1049), (952, 1053), (956, 1058), (963, 1055), (864, 845), (862, 839), (860, 833), (859, 827), (860, 821), (862, 813), (864, 807), (867, 802), (873, 795), (877, 791), (885, 786), (894, 783), (903, 782), (909, 782), (917, 785), (926, 788), (933, 794), (937, 798), (941, 803), (942, 806), (957, 799), (956, 797), (967, 791), (990, 836), (1239, 734), (1282, 817), (1262, 827), (1277, 856), (1279, 854), (1336, 966), (1234, 1017), (1224, 998), (1200, 1010), (1205, 1019), (1168, 1037), (1189, 1079), (1356, 995)],
    '10': [(1803, 573), (1812, 599), (1684, 646), (1674, 619), (1623, 637), (1614, 613), (1795, 546)],
    '11': [(693, 808), (915, 1177), (932, 1210), (742, 1306), (583, 1117), (710, 1028), (643, 918), (609, 860)],
    '12': [(1322, 1682), (1428, 1891), (1427, 1892), (1372, 1924), (1348, 1876), (1364, 1867), (1343, 1826), (1327, 1835), (1268, 1718)],
    '13': [(1428, 1608), (1539, 1827), (1487, 1857), (1488, 1859), (1485, 1860), (1484, 1859), (1422, 1734), (1397, 1686), (1376, 1644)],
    '14': [(1422, 1734), (1484, 1859), (1428, 1890), (1428, 1891), (1322, 1682), (1376, 1644), (1397, 1686), (1368, 1703), (1392, 1751)],
}
