BUILDING_POLY = {
    '00': [(1206, 795), (1213, 793), (1214, 797), (1215, 800), (1247, 790), (1247, 789), (1253, 787), (1254, 788), (1287, 777), (1286, 774), (1284, 770), (1291, 768), (1293, 772), (1293, 775), (1321, 767), (1322, 769), (1325, 768), (1325, 770), (1327, 770), (1330, 782), (1328, 782), (1329, 784), (1326, 785), (1331, 797), (1333, 797), (1337, 810), (1339, 810), (1344, 825), (1335, 827), (1328, 829), (1329, 831), (1313, 836), (1313, 835), (1307, 837), (1300, 839), (1302, 843), (1300, 844), (1301, 848), (1293, 850), (1292, 848), (1291, 845), (1253, 857), (1250, 858), (1251, 861), (1252, 863), (1247, 865), (1244, 866), (1240, 857), (1210, 867), (1209, 861), (1220, 858), (1213, 836), (1208, 822), (1202, 804), (1208, 802), (1207, 800)],
    '01': [(1103, 1117), (1101, 1118), (1102, 1120), (1101, 1121), (1102, 1125), (1104, 1124), (1104, 1126), (1105, 1125), (1107, 1125), (1107, 1126), (1108, 1129), (1109, 1132), (1107, 1133), (1107, 1133), (1107, 1134), (1105, 1135), (1106, 1139), (1108, 1138), (1109, 1141), (1110, 1140), (1120, 1173), (1113, 1175), (1106, 1178), (1106, 1176), (1065, 1189), (1065, 1191), (1059, 1192), (1057, 1193), (1052, 1195), (1052, 1192), (1050, 1193), (1048, 1187), (1046, 1181), (1048, 1181), (1041, 1157), (1040, 1157), (1039, 1154), (1039, 1154), (1038, 1151), (1037, 1147), (1037, 1147), (1036, 1144), (1037, 1144), (1031, 1125), (1029, 1125), (1029, 1123), (1028, 1120), (1029, 1120), (1035, 1118), (1042, 1116), (1043, 1115), (1044, 1120), (1043, 1120), (1044, 1123), (1048, 1122), (1053, 1139), (1054, 1142), (1082, 1133), (1085, 1133), (1076, 1105), (1072, 1106), (1068, 1093), (1067, 1090), (1078, 1087), (1085, 1085), (1092, 1082)],
    '02': [(786, 1275), (782, 1260), (781, 1254), (780, 1253), (789, 1251), (789, 1249), (795, 1247), (796, 1248), (808, 1244), (808, 1248), (809, 1245), (810, 1241), (813, 1239), (816, 1237), (819, 1237), (823, 1237), (826, 1239), (830, 1236), (834, 1234), (831, 1225), (827, 1213), (823, 1215), (805, 1162), (803, 1157), (800, 1159), (799, 1163), (784, 1163), (771, 1166), (759, 1172), (748, 1180), (756, 1204), (747, 1207), (738, 1175), (731, 1176), (725, 1157), (754, 1148), (755, 1154), (760, 1152), (758, 1146), (801, 1131), (806, 1147), (824, 1142), (846, 1211), (847, 1210), (850, 1219), (851, 1223), (850, 1224), (875, 1302), (860, 1306), (859, 1303), (858, 1303), (857, 1304), (859, 1313), (819, 1325), (814, 1311), (817, 1310), (797, 1275), (788, 1280)],
    '03': [(1177, 567), (1180, 580), (1176, 581), (1184, 603), (1195, 637), (1210, 632), (1212, 631), (1219, 653), (1177, 666), (1178, 669), (1171, 671), (1164, 673), (1163, 671), (1147, 676), (1146, 677), (1147, 679), (1134, 683), (1137, 693), (1142, 691), (1143, 692), (1146, 701), (1140, 703), (1142, 711), (1132, 714), (1129, 706), (1124, 708), (1121, 698), (1127, 696), (1119, 672), (1117, 668), (1116, 664), (1119, 663), (1115, 651), (1107, 653), (1097, 624), (1094, 614), (1088, 595)],
    '04': [(991, 651), (993, 656), (1000, 654), (1026, 738), (1022, 739), (1023, 743), (1009, 748), (1009, 746), (994, 751), (995, 754), (981, 758), (950, 663)],
    '05': [(1235, 761), (1238, 760), (1241, 772), (1234, 774), (1234, 773), (1228, 775), (1228, 774), (1224, 775), (1222, 769), (1225, 768), (1224, 766), (1216, 768), (1215, 765), (1205, 768), (1204, 763), (1208, 762), (1205, 751), (1198, 753), (1199, 756), (1196, 757), (1195, 754), (1191, 755), (1194, 763), (1189, 765), (1189, 767), (1178, 770), (1170, 744), (1182, 740), (1184, 748), (1187, 747), (1186, 742), (1204, 736), (1240, 725), (1239, 722), (1249, 719), (1255, 737), (1270, 732), (1267, 724), (1265, 725), (1262, 716), (1265, 715), (1263, 711), (1274, 708), (1282, 733), (1243, 745), (1241, 741), (1244, 740), (1243, 737), (1232, 740), (1236, 743), (1236, 746), (1235, 749), (1232, 751)],
    '06': [(617, 905), (586, 911), (592, 931), (589, 932), (568, 865), (561, 844), (574, 840), (574, 838), (594, 832), (610, 826), (631, 901)],
    '07': [(1168, 1279), (1173, 1278), (1173, 1279), (1194, 1348), (1177, 1354), (1116, 1375), (1104, 1339), (1095, 1309), (1108, 1305), (1111, 1304), (1109, 1298)],
    '08': [(1752, 762), (1741, 766), (1742, 770), (1753, 766), (1758, 781), (1732, 789), (1733, 792), (1741, 789), (1742, 794), (1738, 796), (1735, 797), (1735, 798), (1703, 808), (1702, 805), (1700, 799), (1694, 801), (1689, 787), (1691, 787), (1722, 776), (1718, 761), (1716, 755), (1712, 742), (1743, 732)],
    '09': [(1351, 987), (1352, 991), (1355, 991), (1351, 979), (1354, 978), (1359, 977), (1373, 1022), (1375, 1019), (1378, 1021), (1379, 1019), (1385, 1022), (1384, 1024), (1386, 1025), (1383, 1032), (1381, 1031), (1379, 1033), (1376, 1032), (1382, 1049), (1374, 1052), (1374, 1051), (1372, 1051), (1375, 1061), (1379, 1060), (1380, 1063), (1379, 1064), (1379, 1066), (1404, 1058), (1406, 1066), (1407, 1070), (1408, 1073), (1409, 1074), (1407, 1075), (1404, 1076), (1379, 1083), (1378, 1079), (1375, 1080), (1382, 1103), (1376, 1105), (1376, 1107), (1374, 1107), (1372, 1108), (1371, 1108), (1372, 1110), (1369, 1111), (1371, 1116), (1347, 1123), (1345, 1117), (1344, 1111), (1350, 1110), (1349, 1107), (1348, 1105), (1347, 1101), (1346, 1101), (1344, 1100), (1344, 1099), (1344, 1097), (1346, 1096), (1344, 1090), (1337, 1092), (1331, 1094), (1327, 1080), (1327, 1080), (1325, 1080), (1323, 1076), (1322, 1074), (1325, 1073), (1325, 1073), (1330, 1071), (1327, 1060), (1321, 1062), (1314, 1042), (1313, 1038), (1311, 1031), (1302, 1002)],
    '10': [(1171, 299), (1185, 295), (1167, 275), (1179, 270), (1193, 267), (1199, 266), (1204, 266), (1207, 262), (1216, 249), (1221, 254), (1226, 245), (1233, 234), (1254, 236), (1255, 246), (1265, 243), (1271, 241), (1271, 243), (1292, 307), (1292, 308), (1292, 308), (1297, 307), (1299, 306), (1301, 305), (1305, 304), (1312, 325), (1307, 326), (1306, 327), (1303, 328), (1299, 329), (1299, 330), (1321, 396), (1315, 397), (1306, 401), (1304, 401), (1299, 403), (1295, 404), (1292, 405), (1281, 409), (1243, 422), (1240, 415), (1234, 417), (1236, 423), (1207, 433), (1201, 415), (1207, 413), (1201, 392), (1198, 392), (1196, 387), (1198, 385), (1191, 363), (1185, 364), (1186, 356), (1185, 352), (1187, 349), (1178, 321), (1175, 321), (1174, 316), (1175, 314)],
    '11': [(772, 1035), (756, 1035), (745, 1036), (739, 1036), (734, 1038), (730, 1041), (725, 1046), (720, 1051), (716, 1055), (711, 1058), (705, 1060), (697, 1060), (668, 1061), (663, 1063), (652, 1044), (725, 1020), (726, 1022), (727, 1025), (769, 1013), (772, 1021), (786, 1017), (802, 1069), (800, 1069), (799, 1070), (799, 1071), (801, 1077), (796, 1079), (794, 1072), (788, 1073), (791, 1081), (794, 1091), (780, 1094), (780, 1097), (774, 1099), (773, 1080), (773, 1073), (773, 1069), (775, 1066), (777, 1063), (780, 1058), (781, 1053), (780, 1047), (780, 1043), (779, 1041), (775, 1037)],
    '12': [(811, 985), (818, 1005), (818, 1006), (826, 1003), (855, 994), (857, 999), (858, 1004), (850, 1006), (867, 1060), (871, 1059), (868, 1061), (869, 1063), (869, 1065), (870, 1067), (872, 1072), (880, 1069), (880, 1071), (889, 1068), (889, 1070), (899, 1067), (898, 1062), (901, 1061), (905, 1060), (906, 1062), (916, 1059), (916, 1058), (924, 1056), (921, 1049), (924, 1043), (935, 1039), (934, 1036), (918, 986), (910, 988), (908, 983), (907, 978), (927, 972), (934, 970), (937, 969), (930, 948), (927, 949), (877, 965)],
    '13': [(788, 821), (786, 814), (783, 806), (781, 805), (776, 788), (774, 788), (771, 792), (770, 792), (768, 785), (768, 784), (773, 785), (775, 784), (764, 751), (762, 751), (759, 755), (758, 755), (756, 748), (757, 748), (762, 749), (763, 747), (758, 731), (759, 728), (757, 720), (754, 713), (762, 715), (771, 717), (773, 714), (789, 719), (791, 717), (789, 712), (790, 711), (792, 712), (793, 712), (796, 713), (796, 714), (793, 717), (793, 719), (794, 720), (797, 720), (823, 726), (826, 727), (827, 727), (828, 726), (827, 721), (827, 720), (833, 721), (834, 722), (830, 726), (831, 728), (848, 731), (849, 732), (849, 734), (857, 736), (865, 738), (860, 743), (854, 749), (854, 753), (843, 765), (843, 767), (849, 769), (844, 775), (842, 768), (840, 768), (839, 769), (837, 771), (820, 791), (818, 793), (817, 794), (817, 795), (822, 797), (823, 798), (819, 802), (817, 802), (816, 797), (814, 797), (802, 810), (799, 809), (794, 815), (793, 816)],
    '14': [(1769, 707), (1764, 692), (1764, 692), (1764, 691), (1751, 652), (1717, 663), (1715, 664), (1695, 671), (1708, 709), (1714, 725)],
    '15': [(997, 944), (990, 947), (973, 952), (989, 1003), (1004, 1052), (1076, 1031), (1072, 1017), (1014, 1035), (1003, 998), (990, 960), (1001, 956)],
    '16': [(1169, 993), (1170, 996), (1176, 995), (1176, 996), (1177, 998), (1179, 997), (1182, 996), (1186, 995), (1188, 994), (1187, 993), (1187, 991), (1192, 989), (1190, 986), (1206, 981), (1212, 979), (1213, 979), (1216, 978), (1218, 977), (1219, 981), (1225, 980), (1231, 978), (1228, 966), (1229, 963), (1228, 960), (1225, 958), (1225, 959), (1223, 959), (1222, 955), (1221, 953), (1219, 947), (1219, 947), (1213, 930), (1213, 929), (1212, 927), (1211, 922), (1210, 920), (1207, 919), (1199, 893), (1191, 896), (1186, 897), (1185, 898), (1183, 893), (1182, 889), (1118, 910), (1126, 934), (1181, 916), (1181, 916), (1184, 914), (1185, 916), (1185, 918), (1187, 923), (1190, 923), (1192, 930), (1195, 940), (1194, 940), (1197, 951), (1199, 951), (1202, 961), (1209, 959), (1210, 963), (1201, 966), (1185, 971), (1183, 965), (1163, 971), (1165, 977), (1149, 983), (1139, 986), (1137, 987), (1134, 976), (1131, 977), (1115, 927), (1118, 926), (1117, 922), (1116, 919), (1114, 913), (1097, 918), (1097, 916), (1087, 919), (1084, 912), (1064, 918), (1065, 923), (1064, 924), (1068, 937), (1089, 931), (1090, 935), (1098, 933), (1101, 932), (1103, 938), (1103, 941), (1105, 945), (1107, 944), (1116, 973), (1116, 975), (1118, 981), (1121, 980), (1125, 993), (1107, 999), (1110, 1009), (1107, 1011), (1105, 1013), (1104, 1016), (1104, 1019), (1105, 1023), (1107, 1025), (1109, 1027), (1112, 1028), (1116, 1027), (1119, 1026), (1121, 1023), (1122, 1020), (1122, 1017), (1122, 1015), (1129, 1013), (1131, 1012), (1133, 1012), (1132, 1009), (1136, 1008), (1140, 1007), (1146, 1005), (1145, 1001), (1154, 998)],
    '17': [(1264, 901), (1267, 912), (1274, 911), (1274, 917), (1268, 918), (1268, 918), (1268, 919), (1260, 921), (1260, 921), (1260, 922), (1255, 924), (1253, 924), (1251, 911), (1249, 904)],
    '18': [(691, 1234), (684, 1236), (683, 1234), (672, 1200), (668, 1188), (664, 1175), (667, 1174), (670, 1173), (672, 1177), (677, 1176), (676, 1174), (679, 1173), (684, 1172), (685, 1173), (686, 1173), (685, 1168), (692, 1166), (714, 1237), (694, 1243)],
    '19': [(1124, 366), (1151, 455), (1133, 460), (1137, 472), (1106, 481), (1102, 470), (1075, 381), (1073, 375), (1120, 361), (1123, 367)],
    '20': [(1033, 1483), (1095, 1465), (1067, 1376), (1063, 1377), (1028, 1388), (1032, 1399), (1038, 1397), (1043, 1412), (1030, 1417), (1033, 1425), (1027, 1426), (1031, 1441), (1037, 1439), (1038, 1444), (1036, 1445), (1035, 1444), (1027, 1446), (1032, 1463), (1026, 1465)],
    '21': [(681, 1417), (686, 1415), (691, 1414), (690, 1412), (704, 1407), (705, 1410), (710, 1408), (711, 1410), (715, 1409), (719, 1408), (718, 1406), (723, 1404), (722, 1402), (736, 1397), (737, 1400), (742, 1398), (746, 1397), (740, 1375), (738, 1370), (748, 1367), (746, 1361), (744, 1354), (733, 1357), (733, 1355), (739, 1351), (737, 1350), (729, 1343), (727, 1339), (727, 1337), (725, 1332), (705, 1339), (700, 1340), (699, 1341), (687, 1344), (686, 1345), (682, 1346), (664, 1352), (666, 1359), (667, 1361), (667, 1362), (670, 1373), (671, 1375), (672, 1377), (661, 1380), (663, 1386), (664, 1391), (672, 1389)],
    '22': [(632, 1028), (609, 955), (630, 949), (698, 928), (702, 941), (708, 939), (725, 993), (719, 995), (721, 1001), (709, 1004), (692, 1009)],
    '23': [(1551, 531), (1588, 519), (1586, 515), (1576, 481), (1575, 478), (1560, 483), (1538, 489)],
    '24': [(1467, 513), (1508, 500), (1500, 475), (1496, 476), (1490, 478), (1488, 475), (1485, 476), (1481, 477), (1482, 481), (1460, 488), (1465, 504), (1460, 505), (1462, 511), (1466, 510)],
    '25': [(1674, 624), (1638, 636), (1636, 632), (1628, 635), (1628, 635), (1626, 636), (1626, 636), (1616, 639), (1623, 660), (1635, 656), (1635, 657), (1638, 659), (1642, 657), (1644, 654), (1643, 652), (1643, 651), (1640, 649), (1678, 636)],
    '26': [(1659, 683), (1682, 675), (1697, 719), (1675, 727), (1667, 705), (1664, 706), (1656, 709), (1651, 697), (1660, 694), (1663, 693)],
    '27': [(800, 960), (819, 953), (826, 951), (831, 950), (849, 944), (851, 950), (897, 937), (893, 924), (915, 918), (907, 893), (885, 901), (882, 893), (887, 892), (887, 890), (896, 885), (901, 880), (895, 869), (892, 858), (883, 857), (874, 858), (874, 857), (857, 862), (858, 866), (857, 866), (866, 895), (869, 905), (818, 920), (810, 923), (806, 910), (784, 918), (798, 961)],
    '28': [(726, 998), (777, 983), (750, 896), (700, 911), (708, 939), (725, 993)],
    '29': [(855, 787), (852, 790), (848, 789), (846, 791), (843, 791), (839, 795), (840, 798), (838, 800), (840, 804), (836, 808), (837, 810), (835, 812), (838, 823), (850, 825), (859, 815), (863, 816), (865, 817), (866, 817), (867, 815), (867, 815), (867, 813), (865, 809), (874, 798), (872, 789), (871, 788), (860, 785), (858, 787)],
    '30': [(1047, 721), (1051, 732), (1058, 729), (1059, 731), (1068, 729), (1068, 728), (1080, 725), (1080, 725), (1086, 723), (1086, 723), (1098, 719), (1098, 720), (1107, 717), (1104, 708), (1103, 708), (1103, 707), (1102, 703), (1101, 703), (1100, 701), (1105, 700), (1104, 698), (1103, 696), (1102, 696), (1102, 695), (1104, 694), (1101, 685), (1101, 685), (1097, 674), (1098, 674), (1097, 672), (1097, 670), (1096, 668), (1096, 667), (1095, 668), (1092, 657), (1092, 656), (1089, 647), (1087, 648), (1087, 647), (1088, 647), (1087, 646), (1086, 642), (1082, 644), (1081, 642), (1082, 642), (1078, 628), (1069, 630), (1069, 631), (1058, 634), (1058, 634), (1052, 636), (1052, 636), (1039, 640), (1039, 639), (1030, 642), (1031, 644), (1024, 646), (1027, 658), (1034, 656), (1035, 657), (1044, 654), (1043, 653), (1056, 649), (1056, 650), (1062, 648), (1062, 648), (1073, 644), (1073, 645), (1074, 644), (1075, 646), (1074, 646), (1075, 651), (1076, 650), (1076, 651), (1075, 651), (1078, 661), (1079, 661), (1082, 671), (1082, 672), (1083, 678), (1084, 678), (1088, 689), (1087, 689), (1090, 699), (1091, 698), (1092, 699), (1091, 699), (1092, 704), (1093, 704), (1094, 705), (1094, 706), (1093, 706), (1082, 709), (1082, 709), (1075, 711), (1076, 711), (1073, 712), (1064, 715), (1064, 714), (1055, 717), (1055, 718)],
    '31': [(809, 661), (838, 667), (840, 673), (840, 674), (842, 674), (842, 675), (843, 678), (842, 679), (846, 691), (837, 699), (826, 696), (819, 705), (817, 706), (817, 707), (811, 706), (811, 705), (810, 702), (807, 692), (796, 690), (793, 679), (800, 671), (801, 670), (800, 668), (803, 665), (804, 666), (805, 665), (808, 662)],
    '32': [(451, 489), (457, 505), (457, 508), (459, 513), (473, 559), (497, 551), (483, 507), (487, 505), (488, 507), (493, 505), (492, 503), (529, 492), (531, 500), (534, 509), (563, 501), (574, 536), (576, 541), (593, 535), (604, 532), (600, 519), (597, 507), (595, 504), (611, 499), (609, 494), (607, 489), (598, 461), (600, 459), (599, 457), (599, 455), (596, 454), (592, 440), (565, 449), (567, 453), (545, 460), (545, 459), (543, 458), (540, 459), (531, 462), (529, 462), (528, 464), (529, 465), (507, 472), (505, 468), (479, 476), (480, 480)],
    '33': [(1174, 1253), (1162, 1257), (1161, 1252), (1155, 1254), (1158, 1263), (1140, 1269), (1120, 1206), (1114, 1188), (1126, 1184), (1132, 1182), (1137, 1199), (1138, 1196), (1139, 1195), (1141, 1197), (1142, 1197), (1143, 1196), (1147, 1198), (1146, 1199), (1147, 1200), (1150, 1201), (1149, 1202), (1148, 1204), (1159, 1201), (1164, 1219), (1170, 1238), (1172, 1243), (1172, 1245)],
    '34': [(851, 361), (792, 380), (804, 419), (808, 418), (811, 429), (822, 426), (815, 403), (828, 399), (825, 389), (840, 384), (850, 416), (866, 411)],
    '35': [(738, 1077), (738, 1069), (749, 1066), (753, 1079), (754, 1079), (762, 1103), (760, 1104), (724, 1116), (725, 1120), (726, 1124), (679, 1140), (673, 1142), (673, 1140), (671, 1140), (669, 1137), (663, 1139), (655, 1111), (652, 1111), (635, 1053), (641, 1051), (641, 1048), (652, 1044), (663, 1063), (675, 1087), (676, 1094), (675, 1101), (674, 1105), (675, 1108), (677, 1112), (680, 1115), (686, 1116), (697, 1118), (702, 1117), (705, 1113), (707, 1108), (708, 1105), (710, 1103), (720, 1096), (735, 1086), (738, 1083)],
    '36': [(881, 314), (896, 309), (900, 308), (917, 303), (900, 247), (894, 227), (889, 229), (881, 232), (865, 184), (849, 189), (838, 192), (822, 198), (838, 248), (858, 242)],
    '37': [(1219, 437), (1265, 422), (1271, 441), (1265, 443), (1266, 446), (1272, 443), (1280, 467), (1281, 467), (1284, 478), (1288, 490), (1288, 490), (1293, 507), (1283, 510), (1283, 510), (1274, 513), (1274, 515), (1279, 513), (1280, 518), (1263, 523), (1261, 519), (1266, 517), (1266, 516), (1257, 519), (1257, 518), (1247, 522), (1241, 505), (1241, 505), (1238, 496), (1233, 482), (1234, 482), (1226, 458), (1233, 456), (1232, 454), (1226, 457)],
    '38': [(1275, 418), (1283, 415), (1297, 410), (1306, 408), (1312, 422), (1315, 439), (1284, 449), (1279, 435)],
    '39': [(1261, 565), (1277, 561), (1301, 553), (1300, 551), (1302, 550), (1301, 549), (1310, 546), (1310, 545), (1314, 545), (1304, 583), (1285, 588), (1291, 606), (1265, 615), (1250, 567), (1260, 564)],
    '40': [(1348, 538), (1346, 550), (1344, 550), (1337, 549), (1337, 549), (1335, 549), (1335, 549), (1332, 549), (1331, 550), (1327, 549), (1326, 547), (1314, 545), (1310, 545), (1310, 546), (1301, 549), (1294, 551), (1292, 544), (1290, 537), (1297, 535), (1296, 531), (1294, 530), (1294, 529), (1294, 527), (1292, 518), (1306, 514), (1310, 525), (1311, 526), (1312, 523), (1320, 525), (1319, 526), (1324, 528), (1325, 524), (1332, 525), (1339, 527), (1338, 530), (1338, 533), (1341, 533), (1340, 535), (1340, 536), (1338, 535), (1338, 536)],
    '41': [(1296, 453), (1303, 450), (1301, 447), (1327, 438), (1331, 450), (1333, 450), (1334, 453), (1334, 454), (1337, 463), (1332, 464), (1333, 468), (1334, 470), (1305, 479)],
    '42': [(875, 620), (874, 613), (917, 599), (938, 665), (927, 668), (910, 674), (898, 678), (888, 681), (873, 632), (880, 630), (879, 628), (878, 627), (867, 630), (865, 629), (865, 626), (876, 622)],
    '43': [(918, 1422), (923, 1436), (926, 1446), (927, 1446), (930, 1458), (937, 1456), (933, 1444), (966, 1434), (959, 1409)],
    '44': [(934, 1478), (939, 1494), (947, 1521), (971, 1514), (972, 1517), (984, 1514), (977, 1494), (956, 1501), (951, 1484), (974, 1477), (970, 1467)],
    '45': [(1431, 1334), (1433, 1333), (1434, 1333), (1437, 1332), (1439, 1331), (1456, 1326), (1455, 1322), (1454, 1320), (1452, 1313), (1451, 1309), (1436, 1264), (1435, 1261), (1421, 1266), (1420, 1264), (1417, 1264), (1413, 1265), (1407, 1267), (1406, 1264), (1406, 1264), (1403, 1265), (1396, 1267), (1418, 1336), (1430, 1332)],
    '46': [(1325, 1361), (1335, 1391), (1336, 1395), (1340, 1407), (1361, 1400), (1359, 1394), (1372, 1390), (1373, 1394), (1377, 1393), (1384, 1390), (1389, 1389), (1393, 1388), (1392, 1384), (1407, 1379), (1409, 1385), (1430, 1378), (1425, 1362), (1420, 1348), (1415, 1349), (1414, 1350), (1412, 1350), (1411, 1350), (1407, 1352), (1396, 1356), (1397, 1358), (1381, 1364), (1380, 1360), (1374, 1362), (1371, 1363), (1369, 1364), (1370, 1367), (1350, 1373), (1344, 1355), (1330, 1360), (1328, 1361)],
    '47': [(1510, 1308), (1521, 1343), (1557, 1332), (1546, 1297), (1531, 1302), (1516, 1306)],
    '48': [(1474, 299), (1486, 291), (1465, 258), (1462, 255), (1458, 252), (1454, 250), (1450, 248), (1445, 247), (1439, 247), (1434, 248), (1411, 255), (1415, 270), (1436, 262), (1441, 261), (1446, 262), (1444, 266), (1448, 269), (1450, 264), (1453, 267)],
    '49': [(1559, 350), (1556, 351), (1552, 352), (1549, 345), (1554, 343), (1570, 338), (1580, 369), (1582, 369), (1584, 374), (1582, 375), (1586, 388), (1588, 387), (1590, 393), (1588, 394), (1595, 417), (1597, 417), (1599, 423), (1599, 425), (1601, 426), (1601, 427), (1601, 429), (1599, 429), (1608, 459), (1606, 460), (1628, 527), (1600, 536), (1596, 524), (1610, 520), (1613, 519), (1596, 462), (1593, 463), (1590, 453), (1592, 452), (1589, 441), (1585, 431), (1582, 432), (1578, 433), (1577, 429), (1576, 425), (1580, 424), (1583, 423)],
    '50': [(1478, 365), (1471, 368), (1470, 367), (1457, 371), (1457, 373), (1444, 377), (1443, 374), (1439, 375), (1436, 376), (1444, 403), (1445, 403), (1447, 409), (1456, 406), (1456, 408), (1462, 406), (1470, 404), (1469, 402), (1481, 398), (1479, 394), (1486, 392)],
    '51': [(1402, 390), (1404, 397), (1384, 404), (1388, 415), (1405, 410), (1409, 422), (1408, 423), (1407, 424), (1408, 426), (1409, 429), (1410, 429), (1410, 430), (1428, 425), (1429, 424), (1426, 414), (1424, 408), (1426, 408), (1425, 403), (1435, 399), (1431, 388), (1421, 391), (1420, 387), (1413, 389), (1412, 386), (1407, 388)],
    '52': [(1030, 901), (1031, 904), (1034, 903), (1036, 911), (1033, 912), (1034, 915), (997, 927), (998, 929), (996, 930), (996, 930), (1000, 929), (1001, 933), (1039, 921), (1041, 928), (1002, 941), (1007, 956), (1008, 958), (1003, 959), (1001, 956), (997, 944), (990, 947), (990, 943), (989, 940), (972, 945), (971, 944), (969, 938), (967, 938), (965, 931), (967, 931), (965, 925), (964, 921)],
    '53': [(978, 825), (990, 822), (980, 790), (968, 794), (968, 795), (964, 797), (941, 804), (941, 802), (927, 807), (953, 886), (966, 882), (965, 877), (992, 869), (993, 873), (1007, 869), (997, 839), (985, 844), (987, 851), (989, 855), (962, 864), (956, 845), (954, 846), (954, 844), (953, 841), (954, 840), (949, 823), (947, 819), (950, 818), (952, 819), (956, 818), (957, 815), (964, 813), (967, 815), (969, 814), (970, 811), (974, 810), (975, 814)],
    '54': [(1194, 1348), (1223, 1339), (1224, 1339), (1226, 1338), (1234, 1336), (1237, 1335), (1239, 1341), (1242, 1339), (1254, 1336), (1250, 1321), (1248, 1322), (1247, 1319), (1244, 1309), (1247, 1308), (1250, 1306), (1252, 1303), (1253, 1300), (1254, 1296), (1253, 1292), (1252, 1289), (1250, 1286), (1248, 1285), (1246, 1283), (1242, 1283), (1239, 1282), (1237, 1283), (1235, 1284), (1232, 1274), (1232, 1271), (1233, 1271), (1229, 1259), (1228, 1256), (1228, 1255), (1227, 1253), (1223, 1254), (1223, 1257), (1213, 1260), (1215, 1266), (1211, 1267), (1175, 1278), (1173, 1279)],
    '55': [(1002, 941), (1041, 928), (1044, 936), (1046, 944), (1007, 956)],
    '56': [(800, 960), (806, 978), (854, 962), (851, 950), (849, 944), (831, 950), (826, 951), (819, 953)],
    '57': [(961, 1237), (970, 1266), (983, 1261), (985, 1266), (991, 1264), (992, 1267), (997, 1265), (996, 1263), (1026, 1253), (1015, 1216), (1005, 1219), (1006, 1222), (996, 1225), (1002, 1245), (983, 1251), (977, 1232)],
    '58': [(774, 1310), (775, 1310), (774, 1309), (775, 1308), (773, 1305), (770, 1302), (767, 1299), (770, 1296), (773, 1300), (776, 1303), (779, 1307), (779, 1306), (781, 1308), (802, 1301), (811, 1328), (799, 1331), (800, 1332), (793, 1334), (793, 1334), (788, 1335), (784, 1329), (785, 1328), (778, 1316), (777, 1316)],
    '59': [(1756, 466), (1757, 491), (1754, 491), (1754, 497), (1758, 497), (1759, 522), (1764, 522), (1764, 524), (1781, 523), (1780, 517), (1779, 517), (1778, 502), (1790, 502), (1789, 487), (1794, 487), (1794, 481), (1781, 481), (1781, 477), (1776, 477), (1776, 465)],
    '60': [(1829, 500), (1828, 485), (1794, 487), (1789, 487), (1790, 502), (1790, 505), (1793, 505), (1797, 505), (1797, 502), (1807, 501), (1808, 504), (1815, 504), (1815, 500)],
    '61': [(1677, 585), (1692, 580), (1693, 583), (1696, 582), (1697, 585), (1699, 590), (1679, 597), (1676, 590), (1679, 589)],
    '62': [(1685, 606), (1698, 602), (1697, 598), (1703, 596), (1705, 600), (1707, 600), (1708, 603), (1706, 604), (1707, 605), (1703, 607), (1703, 608), (1704, 608), (1708, 619), (1707, 619), (1708, 623), (1702, 625), (1702, 622), (1697, 624), (1698, 629), (1690, 631), (1690, 630), (1689, 628), (1687, 628), (1684, 620), (1686, 619), (1685, 614), (1687, 613)],
    '63': [(1740, 594), (1748, 617), (1758, 614), (1756, 608), (1758, 607), (1754, 598), (1752, 599), (1749, 588), (1742, 590), (1741, 590), (1742, 593)],
    '64': [(1749, 556), (1742, 558), (1742, 557), (1739, 558), (1739, 559), (1730, 562), (1735, 579), (1750, 574), (1749, 570), (1748, 569), (1753, 567)],
    '65': [(1821, 591), (1816, 579), (1790, 588), (1788, 582), (1789, 582), (1787, 577), (1787, 577), (1784, 570), (1782, 563), (1782, 562), (1781, 557), (1780, 557), (1778, 553), (1783, 551), (1779, 538), (1757, 545), (1758, 549), (1755, 550), (1757, 555), (1760, 554), (1760, 556), (1761, 558), (1765, 557), (1766, 561), (1765, 562), (1767, 567), (1768, 567), (1770, 574), (1773, 581), (1771, 582), (1773, 587), (1774, 587), (1776, 592), (1766, 595), (1767, 599), (1763, 600), (1765, 605), (1769, 604), (1770, 607)],
    '66': [(1718, 540), (1724, 542), (1727, 543), (1728, 541), (1738, 544), (1739, 541), (1741, 541), (1750, 539), (1747, 527), (1736, 530), (1735, 528), (1732, 527), (1730, 529), (1730, 530), (1721, 528), (1719, 529), (1719, 532), (1719, 533)],
    '67': [(1689, 528), (1698, 525), (1724, 516), (1725, 520), (1735, 517), (1731, 504), (1734, 503), (1733, 498), (1732, 499), (1727, 481), (1726, 481), (1725, 477), (1727, 472), (1729, 473), (1733, 466), (1714, 456), (1709, 468), (1691, 460), (1674, 485), (1676, 489), (1678, 489), (1686, 512), (1684, 513)],
    '68': [(1552, 357), (1546, 340), (1541, 342), (1542, 345), (1491, 361), (1486, 363), (1491, 377), (1511, 370), (1513, 374), (1517, 372), (1516, 369)],
    '69': [(1105, 1262), (1077, 1271), (1077, 1272), (1076, 1273), (1078, 1279), (1081, 1289), (1083, 1289), (1084, 1291), (1094, 1288), (1104, 1284), (1108, 1283), (1112, 1282), (1106, 1264)],
    '70': [(1241, 1352), (1233, 1354), (1232, 1355), (1230, 1355), (1219, 1359), (1220, 1364), (1221, 1367), (1227, 1387), (1230, 1388), (1249, 1382), (1248, 1378), (1267, 1372), (1268, 1377), (1274, 1375), (1275, 1377), (1276, 1383), (1280, 1382), (1279, 1376), (1278, 1374), (1286, 1372), (1280, 1352), (1278, 1351), (1276, 1350), (1273, 1351), (1273, 1352), (1271, 1353), (1269, 1353), (1268, 1351), (1247, 1357), (1248, 1360), (1243, 1361)],
    '71': [(824, 1562), (789, 1573), (777, 1536), (798, 1529), (804, 1545), (817, 1541)],
    '72': [(1046, 1050), (1078, 1040), (1084, 1060), (1082, 1060), (1083, 1064), (1053, 1073)],
    '73': [(931, 1320), (938, 1342), (948, 1338), (950, 1344), (962, 1340), (967, 1355), (980, 1351), (979, 1346), (984, 1344), (982, 1338), (979, 1339), (978, 1335), (1006, 1326), (1003, 1317), (997, 1299), (942, 1316)],
    '74': [(1036, 1311), (1037, 1311), (1037, 1308), (1038, 1307), (1037, 1303), (1018, 1309), (1021, 1318), (1021, 1320), (1025, 1319), (1025, 1318), (1025, 1317), (1027, 1317), (1027, 1316), (1028, 1316), (1029, 1317), (1034, 1316), (1035, 1314), (1034, 1312)],
    '75': [(1134, 277), (1117, 283), (1117, 284), (1113, 285), (1116, 293), (1113, 292), (1109, 293), (1107, 296), (1107, 298), (1100, 300), (1098, 296), (1092, 298), (1093, 302), (1073, 308), (1071, 309), (1066, 296), (1050, 301), (1057, 322), (1063, 321), (1064, 324), (1078, 366), (1092, 362), (1096, 361), (1096, 358), (1099, 358), (1122, 352), (1127, 351), (1128, 353), (1127, 354), (1129, 358), (1141, 353), (1155, 349), (1144, 313), (1124, 319), (1123, 313), (1125, 313), (1127, 311), (1126, 306), (1141, 302)],
    '76': [(867, 365), (873, 386), (893, 379), (905, 375), (904, 374), (903, 370), (906, 369), (907, 366), (905, 362), (903, 360), (900, 360), (898, 355), (881, 360)],
    '77': [(1381, 251), (1401, 245), (1413, 283), (1400, 287), (1401, 289), (1365, 300), (1365, 298), (1363, 293), (1371, 291), (1368, 284), (1382, 280), (1380, 273), (1379, 270), (1383, 269), (1381, 261), (1384, 260)],
    '78': [(1358, 205), (1348, 208), (1348, 209), (1331, 214), (1331, 214), (1321, 217), (1325, 232), (1323, 233), (1327, 243), (1326, 243), (1323, 244), (1323, 245), (1323, 245), (1325, 251), (1327, 257), (1327, 257), (1327, 257), (1330, 256), (1331, 256), (1334, 266), (1336, 265), (1341, 280), (1352, 277), (1352, 277), (1368, 271), (1368, 272), (1378, 269), (1371, 247), (1366, 249), (1365, 247), (1361, 248), (1362, 250), (1346, 255), (1345, 254), (1348, 253), (1347, 251), (1350, 250), (1345, 233), (1348, 232), (1348, 234), (1366, 229)],
    '79': [(843, 791), (846, 791), (848, 789), (845, 789), (844, 783), (843, 779), (842, 777), (839, 769), (837, 771), (820, 791), (818, 793), (830, 795), (838, 797), (838, 800), (840, 798), (839, 795)],
    '80': [(810, 702), (808, 705), (801, 712), (794, 720), (797, 720), (823, 726), (826, 727), (824, 719), (820, 707), (819, 705), (817, 706), (817, 707), (811, 706), (811, 705)],
    '81': [(751, 1238), (761, 1235), (762, 1239), (770, 1236), (769, 1232), (816, 1219), (816, 1217), (814, 1210), (803, 1213), (799, 1200), (806, 1198), (804, 1190), (797, 1192), (795, 1185), (767, 1194), (769, 1199), (756, 1204), (747, 1207), (742, 1208)],
    '82': [(701, 1165), (722, 1158), (736, 1201), (720, 1206), (721, 1208), (708, 1212), (701, 1188), (708, 1185)],
    '83': [(733, 1269), (728, 1279), (736, 1283), (755, 1294), (763, 1298), (764, 1298), (764, 1298), (764, 1297), (767, 1299), (770, 1296), (766, 1294), (766, 1293), (767, 1292), (789, 1285), (788, 1280), (786, 1275), (782, 1260), (781, 1254), (757, 1261), (755, 1255), (751, 1256), (752, 1259), (751, 1259), (752, 1262), (735, 1267), (733, 1270)],
    '84': [(722, 1234), (714, 1237), (694, 1243), (691, 1244), (698, 1264), (702, 1269), (707, 1274), (713, 1277), (721, 1264), (720, 1262), (722, 1260), (722, 1258), (721, 1257), (720, 1255), (718, 1254), (718, 1253), (720, 1252), (722, 1253), (724, 1253), (726, 1252), (727, 1250), (728, 1249), (726, 1241), (724, 1242)],
    '85': [(888, 1330), (925, 1319), (936, 1356), (900, 1367)],
    '86': [(843, 540), (851, 537), (893, 525), (900, 546), (883, 551), (882, 547), (866, 552), (868, 560), (873, 576), (875, 582), (895, 576), (894, 573), (907, 569), (913, 585), (911, 586), (912, 588), (908, 589), (908, 591), (880, 600), (880, 602), (872, 604), (867, 606), (866, 602), (863, 603), (859, 591), (852, 567), (848, 555), (844, 543)],
    '87': [(697, 867), (703, 865), (727, 858), (728, 860), (729, 865), (731, 864), (732, 868), (730, 868), (731, 870), (731, 872), (731, 873), (730, 874), (729, 874), (727, 874), (725, 874), (725, 872), (724, 870), (721, 871), (719, 872), (719, 876), (709, 879), (708, 879), (707, 880), (702, 881)],
    '88': [(722, 826), (694, 835), (698, 846), (712, 842), (713, 844), (726, 840)],
    '89': [(953, 753), (949, 743), (914, 755), (920, 773), (924, 772), (924, 770), (928, 769), (929, 771), (935, 769), (937, 774), (940, 776), (943, 774), (945, 773), (944, 766), (946, 765), (949, 759), (947, 755)],
    '90': [(898, 713), (909, 747), (917, 744), (918, 747), (927, 745), (927, 745), (946, 739), (941, 723), (956, 718), (952, 706), (941, 670), (928, 674), (927, 668), (910, 674), (912, 679), (908, 680), (910, 685), (915, 702), (917, 707), (915, 708)],
    '91': [(812, 438), (832, 432), (837, 449), (837, 450), (818, 456), (814, 444), (814, 443), (813, 441), (813, 439)],
    '92': [(806, 561), (803, 550), (799, 552), (797, 544), (799, 543), (794, 525), (743, 540), (754, 576), (758, 575), (759, 578), (766, 576), (757, 547), (759, 547), (775, 542), (775, 544), (771, 545), (773, 552), (781, 550), (783, 551), (786, 551), (786, 549), (791, 548), (793, 552), (793, 553), (779, 557), (783, 569)],
    '93': [(765, 514), (789, 507), (793, 519), (769, 527)],
    '94': [(775, 458), (778, 469), (738, 482), (734, 471)],
    '95': [(741, 446), (768, 437), (772, 450), (745, 458)],
    '96': [(732, 425), (742, 422), (740, 415), (755, 411), (756, 411), (762, 409), (763, 415), (764, 417), (764, 419), (766, 424), (761, 425), (762, 428), (746, 433), (746, 431), (742, 432), (742, 434), (735, 436)],
    '97': [(792, 583), (797, 582), (796, 579), (808, 575), (820, 614), (824, 625), (812, 629), (811, 626), (809, 627), (807, 627), (807, 630), (789, 635), (788, 633), (786, 633), (784, 634), (786, 639), (774, 642), (764, 612), (798, 601)],
    '98': [(711, 399), (760, 383), (766, 402), (732, 412), (733, 414), (717, 419)],
    '99': [(821, 465), (832, 461), (843, 458), (850, 456), (854, 469), (847, 471), (850, 480), (828, 487)],
    '100': [(938, 244), (941, 243), (941, 243), (959, 237), (959, 238), (961, 237), (975, 281), (973, 282), (973, 282), (955, 288), (955, 288), (952, 288), (943, 260)],
    '101': [(1009, 1061), (1022, 1057), (1023, 1059), (1036, 1055), (1038, 1061), (1041, 1060), (1041, 1061), (1043, 1061), (1043, 1062), (1044, 1061), (1046, 1067), (1045, 1067), (1045, 1068), (1036, 1071), (1037, 1072), (1031, 1074), (1030, 1073), (1018, 1077), (1017, 1074), (1012, 1076), (1010, 1069), (1012, 1068)],
    '102': [(1054, 1076), (1041, 1080), (1041, 1082), (1023, 1088), (1023, 1090), (1025, 1096), (1024, 1096), (1027, 1105), (1029, 1104), (1030, 1109), (1038, 1106), (1038, 1105), (1042, 1104), (1042, 1106), (1048, 1104), (1047, 1099), (1058, 1096), (1057, 1094), (1060, 1093), (1059, 1088), (1058, 1088)],
    '103': [(525, 665), (550, 657), (564, 700), (538, 708)],
    '104': [(955, 892), (985, 882), (984, 877), (994, 874), (996, 878), (1011, 872), (1018, 892), (988, 902), (986, 897), (960, 906)],
    '105': [(552, 808), (578, 799), (582, 812), (556, 820)],
    '106': [(1899, 1228), (1903, 1227), (1903, 1228), (1913, 1225), (1912, 1221), (1914, 1220), (1909, 1205), (1912, 1204), (1902, 1177), (1880, 1184), (1888, 1207), (1891, 1206)],
    '107': [(1010, 591), (1015, 590), (1033, 584), (1060, 576), (1069, 603), (1019, 619), (1011, 592)],
    '108': [(711, 316), (732, 310), (736, 325), (734, 325), (736, 330), (738, 330), (740, 336), (738, 337), (739, 342), (741, 341), (746, 356), (731, 360), (731, 360), (714, 365), (714, 366), (700, 370), (693, 349), (692, 344), (713, 338), (712, 334), (716, 333), (713, 325), (712, 319)],
    '109': [(990, 1496), (1019, 1488), (1009, 1455), (1001, 1458), (1003, 1464), (990, 1468), (988, 1462), (980, 1465)],
    '110': [(1175, 1388), (1216, 1375), (1214, 1368), (1220, 1367), (1221, 1367), (1220, 1364), (1219, 1364), (1213, 1365), (1212, 1360), (1210, 1353), (1194, 1358), (1169, 1366)],
    '111': [(1341, 1314), (1369, 1305), (1381, 1339), (1365, 1345), (1363, 1345), (1353, 1349)],
    '112': [(931, 606), (926, 592), (931, 590), (931, 591), (946, 586), (942, 576), (935, 578), (935, 581), (928, 583), (928, 581), (924, 582), (909, 535), (911, 534), (924, 530), (926, 536), (927, 539), (934, 562), (954, 555), (959, 569), (959, 571), (956, 572), (960, 586), (962, 591), (966, 604), (971, 603), (976, 618), (968, 621), (969, 624), (973, 623), (974, 622), (980, 640), (983, 649), (967, 654), (966, 653), (958, 627), (962, 626), (961, 623), (935, 631), (935, 629), (931, 616), (947, 611), (945, 606), (947, 605), (946, 601)],
    '113': [(1515, 1275), (1498, 1280), (1492, 1261), (1490, 1256), (1526, 1244), (1534, 1249), (1543, 1254), (1552, 1282), (1547, 1284), (1521, 1292), (1516, 1278), (1532, 1273), (1529, 1262), (1526, 1261), (1512, 1266)],
    '114': [(1423, 1191), (1445, 1184), (1443, 1176), (1442, 1176), (1441, 1173), (1441, 1172), (1432, 1145), (1433, 1145), (1432, 1140), (1430, 1137), (1429, 1137), (1423, 1118), (1424, 1117), (1422, 1115), (1421, 1117), (1419, 1116), (1415, 1117), (1412, 1117), (1409, 1118), (1406, 1120), (1404, 1122), (1403, 1121), (1402, 1124), (1403, 1125), (1414, 1161), (1419, 1178), (1413, 1180), (1415, 1186), (1421, 1184)],
    '115': [(1377, 1177), (1389, 1173), (1394, 1188), (1396, 1196), (1399, 1205), (1402, 1204), (1404, 1204), (1432, 1195), (1433, 1201), (1434, 1203), (1434, 1204), (1436, 1209), (1439, 1208), (1438, 1206), (1483, 1192), (1487, 1207), (1490, 1216), (1497, 1236), (1465, 1245), (1462, 1247), (1452, 1250), (1451, 1246), (1445, 1248), (1443, 1241), (1433, 1244), (1425, 1247), (1409, 1252), (1403, 1254), (1403, 1254), (1399, 1255), (1398, 1255), (1396, 1249), (1394, 1250), (1391, 1243), (1362, 1253), (1350, 1257), (1340, 1260), (1339, 1256), (1297, 1269), (1295, 1260), (1291, 1262), (1271, 1200), (1270, 1197), (1275, 1195), (1273, 1189), (1324, 1174), (1323, 1173), (1335, 1169), (1337, 1174), (1364, 1165), (1373, 1162), (1376, 1174)],
    '116': [(1408, 1044), (1425, 1039), (1433, 1069), (1434, 1071), (1434, 1072), (1431, 1073), (1432, 1076), (1432, 1077), (1435, 1088), (1418, 1093), (1415, 1094), (1407, 1097), (1403, 1082), (1405, 1081), (1404, 1076), (1407, 1075), (1409, 1080), (1409, 1079), (1411, 1083), (1417, 1081), (1414, 1071), (1416, 1071), (1416, 1070), (1408, 1073), (1407, 1070), (1415, 1067)],
    '117': [(688, 694), (669, 700), (646, 707), (651, 724), (654, 723), (654, 722), (693, 710)],
    '118': [(630, 824), (635, 840), (644, 837), (646, 843), (649, 842), (647, 836), (654, 834), (655, 837), (661, 835), (662, 837), (670, 834), (671, 834), (667, 822), (672, 821), (671, 817), (669, 818), (667, 812), (646, 819)],
    '119': [(651, 785), (663, 782), (658, 765), (657, 763), (655, 761), (653, 760), (651, 761), (649, 762), (648, 764), (647, 766), (648, 768), (646, 768)],
    '120': [(491, 610), (511, 604), (511, 603), (517, 601), (514, 592), (488, 600)],
    '121': [(1575, 582), (1597, 575), (1608, 571), (1619, 604), (1619, 604), (1608, 608), (1606, 608), (1604, 602), (1606, 601), (1602, 590), (1600, 591), (1599, 588), (1584, 593), (1584, 591), (1579, 593)],
    '122': [(1608, 608), (1619, 604), (1627, 630), (1594, 641), (1590, 629), (1613, 622)],
    '123': [(1664, 493), (1646, 434), (1650, 433), (1654, 431), (1657, 441), (1681, 433), (1677, 421), (1676, 421), (1674, 415), (1670, 416), (1669, 414), (1639, 424), (1639, 424), (1637, 425), (1633, 426), (1633, 427), (1631, 428), (1632, 430), (1628, 432), (1634, 452), (1632, 453), (1634, 461), (1630, 463), (1631, 466), (1636, 464), (1638, 464), (1649, 499), (1651, 498), (1653, 501), (1655, 501), (1655, 501), (1661, 500), (1660, 498), (1664, 497), (1663, 494)],
    '124': [(1653, 533), (1665, 529), (1660, 515), (1665, 513), (1664, 509), (1659, 510), (1647, 514)],
    '125': [(1703, 751), (1707, 765), (1715, 762), (1711, 749)],
    '126': [(1621, 719), (1616, 704), (1611, 706), (1610, 703), (1611, 702), (1610, 697), (1625, 692), (1626, 694), (1644, 688), (1649, 702), (1626, 709), (1628, 717)],
    '127': [(1623, 724), (1627, 723), (1627, 721), (1638, 718), (1639, 719), (1648, 716), (1650, 723), (1645, 724), (1647, 731), (1643, 732), (1643, 733), (1631, 737), (1630, 735), (1626, 736)],
    '128': [(1647, 772), (1649, 778), (1662, 773), (1661, 770), (1663, 769), (1660, 760), (1663, 759), (1660, 753), (1638, 761), (1640, 768), (1642, 774)],
    '129': [(1479, 329), (1477, 324), (1467, 327), (1469, 333), (1443, 342), (1429, 353), (1424, 346), (1426, 344), (1426, 343), (1422, 330), (1414, 303), (1424, 300), (1423, 294), (1429, 292), (1434, 306), (1430, 307), (1437, 329), (1443, 327), (1441, 321), (1462, 314), (1463, 318), (1474, 315), (1470, 303), (1485, 298), (1496, 332), (1481, 337)],
    '130': [(1420, 285), (1413, 287), (1414, 289), (1403, 293), (1404, 298), (1399, 300), (1398, 299), (1393, 301), (1394, 302), (1389, 303), (1386, 294), (1376, 297), (1382, 316), (1391, 314), (1393, 321), (1394, 325), (1396, 331), (1394, 332), (1397, 342), (1414, 337), (1416, 346), (1426, 343), (1422, 330), (1414, 303), (1424, 300), (1423, 294)],
    '131': [(1577, 337), (1582, 353), (1587, 352), (1588, 353), (1592, 352), (1591, 351), (1596, 349), (1612, 399), (1620, 396), (1621, 396), (1629, 393), (1611, 335), (1613, 334), (1611, 326), (1600, 329)],
    '132': [(1641, 368), (1647, 389), (1678, 380), (1683, 378), (1686, 377), (1718, 367), (1719, 367), (1712, 346), (1696, 351), (1679, 356)],
    '133': [(1394, 1433), (1420, 1424), (1424, 1423), (1485, 1403), (1494, 1433), (1446, 1449), (1444, 1450), (1422, 1457), (1419, 1458), (1404, 1463)],
    '134': [(1357, 1439), (1357, 1440), (1370, 1482), (1383, 1478), (1370, 1435)],
    '135': [(1346, 1495), (1372, 1487), (1385, 1482), (1392, 1504), (1394, 1507), (1381, 1511), (1379, 1505), (1349, 1515), (1344, 1499), (1347, 1498)],
    '136': [(1409, 1482), (1424, 1476), (1428, 1475), (1446, 1469), (1446, 1471), (1451, 1469), (1454, 1479), (1450, 1481), (1454, 1492), (1469, 1541), (1432, 1553), (1418, 1511), (1413, 1496)],
    '137': [(1462, 1490), (1485, 1482), (1481, 1470), (1485, 1468), (1483, 1462), (1479, 1463), (1475, 1451), (1452, 1458), (1455, 1468), (1453, 1468), (1451, 1469), (1454, 1479), (1458, 1478)],
    '138': [(1033, 584), (1035, 578), (1033, 572), (1035, 572), (1036, 570), (1035, 565), (1032, 564), (1028, 566), (1027, 562), (1014, 566), (1010, 574), (1013, 584), (1015, 590)],
    '139': [(859, 439), (868, 469), (870, 473), (870, 474), (872, 479), (874, 486), (858, 491), (856, 485), (832, 492), (839, 515), (838, 515), (842, 528), (898, 510), (869, 421), (835, 431), (839, 445), (841, 444), (843, 444)],
    '140': [(660, 423), (673, 419), (703, 410), (704, 414), (714, 411), (717, 422), (722, 438), (688, 449), (646, 462), (643, 453), (641, 453), (642, 457), (636, 459), (632, 446), (652, 440), (664, 436)],
    '141': [(732, 493), (740, 516), (750, 513), (746, 501), (762, 496), (766, 507), (777, 504), (774, 492), (782, 489), (778, 478)],
    '142': [(1181, 774), (1183, 779), (1181, 780), (1182, 783), (1184, 783), (1185, 788), (1184, 790), (1185, 792), (1187, 793), (1189, 798), (1202, 794), (1200, 789), (1220, 783), (1215, 767), (1195, 774), (1194, 770)],
    '143': [(1285, 742), (1274, 746), (1275, 750), (1270, 751), (1274, 764), (1291, 758)],
    '144': [(960, 767), (949, 730), (966, 725), (977, 761)],
    '145': [(891, 691), (894, 701), (904, 698), (906, 704), (915, 702), (910, 685)],
    '146': [(1209, 861), (1210, 861), (1210, 859), (1208, 860), (1208, 858), (1206, 859), (1207, 860), (1205, 861), (1202, 862), (1201, 862), (1200, 862), (1199, 861), (1198, 861), (1198, 863), (1197, 863), (1197, 865), (1199, 864), (1201, 872), (1199, 872), (1200, 874), (1201, 873), (1202, 875), (1203, 874), (1203, 873), (1204, 872), (1206, 872), (1209, 871), (1210, 870), (1211, 872), (1212, 872), (1212, 870), (1213, 869), (1213, 868), (1211, 869), (1210, 867)],
    '147': [(1436, 1264), (1437, 1263), (1440, 1259), (1462, 1249), (1462, 1247), (1452, 1250), (1451, 1246), (1445, 1248), (1443, 1241), (1433, 1244), (1425, 1247), (1409, 1252), (1403, 1254), (1406, 1262), (1406, 1264), (1407, 1267), (1413, 1265), (1417, 1264), (1420, 1264), (1421, 1266), (1435, 1261)],
    '148': [(1281, 409), (1283, 415), (1297, 410), (1295, 404), (1292, 405)],
    '149': [(1695, 317), (1686, 320), (1684, 313), (1686, 312), (1683, 303), (1690, 300)],
    '150': [(1695, 317), (1703, 315), (1701, 308), (1699, 309), (1696, 298), (1690, 300)],
    '151': [(389, 636), (393, 635), (433, 622), (435, 622), (439, 633), (443, 646), (448, 664), (402, 678), (397, 661)],
    '152': [(727, 1212), (736, 1243), (752, 1239), (751, 1238), (742, 1208), (742, 1207)],
    '153': [(723, 570), (715, 572), (716, 574), (706, 577), (706, 575), (695, 579), (695, 577), (692, 578), (692, 576), (689, 577), (690, 581), (689, 584), (685, 585), (682, 584), (681, 581), (678, 582), (676, 577), (674, 576), (673, 572), (674, 570), (676, 570), (674, 564), (683, 561), (684, 565), (691, 563), (689, 558), (709, 552), (710, 555), (713, 554), (714, 556), (723, 554), (726, 563), (721, 565)],
    '154': [(2011, 157), (2007, 144), (1979, 153), (1982, 162), (1954, 171), (1950, 159), (1914, 171), (1920, 190), (1921, 190), (1923, 195), (1944, 188), (1949, 203), (2005, 186), (2006, 182), (2005, 177), (2000, 175), (1995, 176), (1993, 170), (2014, 164)],
    '155': [(1034, 316), (1087, 483), (1093, 481), (1104, 478), (1082, 407), (1069, 366), (1052, 310), (1042, 313)],
    '156': [(1686, 806), (1679, 786), (1677, 779), (1666, 782), (1665, 779), (1643, 786), (1647, 798), (1643, 799), (1639, 800), (1642, 807), (1645, 806), (1648, 805), (1651, 812), (1649, 814), (1650, 817), (1652, 817), (1653, 819), (1659, 817), (1660, 817), (1663, 816), (1665, 813), (1672, 811), (1675, 818), (1684, 815), (1681, 807)],
    '157': [(2010, 1731), (1971, 1744), (1969, 1740), (1961, 1743), (1928, 1753), (1952, 1828), (1978, 1819), (1979, 1823), (1996, 1818), (2023, 1809), (2022, 1808), (2033, 1804)],
    '158': [(1761, 1881), (1770, 1879), (1796, 1870), (1803, 1867), (1814, 1901), (1772, 1915)],
    '159': [(1812, 1910), (1806, 1912), (1802, 1913), (1802, 1915), (1777, 1923), (1778, 1927), (1793, 1968), (1794, 1973), (1824, 1963), (1821, 1956), (1826, 1954), (1824, 1948)],
    '160': [(1973, 1864), (2006, 1854), (2040, 1843), (2046, 1860), (2027, 1866), (2028, 1871), (2053, 1863), (2055, 1870), (2066, 1902), (2027, 1914), (2020, 1917), (1987, 1927), (1974, 1888), (1980, 1886), (1978, 1881)],
    '161': [(1497, 1399), (1498, 1403), (1500, 1408), (1502, 1408), (1510, 1431), (1517, 1429), (1517, 1431), (1500, 1436), (1503, 1445), (1527, 1437), (1524, 1429), (1524, 1426), (1529, 1425), (1531, 1426), (1533, 1425), (1534, 1422), (1534, 1420), (1532, 1419), (1526, 1400), (1527, 1400), (1525, 1394), (1524, 1391), (1523, 1389), (1521, 1389), (1519, 1389), (1518, 1390), (1501, 1396), (1500, 1395), (1498, 1396), (1497, 1398)],
    '162': [(580, 610), (582, 610), (581, 608), (585, 607), (589, 619), (588, 620), (591, 628), (588, 629), (589, 631), (586, 632)],
    '163': [(565, 614), (559, 616), (563, 627), (564, 627), (567, 636), (572, 634)],
    '164': [(537, 622), (531, 624), (534, 635), (535, 635), (539, 647), (545, 645)],
    '165': [(609, 600), (617, 625), (613, 626), (612, 623), (608, 624), (607, 620), (605, 620), (604, 614), (605, 614), (602, 602)],
    '166': [(651, 661), (668, 656), (671, 663), (661, 666), (654, 668)],
    '167': [(575, 731), (572, 732), (571, 730), (567, 731), (572, 744), (578, 742)],
    '168': [(1686, 1297), (1699, 1292), (1700, 1296), (1702, 1299), (1689, 1304), (1688, 1304), (1688, 1301)],
    '169': [(670, 545), (691, 538), (691, 539), (702, 536), (704, 541), (700, 543), (700, 543), (672, 552)],
    '170': [(727, 521), (720, 523), (724, 535), (731, 533)],
    '171': [(718, 496), (711, 499), (715, 510), (722, 508)],
    '172': [(655, 499), (703, 484), (707, 496), (676, 506), (675, 504), (662, 508), (657, 505)],
    '173': [(724, 510), (715, 513), (718, 521), (726, 518)],
    '174': [(704, 458), (694, 462), (696, 469), (706, 466)],
    '175': [(652, 485), (683, 476), (686, 487), (669, 492), (670, 493), (656, 497), (655, 494), (654, 494), (653, 492), (654, 490)],
    '176': [(665, 529), (682, 524), (682, 525), (692, 522), (693, 527), (690, 528), (690, 529), (664, 537), (663, 533), (666, 532)],
    '177': [(660, 512), (681, 506), (682, 508), (688, 506), (690, 512), (659, 521), (659, 519), (660, 517), (662, 517)],
    '178': [(730, 634), (732, 639), (730, 639), (735, 654), (749, 650), (742, 630)],
    '179': [(745, 630), (755, 627), (757, 633), (759, 632), (763, 644), (749, 648), (745, 636), (747, 635)],
    '180': [(711, 605), (688, 613), (692, 626), (715, 618), (714, 616), (718, 615), (716, 607), (712, 608)],
    '181': [(706, 588), (682, 596), (687, 610), (710, 602), (709, 600), (712, 599), (711, 595), (708, 595)],
    '182': [(728, 638), (697, 648), (702, 663), (712, 660), (713, 663), (719, 661), (718, 659), (733, 654)],
    '183': [(535, 755), (531, 742), (542, 738), (544, 746), (550, 744), (552, 750)],
    '184': [(542, 779), (564, 772), (568, 785), (545, 792), (544, 788), (546, 788), (545, 783), (543, 784)],
    '185': [(547, 794), (573, 786), (574, 791), (572, 792), (573, 798), (568, 800), (568, 801), (551, 806)],
    '186': [(594, 727), (593, 727), (592, 725), (587, 727), (592, 742), (593, 741), (595, 749), (601, 748)],
    '187': [(644, 790), (639, 791), (639, 789), (638, 790), (635, 780), (637, 779), (636, 775), (639, 774)],
    '188': [(613, 777), (620, 775), (624, 790), (617, 792)],
    '189': [(604, 780), (611, 802), (618, 800), (612, 778)],
    '190': [(608, 721), (601, 723), (605, 734), (606, 733), (610, 746), (615, 744), (614, 742)],
    '191': [(611, 764), (617, 762), (619, 769), (613, 771)],
    '192': [(626, 720), (629, 719), (628, 717), (632, 715), (637, 732), (630, 734)],
    '193': [(622, 777), (627, 794), (636, 792), (630, 774)],
    '194': [(634, 718), (635, 716), (638, 715), (637, 714), (640, 713), (645, 729), (638, 731)],
    '195': [(615, 718), (620, 716), (621, 719), (624, 718), (629, 734), (621, 737)],
    '196': [(691, 768), (705, 764), (708, 774), (694, 778)],
    '197': [(556, 734), (564, 732), (566, 740), (558, 742)],
    '198': [(641, 626), (659, 621), (667, 648), (666, 649), (667, 652), (659, 654), (660, 657), (652, 659), (650, 653), (654, 652), (648, 630), (642, 632)],
    '199': [(632, 604), (651, 598), (655, 611), (635, 617)],
    '200': [(643, 615), (655, 612), (657, 619), (641, 624), (640, 618), (644, 617)],
    '201': [(559, 586), (552, 588), (549, 576), (551, 575), (548, 565), (552, 564), (554, 569)],
    '202': [(543, 590), (542, 591), (542, 594), (538, 595), (537, 592), (536, 593), (532, 581), (534, 581), (533, 575), (538, 573)],
    '203': [(581, 567), (583, 566), (580, 556), (585, 555), (592, 576), (584, 578)],
    '204': [(570, 564), (568, 557), (573, 555), (577, 567), (579, 567), (584, 581), (577, 583)],
    '205': [(519, 586), (520, 586), (518, 577), (523, 575), (530, 597), (525, 599), (525, 597), (523, 597)],
    '206': [(528, 558), (541, 554), (542, 558), (529, 562)],
    '207': [(503, 572), (504, 577), (500, 578), (500, 580), (482, 585), (481, 579)],
    '208': [(485, 593), (483, 587), (499, 582), (501, 583), (506, 581), (508, 586)],
    '209': [(700, 821), (720, 815), (723, 823), (703, 829)],
    '210': [(702, 815), (701, 812), (707, 811), (706, 809), (717, 806), (718, 810)],
    '211': [(692, 723), (691, 718), (680, 721), (680, 722), (668, 726), (669, 729), (671, 729), (671, 730)],
    '212': [(694, 738), (696, 747), (687, 749), (688, 751), (677, 754), (674, 746), (683, 743), (682, 741)],
    '213': [(691, 729), (694, 737), (682, 741), (676, 743), (674, 740), (673, 740), (672, 737), (679, 735), (678, 733)],
    '214': [(1020, 1395), (1013, 1397), (1009, 1384), (1023, 1380), (1059, 1369), (1058, 1366), (1057, 1362), (1063, 1360), (1050, 1318), (1046, 1320), (1039, 1322), (1039, 1321), (1024, 1325), (1022, 1326), (1020, 1319), (1021, 1318), (1018, 1309), (1037, 1303), (1036, 1300), (1033, 1293), (1032, 1293), (1031, 1291), (1030, 1291), (1030, 1290), (1015, 1295), (1015, 1296), (1006, 1298), (1016, 1328), (1012, 1329), (1017, 1346), (951, 1366), (952, 1370), (959, 1393), (962, 1392), (962, 1393), (960, 1394), (961, 1397), (961, 1399), (962, 1401), (969, 1422), (972, 1432), (1000, 1423), (1001, 1423), (1002, 1426), (1004, 1428), (1008, 1430), (1011, 1430), (1015, 1430), (1018, 1428), (1021, 1426), (1021, 1427), (1022, 1426), (1020, 1420), (1021, 1419), (1022, 1421), (1027, 1419)],
    '215': [(1142, 1410), (1155, 1406), (1155, 1404), (1162, 1402), (1159, 1394), (1167, 1391), (1162, 1378), (1161, 1378), (1160, 1376), (1153, 1379), (1151, 1371), (1139, 1375), (1140, 1378), (1131, 1381), (1133, 1388), (1132, 1389), (1133, 1395), (1136, 1395), (1136, 1397), (1137, 1401), (1139, 1400)],
    '216': [(1764, 1861), (1770, 1879), (1796, 1870), (1790, 1852)],
    '217': [(1711, 738), (1709, 732), (1708, 733), (1706, 728), (1707, 728), (1705, 722), (1689, 728), (1695, 743), (1703, 740), (1704, 743), (1707, 742), (1706, 739)],
    '218': [(1755, 518), (1754, 509), (1750, 509), (1750, 518)],
    '219': [(1471, 416), (1487, 412), (1487, 409), (1487, 407), (1490, 404), (1494, 403), (1497, 405), (1499, 408), (1517, 402), (1522, 416), (1526, 418), (1527, 422), (1525, 426), (1528, 436), (1518, 440), (1519, 442), (1505, 446), (1499, 448), (1498, 446), (1493, 447), (1494, 451), (1489, 452), (1483, 454), (1478, 440), (1477, 440), (1475, 439), (1473, 434), (1474, 432), (1476, 431), (1475, 429)],
    '220': [(1410, 430), (1417, 452), (1414, 453), (1414, 455), (1412, 455), (1413, 458), (1413, 461), (1416, 460), (1416, 461), (1419, 460), (1428, 488), (1435, 486), (1436, 488), (1438, 487), (1441, 486), (1441, 484), (1461, 477), (1461, 476), (1462, 476), (1459, 467), (1459, 467), (1458, 467), (1457, 467), (1456, 464), (1452, 465), (1453, 468), (1445, 471), (1444, 469), (1443, 467), (1440, 467), (1439, 465), (1436, 455), (1440, 454), (1437, 446), (1434, 447), (1428, 425)],
    '221': [(1419, 1458), (1421, 1464), (1424, 1476), (1428, 1475), (1424, 1463), (1422, 1457)],
    '222': [(1451, 1469), (1453, 1468), (1449, 1456), (1446, 1449), (1444, 1450), (1446, 1456)],
    '223': [(654, 668), (657, 679), (676, 673), (674, 667), (670, 668), (670, 666), (664, 668), (665, 670), (663, 671), (661, 666)],
    '224': [(993, 514), (1000, 518), (1001, 529), (1047, 515), (1069, 489), (1074, 494), (1079, 488), (1084, 491), (1087, 490), (1088, 489), (1106, 483), (1111, 501), (1058, 518), (1057, 515), (1053, 519), (984, 540), (980, 529), (983, 529), (982, 525), (990, 521)],
    '225': [(1875, 1178), (1881, 1198), (1875, 1200), (1873, 1192), (1871, 1192), (1867, 1180)],
    '226': [(647, 670), (648, 677), (644, 678), (646, 683), (639, 685), (636, 673)],
    '227': [(629, 853), (638, 851), (640, 858), (631, 861)],
    '228': [(618, 825), (623, 824), (628, 822), (632, 834), (627, 836), (626, 836), (629, 844), (625, 845)],
    '229': [(1679, 356), (1677, 351), (1674, 352), (1673, 350), (1675, 350), (1674, 346), (1684, 342), (1686, 346), (1693, 344), (1696, 351)],
    '230': [(905, 1381), (918, 1422), (959, 1409), (945, 1368)],
    '231': [(771, 412), (763, 415), (764, 417), (764, 419), (772, 416)],
    '232': [(1447, 1270), (1458, 1303), (1459, 1303), (1464, 1318), (1463, 1319), (1464, 1321), (1465, 1321), (1467, 1327), (1466, 1327), (1472, 1347), (1515, 1333), (1511, 1320), (1498, 1324), (1494, 1312), (1492, 1307), (1495, 1306), (1491, 1292), (1485, 1294), (1483, 1289), (1486, 1288), (1483, 1279), (1473, 1283), (1472, 1279), (1474, 1279), (1473, 1278), (1481, 1275), (1482, 1278), (1486, 1277), (1484, 1271), (1483, 1271), (1482, 1269), (1489, 1267), (1487, 1262), (1486, 1263), (1485, 1259), (1480, 1260), (1480, 1260), (1471, 1262), (1471, 1261), (1464, 1264), (1457, 1266), (1457, 1266)],
    '233': [(1393, 321), (1390, 322), (1390, 324), (1391, 326), (1394, 325)],
    '234': [(1368, 284), (1366, 278), (1380, 273), (1382, 280)],
    '235': [(1094, 614), (1080, 619), (1083, 629), (1092, 626), (1097, 624)],
    '236': [(899, 482), (934, 471), (933, 466), (915, 412), (908, 388), (907, 384), (896, 388), (871, 395), (880, 423)],
    '237': [(893, 379), (894, 384), (895, 387), (874, 394), (871, 386), (873, 386)],
    '238': [(156, 93), (160, 105), (157, 107), (161, 119), (194, 108), (201, 129), (213, 125), (212, 122), (204, 98), (195, 101), (192, 92), (186, 94), (185, 88), (176, 91), (178, 95), (167, 99), (164, 91)],
    '239': [(535, 755), (552, 750), (565, 745), (568, 755), (567, 756), (569, 760), (564, 762), (566, 769), (542, 777)],
    '240': [(1709, 402), (1763, 384), (1768, 383), (1808, 371), (1813, 387), (1829, 433), (1823, 435), (1825, 440), (1791, 451), (1779, 415), (1810, 405), (1805, 389), (1802, 381), (1770, 391), (1766, 392), (1746, 399), (1746, 401), (1757, 433), (1722, 444), (1711, 409)],
    '241': [(393, 635), (390, 624), (430, 612), (433, 622)],
    '242': [(1159, 1201), (1160, 1200), (1163, 1200), (1174, 1196), (1174, 1195), (1176, 1195), (1176, 1193), (1177, 1191), (1178, 1191), (1178, 1190), (1180, 1189), (1181, 1189), (1183, 1189), (1184, 1189), (1185, 1190), (1186, 1191), (1188, 1191), (1189, 1192), (1193, 1192), (1197, 1193), (1201, 1194), (1204, 1195), (1207, 1197), (1210, 1200), (1212, 1202), (1214, 1205), (1216, 1205), (1216, 1207), (1218, 1207), (1220, 1208), (1221, 1209), (1222, 1211), (1222, 1212), (1222, 1214), (1221, 1216), (1220, 1217), (1220, 1219), (1219, 1220), (1219, 1222), (1219, 1226), (1218, 1229), (1217, 1232), (1216, 1235), (1214, 1237), (1212, 1240), (1210, 1242), (1208, 1244), (1206, 1245), (1206, 1247), (1204, 1247), (1204, 1249), (1203, 1251), (1201, 1253), (1198, 1253), (1195, 1252), (1194, 1250), (1192, 1251), (1189, 1244), (1186, 1244), (1184, 1243), (1182, 1242), (1180, 1243), (1179, 1244), (1181, 1251), (1174, 1253), (1172, 1245), (1172, 1243), (1170, 1238), (1164, 1219)],
    '243': [(1382, 1272), (1383, 1278), (1370, 1283), (1376, 1306), (1383, 1304), (1398, 1348), (1404, 1346), (1405, 1349), (1411, 1347), (1413, 1347), (1414, 1346), (1414, 1345), (1420, 1343), (1418, 1336), (1396, 1267)],
    '244': [(1382, 1278), (1378, 1263), (1340, 1276), (1340, 1274), (1330, 1277), (1331, 1280), (1324, 1283), (1323, 1281), (1316, 1284), (1316, 1284), (1307, 1287), (1301, 1289), (1314, 1328), (1315, 1331), (1312, 1331), (1315, 1341), (1318, 1340), (1323, 1357), (1326, 1356), (1329, 1355), (1345, 1350), (1343, 1343), (1347, 1342), (1344, 1335), (1341, 1336), (1336, 1320), (1341, 1319), (1339, 1315), (1336, 1316), (1336, 1313), (1334, 1313), (1333, 1309), (1373, 1296), (1369, 1282)],
    '245': [(986, 717), (988, 724), (992, 723), (990, 715)],
    '246': [(1058, 1208), (1072, 1254), (1073, 1257), (1087, 1252), (1088, 1252), (1105, 1247), (1107, 1246), (1122, 1241), (1121, 1239), (1106, 1192), (1103, 1194), (1099, 1195), (1065, 1205), (1061, 1207)],
    '247': [(860, 387), (860, 375), (866, 375), (866, 377), (870, 377), (870, 385), (866, 385), (866, 387)],
    '248': [(749, 740), (763, 747), (762, 749), (757, 748), (756, 748), (758, 755), (759, 755), (762, 751), (764, 751), (775, 784), (773, 785), (768, 784), (768, 785), (770, 792), (771, 792), (774, 788), (776, 788), (781, 805), (777, 807), (765, 816), (763, 816), (761, 817), (759, 817), (758, 817), (756, 817), (755, 816), (750, 814), (748, 807), (740, 783), (731, 752), (731, 742), (731, 741)],
    '249': [(1106, 1258), (1113, 1278), (1123, 1275), (1117, 1255)],
    '250': [(1354, 556), (1344, 553), (1344, 552), (1344, 550), (1337, 549), (1337, 549), (1335, 549), (1335, 549), (1332, 549), (1331, 550), (1327, 549), (1326, 547), (1314, 545), (1304, 583), (1305, 583), (1306, 583), (1303, 592), (1302, 596), (1291, 622), (1308, 627), (1322, 597), (1330, 584), (1334, 577), (1340, 571), (1340, 571)],
    '251': [(241, 100), (247, 98), (252, 96), (252, 95), (257, 93), (260, 105), (259, 107), (259, 108), (257, 109), (257, 110), (250, 112), (250, 111), (245, 113), (245, 112)],
    '252': [(726, 463), (725, 464), (728, 473), (723, 474), (723, 472), (720, 473), (715, 458), (724, 455)],
    '253': [(608, 668), (613, 666), (616, 675), (617, 675), (621, 687), (616, 688), (616, 688), (615, 688)],
    '254': [(629, 686), (623, 688), (622, 685), (622, 685), (618, 673), (620, 673), (617, 664), (622, 663)],
    '255': [(996, 1498), (1003, 1496), (1004, 1502), (998, 1503)],
    '256': [(1048, 1101), (1058, 1097), (1059, 1098), (1048, 1102)],
    '257': [(1197, 1394), (1194, 1385), (1212, 1379), (1215, 1388)],
    '258': [(946, 224), (956, 221), (958, 226), (948, 229)],
    '259': [(663, 759), (672, 757), (674, 764), (665, 766)],
    '260': [(689, 768), (704, 763), (702, 756), (687, 761)],
    '261': [(691, 824), (684, 826), (681, 817), (688, 815)],
    '262': [(1373, 1162), (1394, 1155), (1402, 1153), (1400, 1148), (1397, 1149), (1391, 1127), (1386, 1129), (1385, 1127), (1350, 1138), (1355, 1153), (1358, 1152), (1360, 1159), (1362, 1159), (1364, 1165)],
    '263': [(1945, 261), (1954, 258), (1948, 240), (1907, 253), (1903, 239), (1851, 255), (1858, 275), (1867, 272), (1873, 293), (1906, 283), (1909, 292), (1928, 286), (1931, 298), (1958, 290), (1953, 275), (1950, 276)],
    '264': [(1788, 447), (1785, 438), (1734, 456), (1737, 465)],
    '265': [(746, 385), (750, 384), (750, 383), (749, 382), (746, 383)],
    '266': [(247, 82), (231, 87), (231, 88), (204, 97), (204, 98), (212, 122), (245, 112), (241, 100), (247, 98), (246, 94), (250, 93)],
    '267': [(1223, 1339), (1227, 1350), (1229, 1354), (1230, 1355), (1232, 1355), (1233, 1354), (1233, 1353), (1231, 1349), (1226, 1338), (1224, 1339)],
    '268': [(1415, 1349), (1414, 1347), (1414, 1346), (1413, 1347), (1411, 1347), (1411, 1348), (1412, 1350), (1414, 1350)],
    '269': [(1403, 1254), (1406, 1264), (1403, 1265), (1399, 1255)],
    '270': [(1363, 1345), (1363, 1347), (1371, 1363), (1374, 1362), (1366, 1346), (1365, 1345)],
    '271': [(1691, 787), (1689, 783), (1681, 785), (1679, 786), (1686, 806), (1687, 805), (1689, 809), (1695, 807), (1702, 805), (1700, 799), (1694, 801), (1689, 787)],
    '272': [(1675, 574), (1688, 570), (1690, 570), (1690, 572), (1692, 572), (1694, 572), (1696, 574), (1696, 575), (1696, 576), (1696, 577), (1695, 578), (1694, 580), (1692, 580), (1677, 585), (1676, 581), (1677, 580)],
    '273': [(706, 577), (716, 574), (716, 576), (730, 572), (727, 560), (740, 556), (748, 583), (711, 594)],
    '274': [(672, 552), (700, 543), (700, 544), (704, 543), (705, 548), (695, 551), (695, 552), (675, 559)],
    '275': [(690, 529), (664, 537), (666, 541), (668, 540), (669, 543), (687, 538), (686, 537), (696, 534), (694, 529), (690, 530)],
    '276': [(659, 521), (690, 512), (691, 518), (685, 519), (686, 521), (665, 528), (664, 524), (662, 524), (660, 524)],
    '277': [(1309, 919), (1312, 920), (1314, 923), (1314, 925), (1314, 928), (1313, 931), (1310, 933), (1307, 933), (1304, 931), (1303, 928), (1303, 925), (1304, 923), (1305, 920), (1308, 919), (1309, 920)],
    '278': [(595, 562), (593, 563), (590, 553), (585, 555), (592, 576), (599, 574)],
    '279': [(532, 582), (530, 582), (528, 574), (523, 575), (530, 597), (534, 596), (533, 594), (535, 594)],
    '280': [(1294, 1140), (1295, 1140), (1297, 1139), (1299, 1140), (1300, 1141), (1300, 1142), (1300, 1155), (1300, 1157), (1299, 1158), (1298, 1159), (1290, 1161), (1288, 1161), (1287, 1160), (1286, 1158), (1286, 1157)],
    '281': [(920, 1225), (892, 1234), (873, 1174), (883, 1171), (912, 1161), (920, 1158), (940, 1219), (930, 1222), (933, 1231), (936, 1239), (946, 1236), (947, 1238), (950, 1237), (962, 1275), (939, 1283), (938, 1280), (932, 1262), (928, 1264), (924, 1265), (927, 1273), (898, 1282), (889, 1253), (918, 1244), (920, 1251), (923, 1250), (928, 1249), (923, 1234)],
    '282': [(575, 697), (577, 697), (577, 700), (583, 698), (577, 680), (576, 680), (575, 676), (570, 678)],
    '283': [(622, 663), (627, 662), (630, 671), (631, 670), (634, 681), (634, 681), (635, 684), (629, 686)],
    '284': [(615, 688), (608, 690), (605, 678), (606, 678), (603, 669), (608, 668)],
    '285': [(594, 673), (593, 671), (600, 669), (607, 691), (600, 693), (600, 692)],
    '286': [(592, 693), (587, 675), (594, 673), (600, 692), (597, 692), (598, 694), (594, 695), (593, 693)],
    '287': [(583, 696), (576, 675), (581, 674), (582, 678), (583, 678), (585, 684), (588, 683), (590, 689), (589, 689), (591, 696), (585, 697), (585, 696)],
    '288': [(570, 678), (564, 680), (565, 683), (563, 684), (565, 690), (566, 690), (569, 702), (575, 700), (574, 698), (575, 697)],
    '289': [(572, 634), (577, 632), (574, 624), (576, 624), (572, 612), (565, 614)],
    '290': [(545, 645), (550, 644), (546, 632), (547, 632), (543, 620), (537, 622)],
    '291': [(552, 619), (554, 618), (554, 617), (558, 616), (562, 628), (561, 628), (563, 637), (562, 637), (561, 638), (562, 640), (559, 641)],
    '292': [(559, 641), (556, 641), (556, 639), (553, 640), (551, 631), (549, 632), (545, 620), (550, 618), (550, 619), (552, 619)],
    '293': [(600, 628), (597, 629), (596, 626), (594, 627), (591, 619), (590, 619), (586, 607), (590, 606), (591, 607), (593, 606)],
    '294': [(593, 606), (595, 605), (595, 604), (599, 603), (602, 615), (601, 615), (604, 624), (602, 625), (602, 627), (600, 628)],
    '295': [(586, 632), (584, 633), (583, 631), (580, 631), (578, 623), (576, 623), (573, 611), (577, 610), (578, 611), (580, 610)],
    '296': [(497, 632), (520, 625), (522, 633), (499, 640)],
    '297': [(502, 647), (500, 640), (522, 633), (523, 634), (524, 640)],
    '298': [(504, 652), (502, 647), (524, 640), (526, 645), (520, 647), (520, 647)],
    '299': [(528, 652), (527, 646), (520, 649), (518, 648), (504, 653), (506, 659)],
    '300': [(506, 659), (506, 660), (505, 660), (506, 665), (507, 665), (507, 666), (523, 661), (524, 659), (530, 658), (528, 652)],
    '301': [(508, 586), (509, 591), (505, 592), (504, 594), (487, 599), (485, 593)],
    '302': [(481, 579), (479, 572), (501, 566), (503, 572)],
    '303': [(538, 573), (543, 572), (544, 577), (547, 576), (551, 588), (549, 589), (550, 591), (546, 592), (545, 590), (543, 590)],
    '304': [(554, 569), (559, 567), (561, 572), (563, 572), (567, 584), (559, 586)],
    '305': [(577, 583), (569, 586), (565, 571), (567, 570), (566, 566), (570, 564)],
    '306': [(671, 730), (673, 734), (678, 733), (691, 729), (694, 728), (692, 723)],
    '307': [(691, 718), (694, 717), (692, 711), (668, 718), (669, 723), (679, 720), (680, 721)],
    '308': [(665, 768), (674, 765), (676, 772), (667, 775)],
    '309': [(601, 748), (606, 746), (604, 739), (605, 739), (600, 723), (595, 725), (596, 726), (594, 727)],
    '310': [(614, 742), (619, 740), (616, 730), (617, 730), (614, 719), (608, 721)],
    '311': [(578, 742), (585, 740), (581, 727), (577, 728), (577, 730), (575, 731)],
    '312': [(639, 774), (644, 772), (645, 777), (648, 776), (650, 786), (646, 787), (647, 789), (644, 790)],
    '313': [(718, 810), (720, 814), (703, 819), (702, 815)],
    '314': [(1722, 1248), (1744, 1238), (1750, 1235), (1782, 1221), (1795, 1262), (1771, 1271), (1767, 1272), (1764, 1273), (1733, 1282)],
    '315': [(1128, 1429), (1140, 1466), (1170, 1457), (1171, 1459), (1183, 1455), (1192, 1452), (1191, 1450), (1244, 1433), (1244, 1435), (1254, 1432), (1265, 1428), (1264, 1427), (1299, 1416), (1293, 1394), (1292, 1393), (1292, 1391), (1280, 1394), (1282, 1398), (1257, 1406), (1250, 1383), (1249, 1382), (1230, 1388), (1232, 1394), (1237, 1410), (1219, 1416), (1217, 1416), (1216, 1411), (1221, 1409), (1218, 1398), (1212, 1400), (1202, 1403), (1201, 1400), (1194, 1402), (1195, 1405), (1192, 1406), (1188, 1408), (1191, 1419), (1196, 1417), (1198, 1423), (1181, 1428), (1176, 1411), (1160, 1416), (1161, 1419), (1166, 1433), (1164, 1433), (1154, 1436), (1149, 1422), (1148, 1419), (1141, 1422), (1142, 1425)],
    '316': [(930, 1104), (925, 1088), (923, 1083), (970, 1069), (980, 1102), (969, 1105), (972, 1114), (966, 1116), (967, 1119), (968, 1122), (982, 1117), (1002, 1179), (991, 1183), (992, 1185), (993, 1189), (988, 1191), (987, 1189), (973, 1193), (972, 1188), (960, 1192), (945, 1144), (940, 1137), (940, 1137), (939, 1130), (940, 1124), (857, 1150), (852, 1136), (855, 1135), (857, 1135), (854, 1127)],
    '317': [(906, 1142), (907, 1145), (917, 1142), (916, 1139)],
    '318': [(909, 1150), (909, 1151), (909, 1153), (920, 1150), (919, 1148), (919, 1147)],
    '319': [(905, 1145), (907, 1145), (917, 1142), (919, 1141), (919, 1143), (920, 1147), (919, 1148), (919, 1147), (909, 1150), (909, 1151), (907, 1152), (906, 1147)],
    '320': [(1326, 1356), (1327, 1359), (1328, 1361), (1330, 1360), (1329, 1358), (1329, 1355)],
    '321': [(871, 395), (896, 388), (907, 384), (908, 388), (915, 412), (880, 423)],
}
