BUILDING_POLY = {
    '00': [(558, 848), (580, 842), (704, 808), (705, 812), (726, 806), (754, 907), (705, 921), (528, 969), (505, 885), (511, 884), (505, 862)],
    '01': [(417, 724), (414, 724), (411, 724), (409, 723), (407, 722), (405, 721), (403, 720), (401, 719), (399, 717), (398, 716), (396, 714), (395, 711), (393, 709), (393, 706), (392, 704), (392, 701), (392, 699), (392, 696), (392, 694), (393, 691), (394, 689), (395, 687), (397, 684), (399, 682), (401, 680), (403, 679), (405, 678), (409, 676), (400, 642), (397, 631), (403, 629), (404, 631), (411, 629), (396, 572), (398, 571), (398, 569), (398, 567), (399, 564), (400, 561), (402, 559), (403, 558), (405, 557), (403, 551), (404, 550), (396, 524), (395, 524), (394, 521), (392, 517), (400, 514), (401, 517), (428, 508), (427, 505), (436, 503), (438, 510), (436, 510), (436, 512), (520, 486), (524, 484), (523, 481), (537, 477), (543, 475), (551, 472), (552, 475), (638, 448), (653, 492), (622, 502), (624, 508), (632, 506), (643, 543), (670, 534), (678, 561), (665, 565), (630, 575), (631, 576), (604, 584), (600, 569), (597, 568), (595, 566), (593, 565), (591, 562), (588, 563), (584, 550), (589, 548), (575, 505), (563, 509), (564, 512), (557, 515), (550, 517), (536, 521), (535, 518), (455, 543), (452, 544), (447, 546), (469, 624), (471, 631), (576, 603), (576, 601), (582, 599), (588, 598), (588, 599), (607, 594), (633, 587), (636, 586), (649, 633), (645, 635), (661, 693), (664, 692), (677, 741), (629, 754), (627, 751), (555, 771), (481, 791), (482, 794), (478, 795), (465, 799), (460, 800), (459, 799), (408, 813), (408, 814), (398, 817), (396, 808), (398, 807), (390, 779), (388, 779), (385, 769), (395, 766), (395, 767), (428, 758), (431, 751), (423, 723)],
    '02': [(369, 1013), (377, 867), (458, 845), (451, 819), (469, 814), (482, 810), (490, 808), (505, 862), (511, 884), (505, 885), (528, 969), (498, 977), (460, 988), (461, 991), (397, 1008), (396, 1005)],
    '03': [(1450, 1412), (1373, 1433), (1367, 1412), (1320, 1425), (1326, 1446), (1287, 1456), (1275, 1411), (1230, 1423), (1228, 1415), (1320, 1390), (1304, 1332), (1285, 1267), (1283, 1258), (1280, 1249), (1271, 1251), (1267, 1236), (1324, 1220), (1311, 1172), (1362, 1158), (1347, 1105), (1456, 1075), (1473, 1134), (1410, 1151), (1414, 1166), (1426, 1209), (1440, 1255), (1445, 1273), (1414, 1281), (1395, 1287), (1388, 1263), (1341, 1275), (1373, 1392), (1390, 1387), (1393, 1398), (1407, 1394), (1405, 1384), (1419, 1380), (1440, 1374)],
    '04': [(1780, 1553), (1793, 1550), (1825, 1541), (1853, 1641), (1807, 1649), (1798, 1619), (1787, 1575)],
    '05': [(756, 559), (759, 562), (752, 567), (749, 563), (737, 569), (739, 573), (731, 576), (730, 572), (716, 576), (717, 580), (709, 582), (708, 580), (702, 582), (695, 584), (696, 587), (689, 590), (687, 585), (671, 590), (668, 580), (666, 571), (667, 571), (665, 565), (678, 561), (670, 534), (666, 523), (663, 524), (657, 503), (659, 502), (656, 491), (653, 492), (638, 448), (633, 434), (648, 429), (648, 431), (658, 428), (657, 426), (672, 421), (674, 428), (683, 425), (681, 420), (690, 418), (692, 423), (703, 421), (704, 416), (713, 416), (712, 421), (725, 423), (726, 418), (730, 419), (732, 416), (734, 414), (736, 413), (738, 412), (741, 412), (743, 412), (745, 413), (747, 413), (749, 415), (750, 416), (751, 418), (752, 420), (752, 422), (752, 424), (752, 426), (752, 427), (755, 430), (752, 434), (763, 443), (767, 441), (773, 446), (769, 450), (776, 459), (781, 458), (784, 465), (785, 469), (787, 473), (788, 478), (789, 482), (790, 489), (785, 490), (786, 503), (790, 503), (788, 512), (784, 512), (781, 524), (785, 526), (784, 531), (785, 532), (786, 533), (787, 534), (788, 535), (788, 536), (789, 537), (789, 538), (789, 540), (789, 541), (789, 542), (789, 544), (789, 545), (789, 546), (788, 547), (787, 548), (787, 549), (785, 550), (784, 551), (782, 551), (780, 552), (778, 552), (777, 551), (775, 551), (773, 550), (770, 553), (767, 550)],
    '06': [(671, 1492), (796, 1459), (939, 1420), (988, 1604), (990, 1610), (818, 1656), (722, 1682), (721, 1677)],
    '07': [(1081, 117), (1079, 111), (1071, 82), (956, 113), (965, 148), (969, 147), (972, 157), (974, 165), (959, 170), (940, 175), (953, 223), (960, 250), (962, 255), (965, 268), (967, 274), (972, 294), (977, 304), (984, 309), (992, 310), (1002, 309), (1059, 293), (1163, 265), (1161, 257), (1157, 239), (1154, 230), (1171, 225), (1165, 203), (1156, 206), (1129, 104)],
    '08': [(819, 677), (809, 637), (806, 628), (806, 626), (804, 626), (801, 614), (705, 639), (707, 645), (705, 645), (708, 657), (710, 657), (711, 660), (709, 660), (721, 707), (723, 707), (724, 709), (723, 709), (726, 720), (727, 719), (729, 724), (743, 721), (737, 699)],
    '09': [(1046, 1409), (1075, 1514), (1003, 1534), (974, 1428), (1012, 1418)],
    '10': [(1228, 1415), (1320, 1390), (1304, 1332), (1186, 1364), (1070, 1395), (1086, 1453), (1142, 1438), (1145, 1446), (1157, 1493), (1243, 1469), (1237, 1446), (1230, 1423)],
    '11': [(1267, 1236), (1225, 1087), (1223, 1079), (1278, 1064), (1454, 1015), (1469, 1071), (1456, 1075), (1347, 1105), (1296, 1119), (1311, 1172), (1324, 1220), (1314, 1223)],
    '12': [(1373, 1392), (1355, 1327), (1341, 1275), (1388, 1263), (1395, 1287), (1401, 1311), (1419, 1380), (1405, 1384), (1407, 1394), (1393, 1398), (1390, 1387)],
    '13': [(1207, 842), (1162, 854), (1215, 1054), (1260, 1042)],
    '14': [(877, 722), (867, 686), (863, 671), (844, 677), (827, 681), (815, 635), (813, 626), (809, 612), (862, 597), (861, 595), (881, 590), (885, 589), (890, 606), (894, 604), (895, 604), (897, 604), (899, 605), (901, 606), (903, 607), (906, 610), (912, 610), (913, 609), (910, 597), (918, 595), (925, 593), (928, 604), (936, 603), (936, 600), (936, 598), (937, 596), (938, 594), (939, 593), (941, 591), (943, 591), (944, 590), (946, 590), (949, 590), (951, 590), (953, 591), (954, 592), (955, 594), (956, 595), (957, 597), (957, 599), (958, 601), (957, 604), (956, 607), (957, 608), (958, 610), (958, 611), (958, 612), (958, 614), (957, 615), (956, 616), (954, 617), (965, 655), (982, 651), (991, 681), (977, 685), (977, 687), (977, 688), (977, 689), (977, 690), (976, 691), (974, 692), (973, 693), (971, 693), (969, 693), (968, 692), (967, 691), (964, 689), (956, 692), (953, 698), (941, 701), (936, 697), (921, 701), (923, 709)],
    '15': [(1510, 1266), (1473, 1134), (1410, 1151), (1414, 1166), (1426, 1209), (1440, 1255), (1445, 1273), (1447, 1283)],
    '16': [(1265, 648), (1266, 652), (1293, 744), (1172, 779), (1135, 790), (1133, 782), (1105, 685), (1097, 656), (1110, 653), (1151, 640), (1254, 610), (1281, 602), (1317, 591), (1335, 629), (1297, 639)],
    '17': [(1038, 460), (1049, 456), (1092, 443), (1096, 458), (1122, 542), (1125, 554), (1136, 590), (1151, 640), (1110, 653), (1097, 656), (1082, 606), (1078, 592), (1067, 555)],
    '18': [(992, 795), (977, 737), (808, 783), (818, 820), (846, 812), (854, 841), (816, 851), (813, 841), (760, 855), (775, 908), (929, 866), (1006, 845)],
    '19': [(1006, 845), (1087, 823), (1058, 719), (1009, 733), (1023, 786), (992, 795)],
    '20': [(1842, 1795), (1821, 1799), (1819, 1790), (1781, 1796), (1768, 1719), (1778, 1717), (1817, 1711), (1828, 1709), (1841, 1788)],
    '21': [(1760, 1940), (1743, 1973), (1726, 1965), (1709, 1956), (1720, 1935), (1732, 1941), (1735, 1934), (1738, 1929)],
    '22': [(1621, 1154), (1621, 1156), (1622, 1159), (1622, 1161), (1622, 1163), (1621, 1166), (1619, 1168), (1618, 1170), (1616, 1171), (1613, 1172), (1611, 1172), (1608, 1173), (1606, 1172), (1603, 1171), (1601, 1170), (1600, 1168), (1599, 1166), (1569, 1183), (1545, 1140), (1547, 1140), (1543, 1134), (1568, 1120), (1561, 1107), (1591, 1090), (1599, 1103), (1617, 1093), (1616, 1092), (1617, 1089), (1619, 1088), (1621, 1089), (1622, 1090), (1623, 1089), (1626, 1093), (1634, 1107), (1638, 1104), (1643, 1112), (1648, 1121), (1643, 1123), (1651, 1137), (1650, 1137), (1652, 1141), (1649, 1143), (1647, 1139)],
    '23': [(1610, 1309), (1652, 1299), (1654, 1307), (1665, 1351), (1644, 1356), (1623, 1362)],
    '24': [(1237, 1722), (1205, 1719), (1204, 1741), (1235, 1744)],
    '25': [(1395, 1715), (1391, 1793), (1400, 1794), (1399, 1797), (1415, 1798), (1415, 1795), (1422, 1795), (1423, 1782), (1426, 1731), (1427, 1712)],
    '26': [(1614, 1525), (1615, 1525), (1614, 1521), (1647, 1513), (1634, 1463), (1626, 1465), (1604, 1471), (1579, 1478), (1593, 1532), (1596, 1534), (1601, 1536), (1605, 1536), (1610, 1534), (1613, 1530), (1615, 1526)],
    '27': [(1769, 1427), (1793, 1421), (1797, 1436), (1800, 1446), (1804, 1460), (1806, 1470), (1783, 1477)],
    '28': [(1740, 1435), (1753, 1431), (1769, 1427), (1783, 1477), (1774, 1479), (1753, 1485)],
    '29': [(1634, 1463), (1653, 1458), (1683, 1450), (1697, 1499), (1695, 1500), (1692, 1504), (1688, 1506), (1683, 1507), (1678, 1504), (1647, 1513)],
    '30': [(1683, 1450), (1711, 1443), (1731, 1437), (1740, 1435), (1753, 1485), (1715, 1495), (1713, 1499), (1709, 1501), (1704, 1501), (1699, 1499), (1697, 1499)],
    '31': [(1816, 1508), (1816, 1505), (1813, 1495), (1809, 1482), (1806, 1470), (1783, 1477), (1774, 1479), (1783, 1513), (1802, 1508), (1803, 1511)],
    '32': [(1350, 1543), (1364, 1597), (1349, 1601), (1360, 1642), (1318, 1653), (1307, 1613), (1293, 1616), (1279, 1562), (1305, 1555), (1312, 1553), (1320, 1551)],
    '33': [(1506, 1502), (1519, 1550), (1474, 1562), (1461, 1514), (1472, 1511), (1484, 1508)],
    '34': [(1421, 1576), (1419, 1578), (1417, 1580), (1415, 1581), (1413, 1582), (1410, 1583), (1407, 1583), (1404, 1582), (1402, 1580), (1375, 1588), (1363, 1539), (1374, 1537), (1385, 1534), (1408, 1528)],
    '35': [(1474, 1562), (1473, 1564), (1471, 1566), (1468, 1567), (1466, 1568), (1463, 1569), (1460, 1568), (1458, 1568), (1456, 1566), (1421, 1576), (1408, 1528), (1416, 1526), (1427, 1523), (1434, 1521), (1441, 1519), (1450, 1517), (1461, 1514)],
    '36': [(1566, 1540), (1565, 1543), (1563, 1546), (1561, 1548), (1558, 1549), (1555, 1550), (1551, 1549), (1549, 1547), (1546, 1545), (1545, 1545), (1545, 1543), (1519, 1550), (1506, 1502), (1529, 1496), (1553, 1490)],
    '37': [(1123, 1602), (1143, 1597), (1154, 1594), (1173, 1589), (1186, 1639), (1135, 1652)],
    '38': [(462, 1186), (501, 1176), (507, 1199), (509, 1205), (470, 1216)],
    '39': [(682, 783), (673, 749), (768, 723), (765, 714), (819, 699), (833, 751), (780, 766), (777, 757)],
    '40': [(495, 1564), (456, 1560), (458, 1541), (499, 1545)],
    '41': [(454, 1156), (445, 1125), (484, 1114), (485, 1114), (486, 1118), (493, 1146)],
    '42': [(524, 1262), (523, 1260), (522, 1256), (516, 1236), (478, 1246), (485, 1273)],
    '43': [(512, 1384), (524, 1427), (567, 1416), (559, 1388), (555, 1373)],
    '44': [(504, 1343), (501, 1344), (512, 1384), (555, 1373), (546, 1341), (544, 1333)],
    '45': [(470, 1216), (478, 1246), (516, 1236), (517, 1236), (515, 1230), (509, 1205)],
    '46': [(544, 1501), (543, 1501), (549, 1526), (573, 1520), (577, 1535), (605, 1527), (601, 1511), (593, 1513), (570, 1429), (567, 1416), (524, 1427)],
    '47': [(1677, 1907), (1695, 1909), (1693, 1912), (1692, 1915), (1711, 1925), (1709, 1930), (1720, 1935), (1709, 1956), (1664, 1933)],
    '48': [(1778, 1717), (1773, 1689), (1813, 1683), (1817, 1711)],
    '49': [(1778, 1717), (1768, 1719), (1637, 1739), (1632, 1711), (1773, 1689)],
    '50': [(1776, 1909), (1754, 1898), (1738, 1929), (1760, 1940)],
    '51': [(1809, 1846), (1788, 1857), (1787, 1853), (1786, 1850), (1750, 1855), (1751, 1858), (1752, 1864), (1730, 1858), (1715, 1861), (1715, 1865), (1715, 1867), (1700, 1863), (1688, 1865), (1672, 1875), (1672, 1871), (1671, 1867), (1655, 1870), (1651, 1849), (1649, 1836), (1763, 1818), (1765, 1828), (1805, 1822)],
    '52': [(418, 1348), (409, 1313), (476, 1295), (490, 1291), (495, 1310), (500, 1327)],
    '53': [(1627, 1853), (1651, 1849), (1649, 1836), (1637, 1739), (1610, 1743), (1611, 1751), (1615, 1775), (1609, 1795), (1612, 1794), (1617, 1794), (1620, 1814), (1614, 1831), (1619, 1832), (1623, 1832)],
    '54': [(1551, 1875), (1567, 1843), (1569, 1841), (1570, 1839), (1585, 1840), (1582, 1859), (1609, 1872), (1596, 1898)],
    '55': [(1576, 1721), (1632, 1711), (1637, 1739), (1610, 1743), (1592, 1746), (1581, 1748), (1577, 1730), (1576, 1725)],
    '56': [(1443, 1783), (1445, 1759), (1442, 1759), (1445, 1733), (1426, 1731), (1423, 1782)],
    '57': [(477, 1087), (477, 1090), (484, 1114), (445, 1125), (438, 1097)],
    '58': [(493, 1146), (500, 1168), (502, 1175), (501, 1176), (462, 1186), (454, 1156)],
    '59': [(438, 1097), (435, 1088), (429, 1090), (415, 1039), (460, 1027), (462, 1034), (476, 1083), (477, 1087)],
    '60': [(478, 795), (465, 799), (469, 814), (482, 810)],
    '61': [(1173, 1589), (1196, 1583), (1219, 1577), (1245, 1571), (1267, 1565), (1280, 1615), (1186, 1639)],
    '62': [(559, 1588), (528, 1576), (534, 1559), (565, 1571)],
    '63': [(590, 1580), (615, 1590), (607, 1611), (582, 1601)],
    '64': [(1095, 1609), (1112, 1605), (1117, 1603), (1123, 1602), (1135, 1652), (1108, 1659)],
    '65': [(456, 1560), (418, 1556), (420, 1537), (458, 1541)],
    '66': [(1054, 1619), (1075, 1614), (1095, 1609), (1108, 1659), (1067, 1669)],
    '67': [(1067, 1669), (1026, 1680), (1013, 1630), (1037, 1624), (1046, 1622), (1054, 1619)],
    '68': [(582, 1601), (557, 1592), (559, 1588), (565, 1571), (590, 1580)],
    '69': [(528, 1576), (527, 1579), (495, 1566), (495, 1564), (499, 1545), (534, 1559)],
    '70': [(490, 808), (498, 806), (495, 793), (539, 780), (558, 848), (505, 862)],
    '71': [(1270, 1724), (1237, 1722), (1235, 1744), (1268, 1747)],
    '72': [(1623, 1362), (1616, 1363), (1597, 1368), (1571, 1375), (1558, 1322), (1610, 1309)],
    '73': [(1205, 1719), (1181, 1717), (1179, 1739), (1204, 1741)],
    '74': [(1347, 1721), (1332, 1723), (1330, 1752), (1344, 1753)],
    '75': [(1347, 1105), (1296, 1119), (1311, 1172), (1362, 1158)],
    '76': [(1529, 1385), (1519, 1387), (1499, 1393), (1478, 1398), (1465, 1346), (1516, 1333)],
    '77': [(1654, 1674), (1633, 1678), (1628, 1659), (1650, 1655)],
    '78': [(1332, 1723), (1318, 1725), (1316, 1751), (1330, 1752)],
    '79': [(1516, 1333), (1558, 1322), (1571, 1375), (1551, 1380), (1529, 1385)],
    '80': [(1294, 1726), (1270, 1724), (1268, 1747), (1292, 1749)],
    '81': [(1699, 1343), (1682, 1347), (1665, 1351), (1654, 1307), (1688, 1299)],
    '82': [(1650, 1655), (1678, 1651), (1683, 1670), (1654, 1674)],
    '83': [(1318, 1725), (1303, 1727), (1294, 1726), (1292, 1749), (1316, 1751)],
    '84': [(1344, 1753), (1363, 1755), (1366, 1719), (1352, 1721), (1347, 1721)],
    '85': [(1783, 1513), (1792, 1540), (1793, 1550), (1825, 1541), (1824, 1537), (1819, 1517), (1818, 1511), (1816, 1508), (1803, 1511), (1802, 1508)],
    '86': [(1366, 1719), (1369, 1704), (1373, 1691), (1370, 1680), (1344, 1685), (1352, 1721)],
    '87': [(1688, 1299), (1692, 1293), (1689, 1285), (1687, 1286), (1683, 1275), (1728, 1256), (1732, 1266), (1734, 1271), (1744, 1295), (1745, 1299), (1746, 1302), (1755, 1323), (1753, 1326), (1751, 1329), (1726, 1336), (1699, 1343)],
    '88': [(495, 1310), (500, 1327), (504, 1343), (544, 1333), (538, 1310), (535, 1299)],
    '89': [(535, 1299), (527, 1270), (525, 1262), (524, 1262), (485, 1273), (490, 1291), (495, 1310)],
    '90': [(1423, 1782), (1422, 1795), (1421, 1811), (1440, 1821), (1443, 1783)],
    '91': [(1486, 1735), (1445, 1733), (1442, 1759), (1445, 1759), (1481, 1765)],
    '92': [(1497, 1737), (1491, 1736), (1486, 1735), (1481, 1765), (1487, 1766), (1492, 1766)],
    '93': [(1519, 1806), (1514, 1834), (1550, 1839), (1554, 1811)],
    '94': [(1555, 1802), (1566, 1803), (1568, 1794), (1557, 1792)],
    '95': [(1557, 1788), (1557, 1792), (1568, 1794), (1569, 1785), (1558, 1783)],
    '96': [(1492, 1766), (1524, 1771), (1525, 1767), (1529, 1768), (1533, 1743), (1497, 1737)],
    '97': [(1557, 1792), (1557, 1788), (1523, 1783), (1519, 1806), (1554, 1811), (1555, 1802)],
    '98': [(1558, 1783), (1562, 1748), (1533, 1743), (1529, 1768), (1525, 1767), (1524, 1771), (1523, 1783), (1557, 1788)],
    '99': [(566, 700), (562, 701), (567, 718), (575, 715), (577, 710), (575, 709)],
    '100': [(1446, 1677), (1398, 1685), (1393, 1658), (1446, 1649), (1489, 1656), (1494, 1657), (1500, 1658), (1505, 1658), (1556, 1667), (1599, 1658), (1604, 1685), (1557, 1694)],
    '101': [(1797, 1619), (1780, 1624), (1771, 1626), (1773, 1630), (1742, 1635), (1739, 1615), (1745, 1614), (1741, 1600), (1738, 1589), (1785, 1576)],
    '102': [(1664, 1933), (1630, 1915), (1643, 1890), (1661, 1891), (1659, 1894), (1658, 1897), (1677, 1907)],
    '103': [(1630, 1915), (1596, 1898), (1609, 1872), (1626, 1874), (1625, 1877), (1623, 1880), (1643, 1890)],
    '104': [(477, 729), (475, 719), (477, 718), (475, 710), (468, 705), (465, 706), (463, 697), (455, 700), (464, 733)],
    '105': [(809, 637), (806, 628), (813, 626), (815, 635)],
    '106': [(848, 691), (867, 686), (877, 722), (882, 739), (846, 749), (831, 696)],
    '107': [(867, 686), (863, 671), (844, 677), (848, 691)],
    '108': [(1193, 548), (1195, 556), (1146, 570), (1137, 538), (1128, 505), (1113, 453), (1208, 427), (1226, 419), (1239, 413), (1251, 408), (1267, 442), (1270, 449), (1273, 456), (1283, 478), (1290, 494), (1297, 509), (1332, 586), (1373, 676), (1376, 682), (1361, 690), (1348, 696), (1328, 706), (1297, 639), (1335, 629), (1317, 591), (1281, 602), (1249, 532), (1224, 539)],
    '109': [(1247, 829), (1229, 834), (1234, 850), (1228, 852), (1240, 895), (1243, 906), (1255, 954), (1282, 947), (1297, 1000), (1333, 991), (1347, 987), (1348, 991), (1374, 984), (1373, 980), (1423, 967), (1406, 902), (1405, 899), (1418, 895), (1414, 880), (1409, 862), (1404, 863), (1402, 858), (1425, 852), (1446, 847), (1414, 802), (1410, 799), (1406, 796), (1403, 795), (1399, 794), (1394, 793), (1389, 792), (1384, 793)],
    '110': [(1682, 1645), (1698, 1642), (1737, 1636), (1742, 1635), (1773, 1630), (1780, 1653), (1689, 1669)],
    '111': [(1676, 1649), (1633, 1657), (1618, 1599), (1661, 1589), (1664, 1600), (1676, 1647)],
    '112': [(1226, 419), (1259, 496), (1255, 504), (1246, 522), (1230, 526), (1221, 529), (1224, 539), (1193, 548), (1195, 556), (1146, 570), (1137, 538), (1128, 505), (1113, 453), (1208, 427)],
    '113': [(631, 576), (604, 584), (606, 589), (607, 594), (633, 587)],
    '114': [(1157, 1493), (1101, 1508), (1086, 1453), (1142, 1438), (1145, 1446)],
    '115': [(1419, 1380), (1395, 1287), (1414, 1281), (1420, 1306), (1430, 1341), (1440, 1374)],
    '116': [(1260, 1255), (1271, 1251), (1280, 1249), (1283, 1258), (1285, 1267), (1265, 1273), (1262, 1263)],
    '117': [(1020, 845), (1026, 843), (1027, 848), (1022, 849)],
    '118': [(1505, 1658), (1500, 1658), (1494, 1657), (1489, 1656), (1490, 1651), (1506, 1653)],
    '119': [(1787, 1575), (1780, 1553), (1793, 1550), (1825, 1541), (1853, 1641), (1807, 1649), (1798, 1619)],
    '120': [(1414, 880), (1409, 862), (1419, 859), (1430, 892), (1418, 895)],
    '121': [(1297, 1001), (1301, 1016), (1339, 1005), (1335, 991)],
    '122': [(435, 914), (441, 913), (446, 931), (440, 933)],
    '123': [(639, 1400), (643, 1403), (642, 1405), (641, 1407), (636, 1404)],
    '124': [(1213, 1275), (1217, 1269), (1220, 1272), (1217, 1277)],
    '125': [(984, 327), (1008, 414), (1011, 427), (1070, 411), (1068, 405), (1092, 398), (1113, 393), (1128, 388), (1123, 371), (1187, 353), (1199, 350), (1175, 262), (1163, 265), (1059, 293), (1002, 309), (1003, 312), (1003, 315), (1004, 317), (1005, 322)],
}
