BUILDING_POLY = {
    '00': [(1365, 773), (1361, 774), (1360, 769), (1345, 772), (1346, 780), (1342, 786), (1335, 787), (1329, 783), (1327, 774), (1308, 778), (1309, 789), (1292, 791), (1284, 744), (1286, 743), (1282, 725), (1279, 725), (1276, 705), (1280, 704), (1281, 702), (1286, 701), (1288, 702), (1296, 701), (1298, 699), (1303, 698), (1304, 700), (1320, 697), (1321, 695), (1324, 695), (1326, 695), (1328, 696), (1343, 694), (1344, 692), (1349, 691), (1351, 693), (1363, 691), (1364, 689), (1369, 688), (1371, 690), (1376, 689), (1379, 711), (1374, 711), (1377, 727), (1379, 727), (1382, 748), (1384, 748), (1385, 753), (1385, 758), (1383, 758), (1386, 779), (1367, 782)],
    '01': [(1853, 1264), (1858, 1250), (1860, 1242), (1871, 1246), (1869, 1251), (1866, 1260), (1862, 1273), (1874, 1277), (1873, 1280), (1874, 1281), (1873, 1286), (1872, 1286), (1868, 1297), (1864, 1296), (1845, 1354), (1834, 1350), (1832, 1355), (1797, 1345), (1798, 1340), (1793, 1339), (1798, 1332), (1794, 1331), (1796, 1327), (1784, 1323), (1776, 1302), (1774, 1301), (1775, 1299), (1772, 1292), (1802, 1273), (1803, 1271), (1804, 1271), (1804, 1275), (1807, 1276), (1811, 1277), (1820, 1254)],
    '02': [(1862, 1128), (1871, 1099), (1869, 1099), (1874, 1082), (1876, 1082), (1883, 1060), (1920, 1071), (1921, 1069), (1934, 1073), (1933, 1076), (1954, 1082), (1947, 1106), (1950, 1107), (1946, 1119), (1938, 1117), (1927, 1149), (1931, 1151), (1915, 1199), (1896, 1192), (1912, 1144)],
    '03': [(1497, 1342), (1484, 1351), (1432, 1279), (1428, 1282), (1411, 1260), (1431, 1242), (1428, 1238), (1440, 1229), (1442, 1231), (1453, 1222), (1468, 1215), (1482, 1235), (1483, 1234), (1487, 1239), (1493, 1235), (1503, 1248), (1508, 1244), (1541, 1290), (1535, 1294), (1545, 1308), (1539, 1312), (1550, 1328), (1508, 1357)],
    '04': [(1401, 1381), (1396, 1376), (1406, 1366), (1411, 1370), (1417, 1362), (1449, 1388), (1427, 1415), (1394, 1389)],
    '05': [(936, 642), (936, 648), (986, 644), (988, 662), (984, 663), (986, 696), (991, 696), (993, 715), (975, 714), (975, 718), (950, 720), (950, 722), (911, 725), (911, 723), (885, 725), (882, 723), (879, 719), (879, 716), (874, 716), (873, 702), (869, 702), (868, 686), (872, 686), (871, 670), (865, 670), (863, 668), (863, 665), (854, 666), (854, 653), (865, 653), (865, 643), (883, 642), (883, 652), (914, 650), (914, 644)],
    '06': [(1127, 569), (1126, 582), (1101, 582), (1101, 564), (1098, 564), (1099, 562), (1089, 562), (1085, 562), (1085, 565), (1062, 564), (1063, 561), (1061, 561), (1018, 560), (1020, 503), (1017, 503), (1018, 498), (1018, 496), (1020, 496), (1024, 496), (1024, 489), (1024, 483), (1048, 485), (1049, 478), (1088, 480), (1088, 491), (1092, 491), (1093, 491), (1123, 493), (1126, 493), (1127, 480), (1147, 481), (1163, 481), (1165, 481), (1166, 488), (1169, 487), (1169, 489), (1168, 501), (1166, 501), (1165, 518), (1169, 519), (1169, 522), (1172, 546), (1172, 552), (1169, 552), (1168, 570), (1129, 570)],
    '07': [(980, 605), (968, 606), (967, 603), (937, 605), (937, 611), (933, 611), (934, 613), (922, 614), (923, 618), (910, 619), (910, 610), (904, 610), (903, 609), (873, 610), (872, 595), (874, 594), (870, 538), (889, 536), (892, 561), (920, 559), (917, 537), (921, 537), (920, 528), (936, 527), (936, 523), (939, 520), (942, 518), (945, 517), (949, 517), (952, 519), (955, 521), (957, 525), (972, 525), (973, 537), (982, 536), (983, 556), (977, 557)],
    '08': [(964, 1258), (965, 1265), (993, 1258), (993, 1256), (1003, 1253), (1006, 1262), (1010, 1261), (1024, 1315), (1030, 1313), (1039, 1349), (1042, 1348), (1044, 1359), (1029, 1363), (1028, 1356), (1025, 1356), (1026, 1358), (997, 1366), (995, 1357), (991, 1358), (986, 1359), (988, 1365), (986, 1365), (986, 1367), (977, 1369), (976, 1368), (974, 1368), (970, 1353), (967, 1353), (970, 1364), (952, 1368), (948, 1351), (953, 1350), (952, 1346), (960, 1344), (958, 1337), (961, 1336), (952, 1300), (947, 1302), (943, 1288), (951, 1286), (950, 1282), (957, 1280), (952, 1261)],
    '09': [(1214, 1405), (1214, 1406), (1197, 1407), (1195, 1372), (1190, 1373), (1190, 1371), (1173, 1372), (1174, 1376), (1164, 1376), (1164, 1375), (1155, 1376), (1156, 1387), (1164, 1387), (1165, 1403), (1156, 1404), (1155, 1399), (1144, 1399), (1143, 1383), (1146, 1383), (1145, 1367), (1163, 1366), (1162, 1362), (1174, 1361), (1174, 1363), (1186, 1362), (1185, 1358), (1196, 1357), (1196, 1356), (1250, 1353), (1251, 1374), (1226, 1404)],
    '10': [(1086, 1414), (1086, 1409), (1074, 1410), (1073, 1396), (1072, 1396), (1071, 1361), (1084, 1360), (1085, 1384), (1112, 1383), (1113, 1391), (1109, 1391), (1110, 1413)],
    '11': [(500, 1406), (522, 1386), (515, 1378), (503, 1389), (494, 1379), (472, 1402), (474, 1403), (476, 1406), (482, 1412), (469, 1425), (462, 1419), (468, 1414), (461, 1408), (460, 1409), (455, 1404), (456, 1402), (447, 1393), (450, 1389), (449, 1388), (447, 1385), (441, 1360), (444, 1356), (435, 1346), (437, 1344), (433, 1340), (443, 1330), (446, 1334), (451, 1330), (459, 1339), (471, 1326), (469, 1324), (471, 1321), (474, 1324), (484, 1315), (492, 1324), (486, 1330), (502, 1349), (508, 1345), (513, 1350), (515, 1353), (513, 1355), (533, 1376), (538, 1371), (546, 1380), (518, 1407), (534, 1424), (524, 1433)],
    '12': [(1337, 948), (1338, 951), (1387, 943), (1387, 941), (1390, 941), (1390, 939), (1403, 937), (1404, 937), (1404, 939), (1408, 939), (1415, 981), (1418, 980), (1419, 986), (1420, 991), (1417, 992), (1424, 1035), (1402, 1039), (1401, 1036), (1351, 1044), (1352, 1047), (1332, 1050), (1325, 1007), (1322, 1008), (1320, 994), (1322, 994), (1316, 952)],
    '13': [(1472, 569), (1550, 557), (1559, 611), (1561, 628), (1533, 633), (1534, 650), (1539, 649), (1545, 680), (1497, 688), (1493, 689), (1455, 695), (1450, 663), (1493, 656), (1492, 648), (1491, 640), (1482, 641), (1476, 603)],
    '14': [(1565, 1242), (1609, 1212), (1614, 1208), (1620, 1218), (1624, 1215), (1627, 1213), (1627, 1212), (1625, 1210), (1634, 1204), (1635, 1203), (1639, 1200), (1661, 1234), (1660, 1234), (1643, 1245), (1653, 1260), (1601, 1294), (1573, 1254)],
    '15': [(1507, 859), (1510, 879), (1514, 905), (1515, 913), (1516, 916), (1516, 920), (1520, 946), (1477, 953), (1479, 965), (1481, 978), (1590, 963), (1574, 849), (1570, 850), (1551, 852), (1539, 854), (1538, 854), (1532, 855), (1530, 855), (1529, 855), (1529, 855), (1519, 857)],
    '16': [(1465, 858), (1470, 857), (1483, 855), (1483, 859), (1487, 879), (1489, 877), (1492, 876), (1495, 875), (1499, 876), (1502, 876), (1504, 877), (1506, 878), (1507, 879), (1508, 880), (1510, 879), (1514, 905), (1511, 905), (1510, 907), (1508, 909), (1506, 910), (1504, 911), (1501, 912), (1498, 912), (1496, 912), (1493, 911), (1491, 911), (1492, 919), (1496, 946), (1491, 947), (1483, 948), (1479, 949), (1474, 921), (1474, 918)],
    '17': [(1464, 852), (1477, 840), (1477, 837), (1492, 835), (1491, 826), (1503, 824), (1500, 808), (1512, 807), (1452, 778), (1455, 797), (1458, 799), (1457, 801), (1456, 800), (1462, 842)],
    '18': [(1521, 686), (1531, 690), (1531, 691), (1533, 691), (1533, 689), (1542, 688), (1548, 679), (1551, 679), (1566, 677), (1538, 715), (1542, 742), (1548, 741), (1549, 748), (1558, 747), (1562, 744), (1572, 816), (1569, 819), (1570, 830), (1564, 831), (1564, 834), (1553, 830), (1549, 804), (1543, 805), (1541, 794), (1537, 793), (1534, 768), (1532, 760), (1531, 755), (1529, 739), (1533, 741), (1529, 712), (1524, 710)],
    '19': [(1193, 920), (1215, 917), (1214, 914), (1212, 893), (1241, 889), (1249, 876), (1238, 868), (1186, 875), (1190, 900)],
    '20': [(1238, 868), (1238, 866), (1258, 863), (1265, 915), (1269, 914), (1270, 917), (1270, 919), (1266, 919), (1270, 947), (1250, 950), (1247, 930), (1196, 938), (1193, 920), (1215, 917), (1214, 914), (1244, 910), (1241, 889), (1249, 876)],
    '21': [(1178, 729), (1195, 727), (1216, 723), (1220, 750), (1215, 750), (1216, 756), (1210, 757), (1207, 736), (1194, 738), (1180, 740), (1179, 736)],
    '22': [(1134, 725), (1128, 726), (1129, 727), (1122, 728), (1117, 729), (1117, 728), (1107, 729), (1103, 730), (1103, 731), (1097, 732), (1097, 731), (1093, 731), (1091, 714), (1089, 714), (1087, 703), (1086, 701), (1086, 698), (1086, 696), (1086, 693), (1087, 692), (1086, 686), (1090, 685), (1090, 682), (1111, 679), (1110, 685), (1112, 685), (1115, 684), (1118, 684), (1121, 685), (1123, 685), (1125, 686), (1128, 687), (1130, 688), (1129, 691), (1129, 692), (1135, 691), (1135, 690), (1139, 689), (1140, 688), (1143, 688), (1146, 687), (1147, 688), (1152, 687), (1153, 687), (1153, 686), (1154, 686), (1155, 686), (1156, 686), (1156, 686), (1156, 685), (1157, 686), (1157, 686), (1158, 687), (1159, 687), (1160, 699), (1162, 712), (1139, 715), (1139, 714), (1138, 714), (1138, 720), (1133, 720)],
    '23': [(1116, 924), (1098, 926), (1096, 911), (1085, 912), (1081, 913), (1080, 905), (1063, 908), (1064, 911), (1049, 913), (1035, 916), (1035, 912), (1019, 914), (1020, 922), (1005, 924), (1007, 939), (1007, 940), (988, 943), (987, 929), (931, 938), (927, 915), (976, 907), (975, 904), (982, 903), (982, 901), (1001, 898), (1001, 899), (1041, 893), (1041, 890), (1046, 889), (1051, 888), (1052, 891), (1109, 882), (1110, 887), (1117, 886), (1122, 885), (1166, 879), (1168, 890), (1170, 901), (1132, 907), (1114, 909)],
    '24': [(1747, 1046), (1753, 1010), (1748, 1001), (1752, 998), (1757, 995), (1759, 985), (1761, 975), (1764, 956), (1766, 956), (1768, 948), (1765, 947), (1764, 948), (1755, 946), (1744, 953), (1736, 987), (1723, 996), (1721, 997), (1719, 995), (1706, 975), (1692, 985), (1684, 990), (1687, 994), (1703, 1019), (1708, 1027), (1717, 1040), (1720, 1043), (1728, 1057)],
    '25': [(1848, 912), (1845, 909), (1843, 905), (1842, 901), (1842, 897), (1842, 892), (1844, 888), (1846, 885), (1849, 882), (1853, 879), (1857, 878), (1862, 878), (1866, 878), (1870, 880), (1874, 882), (1877, 885), (1879, 889), (1881, 893), (1881, 898), (1881, 902), (1879, 906), (1877, 910), (1873, 913), (1870, 915), (1865, 917), (1861, 917), (1856, 916), (1852, 915), (1851, 914)],
    '26': [(1887, 932), (1927, 910), (1952, 919), (1957, 920), (1956, 924), (1987, 935), (1973, 980), (1969, 979), (1958, 1011), (1944, 1006), (1937, 1009), (1931, 1007), (1928, 1009), (1920, 1006), (1914, 1010), (1910, 1009), (1909, 1012), (1883, 1003), (1892, 975), (1881, 952)],
    '27': [(1857, 955), (1866, 967), (1830, 993), (1830, 992), (1824, 996), (1826, 999), (1815, 1006), (1816, 1008), (1797, 1020), (1797, 1019), (1794, 1021), (1786, 1009), (1772, 1006), (1762, 1013), (1752, 998), (1757, 995), (1759, 985), (1761, 975), (1764, 956), (1766, 956), (1768, 948), (1772, 949), (1773, 948), (1784, 962), (1795, 954), (1818, 988), (1824, 984), (1821, 980)],
    '28': [(1779, 939), (1781, 937), (1778, 933), (1783, 930), (1786, 934), (1789, 932), (1787, 930), (1801, 920), (1802, 922), (1806, 919), (1803, 915), (1807, 913), (1810, 917), (1812, 915), (1820, 926), (1820, 927), (1820, 927), (1817, 930), (1816, 929), (1812, 932), (1813, 933), (1809, 936), (1808, 935), (1798, 942), (1800, 943), (1796, 945), (1795, 944), (1791, 947), (1791, 948), (1788, 950), (1787, 949), (1787, 950)],
    '29': [(2084, 893), (2101, 898), (2106, 895), (2134, 905), (2113, 968), (2060, 951), (2062, 945), (2060, 940), (2064, 940), (2065, 937), (2067, 938), (2070, 938)],
    '30': [(2001, 947), (2009, 949), (2007, 953), (2033, 961), (2036, 953), (2058, 960), (2056, 966), (2056, 968), (2073, 975), (2067, 993), (2076, 996), (2071, 1012), (2045, 1004), (2041, 1014), (2037, 1029), (2017, 1023), (2022, 1008), (2025, 997), (1997, 988), (2001, 977), (1992, 974)],
    '31': [(1981, 1011), (2017, 1023), (2037, 1029), (2057, 1036), (2052, 1049), (2075, 1057), (2069, 1077), (2074, 1079), (2072, 1085), (2067, 1083), (2064, 1093), (2022, 1079), (2018, 1089), (2056, 1101), (2042, 1142), (2006, 1130), (2003, 1138), (2001, 1143), (1983, 1137), (1985, 1132), (1983, 1131), (1992, 1102), (1966, 1094), (1975, 1065), (1965, 1062)],
    '32': [(1950, 1107), (1954, 1109), (1951, 1121), (1983, 1131), (1985, 1132), (1983, 1137), (2001, 1143), (2003, 1138), (2039, 1149), (2035, 1162), (2038, 1163), (2036, 1170), (2026, 1167), (2024, 1173), (2021, 1182), (2009, 1174), (1996, 1167), (1992, 1178), (1987, 1176), (1991, 1165), (1984, 1161), (1977, 1159), (1967, 1156), (1958, 1155), (1954, 1154), (1948, 1154), (1939, 1154), (1931, 1151), (1927, 1149), (1938, 1117), (1946, 1119)],
    '33': [(1957, 1166), (1949, 1191), (1949, 1194), (1982, 1213), (1984, 1213), (1986, 1211), (1997, 1179), (1992, 1178), (1987, 1176)],
    '34': [(1852, 1178), (1896, 1192), (1915, 1199), (1904, 1234), (1903, 1238), (1924, 1244), (1923, 1248), (1924, 1248), (1918, 1268), (1912, 1265), (1911, 1268), (1903, 1265), (1904, 1262), (1898, 1260), (1896, 1260), (1869, 1251), (1871, 1246), (1860, 1242), (1858, 1250), (1832, 1241)],
    '35': [(1924, 1248), (2015, 1277), (2008, 1296), (2005, 1295), (1979, 1374), (1932, 1359), (1935, 1351), (1920, 1346), (1908, 1384), (1880, 1375), (1909, 1287), (1931, 1294), (1926, 1309), (1931, 1311), (1962, 1321), (1964, 1322), (1966, 1322), (1978, 1287), (1918, 1268)],
    '36': [(1923, 1381), (1971, 1408), (1980, 1383), (1934, 1369)],
    '37': [(1681, 1357), (1717, 1342), (1729, 1337), (1733, 1336), (1735, 1341), (1747, 1370), (1778, 1357), (1784, 1374), (1738, 1392), (1746, 1415), (1700, 1434), (1689, 1434), (1683, 1440), (1682, 1438), (1677, 1443), (1676, 1441), (1670, 1446), (1669, 1444), (1663, 1449), (1662, 1447), (1656, 1452), (1625, 1376), (1632, 1374), (1632, 1372), (1639, 1372), (1639, 1369), (1646, 1369), (1646, 1366), (1653, 1367), (1653, 1363), (1657, 1363), (1667, 1359), (1668, 1361), (1671, 1362), (1679, 1359)],
    '38': [(1766, 1201), (1773, 1203), (1776, 1195), (1787, 1197), (1786, 1199), (1792, 1200), (1797, 1188), (1804, 1165), (1786, 1160), (1784, 1167), (1787, 1168), (1790, 1168), (1784, 1185), (1771, 1180), (1767, 1192), (1769, 1192), (1767, 1199)],
    '39': [(1831, 1360), (1834, 1361), (1833, 1365), (1850, 1370), (1853, 1359), (1844, 1356), (1845, 1354), (1834, 1350), (1832, 1355)],
    '40': [(1855, 1425), (1870, 1430), (1875, 1428), (1880, 1413), (1884, 1415), (1885, 1412), (1893, 1416), (1892, 1419), (1898, 1421), (1897, 1424), (1901, 1425), (1895, 1436), (1894, 1437), (1893, 1439), (1862, 1452), (1852, 1432)],
    '41': [(1662, 1475), (1704, 1457), (1749, 1569), (1749, 1571), (1731, 1578), (1709, 1587)],
    '42': [(1420, 1308), (1473, 1352), (1453, 1375), (1419, 1344), (1412, 1352), (1408, 1349), (1401, 1358), (1404, 1361), (1393, 1376), (1389, 1373), (1368, 1397), (1375, 1403), (1379, 1398), (1405, 1420), (1401, 1425), (1402, 1425), (1394, 1435), (1364, 1410), (1360, 1414), (1356, 1414), (1342, 1403), (1347, 1397), (1344, 1395), (1349, 1390), (1351, 1393), (1356, 1387), (1358, 1389), (1375, 1368), (1373, 1367), (1377, 1363), (1377, 1363), (1388, 1350), (1387, 1350), (1391, 1345), (1393, 1347), (1409, 1327), (1407, 1325), (1412, 1319), (1409, 1317), (1413, 1311), (1416, 1313)],
    '43': [(1314, 1428), (1328, 1412), (1345, 1426), (1337, 1435), (1332, 1431), (1331, 1433), (1328, 1431), (1324, 1436)],
    '44': [(1083, 731), (1079, 705), (1076, 686), (1074, 666), (1071, 646), (1068, 646), (1067, 644), (1057, 641), (1050, 640), (1044, 639), (1037, 639), (1028, 639), (1026, 639), (1025, 641), (1024, 643), (1025, 651), (1028, 672), (1028, 675), (1026, 677), (1025, 679), (1024, 681), (1025, 684), (1026, 686), (1027, 687), (1030, 688), (1030, 691), (1026, 692), (1029, 712), (1032, 737), (1078, 731)],
    '45': [(972, 745), (1018, 739), (1016, 724), (1013, 725), (1012, 721), (1000, 721), (991, 723), (991, 727), (970, 729)],
    '46': [(1135, 590), (1138, 589), (1137, 584), (1148, 581), (1150, 587), (1207, 576), (1208, 584), (1218, 581), (1219, 593), (1167, 604), (1139, 610), (1138, 607), (1135, 592)],
    '47': [(1131, 590), (1131, 593), (1135, 592), (1138, 607), (1132, 606), (1132, 608), (1081, 608), (1082, 591), (1082, 589), (1087, 589)],
    '48': [(1081, 608), (1081, 611), (1074, 611), (1074, 620), (1022, 619), (1022, 606), (1019, 606), (1019, 600), (1021, 600), (1022, 591), (1082, 591)],
    '49': [(1169, 522), (1208, 516), (1212, 540), (1172, 546)],
    '50': [(1016, 581), (1061, 582), (1061, 561), (1018, 560), (1017, 560)],
    '51': [(1065, 431), (1083, 428), (1088, 428), (1085, 409), (1084, 408), (1079, 365), (1065, 366), (1051, 369), (1052, 377), (1054, 390), (1059, 412), (1056, 412), (1058, 421), (1062, 421)],
    '52': [(966, 426), (961, 427), (956, 428), (955, 421), (944, 424), (943, 421), (939, 393), (953, 391), (952, 388), (958, 388), (957, 384), (964, 384), (964, 382), (989, 378), (989, 380), (996, 379), (996, 384), (1014, 381), (1016, 395), (1018, 410), (1021, 412), (1021, 415), (1019, 417), (1020, 426), (1058, 421), (1062, 421), (1065, 431), (1083, 428), (1086, 442), (1077, 444), (1076, 442), (1070, 443), (1070, 449), (1060, 450), (1059, 446), (1009, 455), (1008, 441), (1003, 421), (967, 426)],
    '53': [(991, 461), (992, 461), (991, 464), (998, 464), (1006, 464), (1007, 442), (999, 442), (999, 435), (992, 435), (992, 439), (992, 442), (992, 449)],
    '54': [(881, 427), (891, 428), (890, 421), (896, 420), (896, 407), (914, 405), (915, 408), (923, 407), (923, 414), (929, 414), (929, 421), (943, 421), (944, 424), (955, 421), (956, 428), (961, 427), (961, 444), (961, 457), (948, 458), (948, 462), (930, 461), (896, 461), (896, 464), (880, 464)],
    '55': [(996, 379), (1005, 377), (1004, 371), (1038, 367), (1038, 369), (1037, 369), (1039, 379), (1046, 378), (1045, 371), (1050, 370), (1051, 377), (1052, 377), (1054, 390), (1016, 395), (1014, 381), (996, 384)],
    '56': [(1114, 441), (1145, 441), (1146, 410), (1153, 411), (1153, 402), (1153, 400), (1148, 400), (1148, 394), (1145, 393), (1145, 386), (1140, 378), (1120, 378), (1118, 396), (1116, 396), (1115, 399)],
    '57': [(1157, 438), (1169, 436), (1169, 434), (1241, 422), (1241, 425), (1250, 424), (1252, 429), (1259, 428), (1266, 427), (1260, 390), (1262, 389), (1263, 387), (1271, 386), (1268, 373), (1267, 373), (1257, 376), (1255, 374), (1244, 375), (1245, 388), (1236, 389), (1236, 391), (1208, 395), (1207, 385), (1193, 387), (1195, 397), (1165, 402), (1164, 401), (1153, 402), (1153, 411), (1154, 414), (1156, 414), (1158, 426), (1155, 426)],
    '58': [(1256, 453), (1263, 452), (1262, 443), (1259, 428), (1252, 429), (1253, 436), (1252, 436), (1252, 441), (1251, 441), (1252, 444), (1253, 444), (1254, 449), (1255, 449)],
    '59': [(1318, 464), (1300, 467), (1269, 471), (1266, 448), (1269, 448), (1268, 444), (1267, 440), (1277, 439), (1278, 444), (1331, 436), (1335, 462)],
    '60': [(1300, 467), (1304, 497), (1309, 533), (1314, 571), (1318, 594), (1277, 600), (1239, 605), (1231, 544), (1221, 478), (1259, 473), (1256, 453), (1255, 449), (1254, 449), (1244, 451), (1244, 453), (1224, 456), (1191, 461), (1162, 465), (1165, 481), (1166, 488), (1169, 487), (1203, 482), (1204, 486), (1208, 511), (1208, 516), (1212, 540), (1213, 547), (1218, 581), (1219, 593), (1222, 612), (1203, 614), (1206, 640), (1281, 630), (1347, 620), (1346, 615), (1343, 598), (1336, 599), (1333, 574), (1336, 574), (1335, 568), (1335, 565), (1334, 561), (1331, 561), (1328, 539), (1327, 530), (1327, 528), (1323, 500), (1322, 494), (1321, 491), (1318, 464)],
    '61': [(792, 468), (795, 484), (802, 483), (801, 482), (811, 480), (812, 484), (840, 480), (839, 475), (844, 475), (845, 476), (853, 475), (853, 473), (854, 473), (852, 459), (841, 461), (841, 457), (808, 462), (809, 466)],
    '62': [(851, 443), (870, 443), (871, 421), (806, 419), (760, 431), (768, 463)],
    '63': [(1639, 393), (1647, 393), (1647, 390), (1650, 390), (1650, 382), (1647, 382), (1647, 376), (1645, 376), (1645, 371), (1640, 371), (1640, 373), (1638, 373)],
    '64': [(1622, 452), (1625, 453), (1628, 445), (1625, 444)],
    '65': [(620, 585), (636, 582), (636, 577), (642, 577), (640, 566), (634, 567), (632, 557), (644, 555), (639, 524), (643, 523), (636, 475), (608, 480), (609, 483), (613, 506), (606, 507), (609, 525), (604, 526), (610, 565), (608, 565), (608, 570), (610, 569), (612, 581), (619, 580)],
    '66': [(527, 517), (547, 515), (547, 517), (556, 516), (556, 514), (578, 510), (575, 485), (589, 483), (594, 523), (577, 526), (578, 529), (528, 535), (528, 533), (522, 534), (521, 528), (520, 521), (527, 520)],
    '67': [(539, 570), (546, 569), (549, 564), (548, 557), (543, 553), (536, 555), (532, 560), (533, 567)],
    '68': [(544, 585), (548, 610), (470, 622), (466, 597), (466, 597), (469, 597), (470, 595), (472, 592), (470, 580), (473, 580), (472, 578), (469, 554), (512, 548), (516, 573), (508, 575), (511, 590)],
    '69': [(619, 678), (614, 650), (613, 640), (597, 642), (597, 644), (554, 651), (555, 655), (541, 657), (540, 653), (517, 657), (545, 673), (557, 671), (587, 667), (586, 663), (593, 662), (596, 681), (608, 679), (612, 679)],
    '70': [(553, 582), (590, 577), (591, 585), (594, 589), (604, 587), (611, 634), (595, 637), (593, 618), (574, 621), (567, 616), (564, 596), (554, 597), (554, 593), (551, 593), (550, 587), (553, 586)],
    '71': [(595, 637), (547, 643), (547, 641), (512, 646), (493, 632), (511, 629), (512, 631), (531, 628), (531, 627), (533, 626), (534, 628), (545, 626), (575, 622), (574, 621), (593, 618)],
    '72': [(821, 721), (839, 710), (854, 734), (836, 745)],
    '73': [(819, 697), (820, 694), (823, 691), (826, 690), (829, 689), (833, 690), (836, 691), (838, 694), (840, 697), (840, 700), (839, 704), (837, 707), (835, 709), (831, 710), (828, 711), (824, 709), (821, 707), (819, 704), (818, 701)],
    '74': [(939, 961), (965, 967), (966, 960), (970, 961), (971, 959), (974, 957), (978, 958), (979, 961), (979, 963), (982, 964), (980, 971), (987, 973), (986, 976), (988, 977), (990, 980), (989, 983), (986, 986), (985, 989), (977, 987), (965, 1034), (974, 1036), (969, 1059), (975, 1060), (966, 1096), (931, 1087), (926, 1106), (939, 1109), (935, 1124), (915, 1119), (914, 1123), (918, 1124), (910, 1155), (905, 1154), (904, 1157), (888, 1153), (895, 1124), (900, 1125), (901, 1122), (904, 1123), (906, 1118), (877, 1111), (878, 1106), (876, 1103), (877, 1100), (880, 1098), (881, 1094), (907, 1100), (910, 1087), (909, 1086), (909, 1083), (911, 1082), (913, 1076), (911, 1074), (912, 1072), (914, 1071), (917, 1058), (914, 1057), (915, 1055), (899, 1051), (898, 1054), (884, 1051), (884, 1047), (880, 1046), (878, 1043), (879, 1037), (884, 1034), (888, 1035), (889, 1032), (902, 1035), (901, 1039), (909, 1040), (908, 1042), (918, 1044), (918, 1041), (924, 1042), (925, 1039), (923, 1038), (923, 1034), (922, 1032), (923, 1028), (926, 1027), (928, 1027), (929, 1023), (932, 1023), (934, 1022), (938, 1023), (939, 1025), (942, 1025), (942, 1028), (950, 1031), (962, 983), (936, 977), (936, 973), (934, 970), (935, 966), (939, 964)],
    '75': [(935, 1124), (975, 1134), (979, 1119), (939, 1109)],
    '76': [(1075, 1116), (1096, 1112), (1098, 1110), (1099, 1108), (1100, 1106), (1099, 1101), (1098, 1100), (1096, 1098), (1094, 1097), (1013, 1113), (1015, 1124), (1019, 1124), (1022, 1138), (1020, 1138), (1021, 1146), (1015, 1147), (1016, 1153), (1021, 1152), (1023, 1163), (1025, 1163), (1027, 1170), (1021, 1171), (1024, 1189), (1028, 1188), (1032, 1209), (1035, 1208), (1040, 1232), (1036, 1233), (1037, 1238), (1034, 1239), (1048, 1314), (1055, 1313), (1057, 1326), (1060, 1326), (1060, 1330), (1061, 1331), (1063, 1331), (1117, 1320), (1114, 1306), (1060, 1317), (1059, 1312), (1062, 1311), (1057, 1286), (1077, 1282), (1077, 1281), (1083, 1276), (1081, 1268), (1073, 1266), (1054, 1270), (1049, 1244), (1043, 1246), (1043, 1241), (1049, 1240), (1047, 1232), (1050, 1231), (1049, 1226), (1089, 1220), (1127, 1210), (1130, 1223), (1140, 1221), (1132, 1186), (1135, 1185), (1130, 1165), (1132, 1165), (1130, 1156), (1126, 1157), (1121, 1135), (1126, 1134), (1123, 1120), (1094, 1126), (1097, 1140), (1104, 1139), (1105, 1144), (1116, 1199), (1054, 1212), (1052, 1203), (1057, 1202), (1046, 1148), (1050, 1147), (1047, 1135), (1036, 1137), (1033, 1122), (1073, 1114)],
    '77': [(1136, 1331), (1147, 1329), (1145, 1319), (1168, 1314), (1165, 1300), (1162, 1301), (1159, 1292), (1128, 1299)],
    '78': [(1126, 1409), (1136, 1409), (1135, 1382), (1125, 1382)],
    '79': [(1035, 1383), (1049, 1383), (1051, 1408), (1036, 1408), (1036, 1407), (993, 1409), (993, 1410), (980, 1411), (980, 1402), (966, 1402), (965, 1390), (992, 1389), (993, 1396), (999, 1396), (1003, 1395), (1035, 1394)],
    '80': [(999, 1396), (991, 1358), (995, 1357), (997, 1366), (1003, 1395)],
    '81': [(827, 1305), (860, 1298), (863, 1314), (854, 1317), (853, 1314), (849, 1315), (850, 1319), (852, 1318), (853, 1323), (858, 1322), (863, 1344), (836, 1350)],
    '82': [(816, 1269), (827, 1264), (824, 1259), (829, 1256), (831, 1262), (842, 1256), (841, 1285)],
    '83': [(791, 1224), (800, 1219), (799, 1216), (813, 1210), (815, 1214), (816, 1216), (819, 1217), (821, 1220), (820, 1223), (830, 1241), (834, 1239), (842, 1255), (834, 1259), (831, 1254), (815, 1262), (812, 1256), (811, 1256), (806, 1247), (803, 1249), (798, 1239), (799, 1238)],
    '84': [(813, 1188), (830, 1184), (831, 1186), (840, 1183), (845, 1208), (815, 1214), (811, 1193), (814, 1192)],
    '85': [(681, 975), (688, 979), (686, 982), (699, 989), (698, 991), (706, 995), (707, 993), (717, 998), (719, 996), (726, 1000), (736, 982), (690, 957)],
    '86': [(636, 1360), (636, 1359), (639, 1357), (642, 1357), (643, 1358), (648, 1358), (649, 1359), (650, 1364), (652, 1365), (652, 1369), (654, 1370), (654, 1375), (655, 1376), (657, 1382), (662, 1381), (665, 1393), (659, 1394), (659, 1397), (660, 1398), (660, 1402), (662, 1403), (662, 1407), (663, 1408), (663, 1413), (665, 1414), (665, 1418), (647, 1424), (646, 1419), (646, 1417), (644, 1413), (645, 1412), (643, 1408), (644, 1407), (641, 1403), (642, 1401), (641, 1399), (635, 1400), (632, 1389), (637, 1388), (637, 1384), (636, 1381), (636, 1379), (634, 1375), (634, 1373), (632, 1370), (633, 1368), (631, 1364), (634, 1361)],
    '87': [(608, 1423), (620, 1413), (612, 1403), (608, 1406), (601, 1399), (605, 1395), (598, 1388), (595, 1390), (588, 1383), (592, 1380), (586, 1373), (582, 1376), (580, 1372), (579, 1373), (569, 1362), (563, 1367), (564, 1369), (561, 1371), (560, 1370), (555, 1373), (564, 1384), (569, 1379), (577, 1388), (575, 1390), (574, 1388), (571, 1390), (579, 1401), (583, 1397), (590, 1405), (577, 1417), (541, 1418), (536, 1423), (543, 1430), (576, 1428), (578, 1430), (584, 1429), (586, 1430), (602, 1417)],
    '88': [(543, 1267), (548, 1288), (552, 1286), (580, 1279), (575, 1263), (560, 1267), (559, 1263)],
    '89': [(324, 1026), (350, 1002), (358, 1010), (350, 1018), (352, 1020), (375, 995), (387, 1007), (359, 1037), (355, 1040), (351, 1041), (348, 1039), (335, 1026), (329, 1030)],
    '90': [(305, 972), (315, 983), (363, 940), (365, 942), (367, 943), (369, 940), (369, 937), (400, 910), (387, 896), (360, 919), (321, 877), (321, 873), (317, 869), (316, 868), (313, 868), (305, 860), (332, 836), (321, 824), (293, 850), (285, 841), (272, 851), (280, 861), (247, 890), (246, 891), (257, 904), (283, 880), (286, 883), (289, 880), (291, 882), (295, 877), (346, 932), (343, 935), (344, 937)],
    '91': [(287, 978), (289, 977), (291, 980), (299, 973), (296, 970), (304, 963), (256, 909), (249, 915), (248, 913), (239, 921), (241, 923), (240, 925)],
    '92': [(213, 894), (220, 902), (242, 884), (240, 882), (245, 879), (241, 874), (235, 878), (234, 876)],
    '93': [(153, 746), (166, 734), (176, 746), (174, 747), (203, 778), (204, 777), (206, 779), (209, 779), (211, 781), (210, 783), (212, 785), (211, 787), (215, 791), (218, 794), (208, 802), (206, 800), (194, 810), (219, 837), (210, 845), (211, 847), (206, 851), (206, 850), (191, 864), (188, 861), (185, 864), (180, 858), (184, 854), (178, 847), (177, 848), (181, 852), (174, 859), (156, 839), (159, 836), (100, 771), (96, 775), (88, 766), (112, 744), (110, 742), (113, 739), (116, 741), (121, 736), (120, 735), (127, 728), (128, 714), (137, 705), (151, 705), (161, 716), (160, 730), (150, 739), (137, 739), (111, 763), (160, 816), (191, 788)],
    '94': [(215, 791), (225, 802), (244, 785), (241, 781), (242, 779), (237, 771), (224, 782)],
    '95': [(207, 764), (220, 752), (237, 771), (224, 782)],
    '96': [(168, 596), (187, 590), (184, 582), (180, 583), (178, 576), (172, 578), (174, 586), (166, 588)],
    '97': [(409, 574), (415, 565), (433, 574), (435, 570), (434, 560), (469, 554), (472, 578), (465, 579), (465, 583), (462, 584), (461, 586), (472, 592), (470, 595), (465, 592), (459, 602)],
    '98': [(462, 533), (469, 532), (466, 520), (469, 520), (468, 513), (465, 514), (462, 498), (455, 499)],
    '99': [(908, 778), (935, 773), (950, 875), (951, 882), (941, 884), (936, 877), (922, 879), (914, 817), (911, 788)],
    '100': [(1491, 707), (1493, 705), (1495, 704), (1498, 704), (1500, 705), (1503, 707), (1504, 709), (1504, 712), (1504, 714), (1503, 715), (1501, 717), (1499, 718), (1497, 719), (1494, 718), (1493, 717), (1491, 715), (1490, 713), (1490, 711)],
    '101': [(1610, 1044), (1629, 1054), (1646, 1043), (1645, 1036), (1646, 1036), (1644, 1023), (1635, 1027)],
    '102': [(1591, 1054), (1596, 1055), (1602, 1066), (1627, 1104), (1630, 1102), (1638, 1096), (1646, 1086), (1661, 1076), (1664, 1085), (1668, 1088), (1675, 1092), (1672, 1099), (1676, 1103), (1669, 1108), (1663, 1107), (1637, 1125), (1627, 1131), (1622, 1138), (1616, 1145), (1615, 1146), (1613, 1143), (1606, 1133), (1605, 1132), (1599, 1122), (1571, 1083), (1567, 1077), (1564, 1072), (1566, 1071), (1568, 1071), (1580, 1077), (1583, 1075), (1579, 1060), (1584, 1059)],
    '103': [(1524, 1094), (1528, 1091), (1553, 1073), (1557, 1079), (1591, 1128), (1597, 1137), (1599, 1140), (1605, 1149), (1602, 1151), (1596, 1155), (1598, 1157), (1577, 1171), (1568, 1177), (1548, 1190), (1533, 1200), (1529, 1198), (1525, 1194), (1526, 1193), (1524, 1191), (1523, 1192), (1514, 1179), (1539, 1162), (1530, 1122), (1529, 1120), (1527, 1116), (1526, 1113), (1527, 1111), (1527, 1108), (1530, 1106), (1531, 1105)],
    '104': [(2009, 884), (2076, 894), (2075, 900), (2077, 901), (2068, 909), (2058, 917), (2047, 923), (2034, 927), (2022, 929), (2009, 929), (2011, 922), (2008, 922), (2005, 931), (2000, 929), (2002, 921), (1998, 921), (1994, 920), (1993, 926), (1982, 922), (1973, 918), (1963, 913), (1958, 910), (1954, 908), (1946, 903), (1939, 899), (1931, 893), (1917, 882), (1899, 868), (1999, 883), (1997, 904), (2001, 904), (2006, 905)],
    '105': [(564, 900), (635, 885), (641, 913), (570, 929)],
    '106': [(811, 542), (819, 553), (836, 570), (843, 562), (841, 559), (864, 549), (860, 542), (865, 539), (861, 532), (855, 526), (848, 519), (842, 515), (839, 519), (834, 517), (821, 536), (819, 535)],
    '107': [(1256, 745), (1258, 766), (1245, 768), (1253, 820), (1266, 818), (1268, 838), (1230, 843), (1217, 751)],
    '108': [(1367, 873), (1369, 886), (1370, 893), (1325, 900), (1329, 930), (1394, 920), (1438, 913), (1433, 882), (1392, 888), (1391, 878), (1401, 877), (1393, 825), (1392, 820), (1389, 798), (1374, 801), (1376, 814), (1358, 817), (1355, 797), (1352, 798), (1349, 797), (1349, 824), (1351, 843), (1367, 841), (1372, 872)],
    '109': [(921, 1162), (938, 1157), (951, 1204), (997, 1216), (992, 1232), (946, 1220), (913, 1254), (901, 1242), (934, 1208)],
    '110': [(1318, 800), (1350, 795), (1349, 797), (1349, 824), (1351, 843), (1353, 849), (1331, 853), (1327, 827)],
    '111': [(1591, 1128), (1599, 1122), (1605, 1132), (1597, 1137)],
    '112': [(607, 708), (587, 723), (457, 844), (474, 863), (487, 852), (496, 863), (485, 873), (498, 888), (641, 758), (628, 745), (620, 752), (608, 741), (624, 726)],
    '113': [(1494, 1498), (1497, 1503), (1495, 1504), (1499, 1509), (1503, 1511), (1512, 1536), (1546, 1522), (1540, 1508), (1586, 1489), (1592, 1503), (1635, 1486), (1627, 1463), (1618, 1467), (1616, 1461), (1607, 1452)],
    '114': [(626, 819), (637, 868), (634, 869), (604, 875), (595, 835), (613, 831), (610, 822)],
    '115': [(1696, 1084), (1714, 1072), (1711, 1068), (1702, 1055), (1700, 1051), (1702, 1050), (1687, 1030), (1682, 1023), (1680, 1024), (1668, 1006), (1664, 1002), (1648, 1013)],
    '116': [(1020, 977), (1117, 962), (1120, 985), (1168, 978), (1159, 921), (1015, 943)],
    '117': [(1750, 1413), (1758, 1433), (1757, 1434), (1779, 1488), (1774, 1490), (1782, 1510), (1744, 1526), (1735, 1506), (1730, 1508), (1700, 1434), (1746, 1415)],
    '118': [(1624, 1496), (1642, 1512), (1618, 1540), (1616, 1539), (1612, 1543), (1612, 1546), (1612, 1548), (1613, 1550), (1620, 1553), (1621, 1552), (1654, 1569), (1643, 1589), (1608, 1571), (1620, 1598), (1596, 1607), (1583, 1574), (1579, 1576), (1581, 1583), (1540, 1600), (1533, 1583), (1525, 1586), (1532, 1601), (1510, 1610), (1503, 1594), (1495, 1597), (1502, 1613), (1481, 1622), (1471, 1600), (1463, 1603), (1471, 1623), (1450, 1632), (1435, 1595), (1445, 1591), (1441, 1581), (1431, 1585), (1416, 1550), (1438, 1540), (1449, 1567), (1456, 1564), (1445, 1537), (1467, 1528), (1478, 1555), (1485, 1552), (1474, 1527), (1496, 1518), (1512, 1556), (1522, 1552), (1520, 1547), (1550, 1535), (1557, 1550), (1565, 1546), (1555, 1521), (1577, 1512), (1587, 1537), (1592, 1536), (1594, 1533), (1593, 1531)],
    '119': [(1134, 1508), (1122, 1474), (1133, 1471), (1123, 1441), (1186, 1437), (1187, 1443), (1189, 1445), (1190, 1447), (1191, 1449), (1190, 1452), (1139, 1509), (1136, 1509)],
    '120': [(708, 436), (749, 429), (762, 506), (727, 511), (720, 467), (714, 468)],
    '121': [(358, 545), (362, 535), (359, 520), (323, 528)],
    '122': [(1250, 366), (1267, 367), (1267, 373), (1250, 373)],
    '123': [(1217, 371), (1226, 371), (1226, 382), (1217, 382)],
    '124': [(1229, 375), (1229, 381), (1236, 381), (1237, 375)],
    '125': [(1159, 388), (1177, 385), (1178, 394), (1160, 397)],
    '126': [(519, 1602), (502, 1555), (517, 1550), (518, 1553), (528, 1550), (538, 1576), (545, 1574), (547, 1579), (549, 1578), (553, 1590)],
    '127': [(557, 1589), (553, 1577), (554, 1576), (552, 1571), (560, 1568), (551, 1542), (573, 1534), (582, 1561), (590, 1558), (592, 1563), (594, 1563), (598, 1574)],
    '128': [(601, 1573), (597, 1561), (599, 1561), (597, 1556), (605, 1553), (596, 1527), (618, 1519), (627, 1545), (631, 1544), (637, 1561)],
    '129': [(521, 1613), (536, 1608), (546, 1639), (552, 1655), (538, 1660)],
    '130': [(552, 1655), (657, 1618), (652, 1603), (546, 1639)],
    '131': [(545, 1609), (551, 1625), (605, 1607), (605, 1609), (614, 1606), (607, 1584), (598, 1587), (599, 1590)],
    '132': [(660, 1600), (746, 1570), (751, 1585), (665, 1615)],
    '133': [(748, 1539), (679, 1563), (678, 1560), (667, 1564), (675, 1585), (686, 1582), (685, 1579), (754, 1555)],
    '134': [(659, 1555), (682, 1547), (666, 1503), (644, 1511)],
    '135': [(683, 1487), (706, 1479), (725, 1534), (702, 1542)],
    '136': [(644, 1511), (642, 1512), (636, 1497), (633, 1488), (636, 1487), (635, 1483), (654, 1476), (656, 1480), (658, 1479), (660, 1487), (666, 1503)],
    '137': [(636, 1497), (636, 1497), (635, 1496), (635, 1496), (634, 1495), (633, 1494), (631, 1493), (629, 1491), (628, 1489), (628, 1486), (628, 1483), (629, 1481), (631, 1478), (634, 1477), (637, 1475), (641, 1474), (645, 1474), (649, 1473), (654, 1473), (658, 1474), (661, 1475), (663, 1477), (665, 1480), (665, 1482), (665, 1483), (664, 1485), (663, 1486), (660, 1487), (658, 1479), (656, 1480), (654, 1476), (635, 1483), (636, 1487), (633, 1488)],
    '138': [(634, 605), (632, 678), (650, 679), (650, 671), (666, 672), (669, 595), (652, 594), (653, 588), (651, 587)],
    '139': [(1687, 1030), (1703, 1019), (1687, 994), (1668, 1006), (1680, 1024), (1682, 1023)],
    '140': [(1702, 1055), (1720, 1043), (1728, 1057), (1711, 1068)],
    '141': [(1797, 1019), (1775, 987), (1759, 985), (1761, 975), (1777, 978), (1778, 969), (1785, 964), (1816, 1008), (1797, 1020)],
    '142': [(1809, 906), (1821, 898), (1829, 910), (1838, 922), (1857, 950), (1846, 958)],
    '143': [(1842, 901), (1829, 910), (1838, 922), (1851, 914), (1848, 912), (1845, 909), (1843, 905)],
    '144': [(1452, 1690), (1550, 1652), (1546, 1641), (1535, 1613), (1514, 1621), (1495, 1628), (1475, 1636), (1457, 1643), (1437, 1651), (1449, 1681)],
    '145': [(1545, 1605), (1577, 1592), (1593, 1630), (1560, 1642)],
    '146': [(169, 673), (149, 620), (120, 585), (119, 586), (116, 582), (109, 588), (108, 586), (98, 595), (115, 615), (123, 608), (139, 628), (136, 640), (133, 641), (145, 672), (148, 671), (150, 677), (154, 676), (155, 678)],
    '147': [(1799, 1055), (1813, 1045), (1840, 1043), (1841, 1050), (1834, 1065), (1827, 1065), (1813, 1075)],
    '148': [(1776, 1086), (1798, 1072), (1804, 1081), (1782, 1095)],
    '149': [(2089, 1008), (2095, 1010), (2091, 1021), (2085, 1019)],
    '150': [(2091, 994), (2088, 1003), (2092, 1004), (2094, 996), (2095, 995)],
    '151': [(2094, 996), (2098, 998), (2095, 1006), (2092, 1005), (2092, 1004)],
    '152': [(1565, 970), (1565, 975), (1577, 973), (1578, 978), (1580, 978), (1580, 981), (1581, 984), (1567, 986), (1568, 990), (1558, 991), (1558, 995), (1548, 996), (1548, 1000), (1538, 1001), (1539, 1005), (1528, 1007), (1529, 1010), (1519, 1012), (1519, 1016), (1509, 1017), (1509, 1021), (1498, 1022), (1488, 1024), (1482, 986), (1492, 984), (1491, 980)],
    '153': [(1362, 1057), (1436, 1046), (1448, 1124), (1374, 1135)],
    '154': [(1171, 986), (1175, 1025), (1126, 1028), (1131, 1067), (1015, 1090), (1002, 1012)],
    '155': [(1051, 1331), (1060, 1330), (1061, 1331), (1063, 1331), (1066, 1352), (1054, 1353)],
    '156': [(1101, 1332), (1111, 1330), (1113, 1341), (1103, 1343)],
    '157': [(1392, 933), (1393, 933), (1392, 932), (1392, 932), (1392, 931), (1391, 931), (1390, 931), (1390, 931), (1389, 931), (1389, 932), (1389, 932), (1389, 933), (1389, 933), (1389, 934), (1390, 934), (1390, 934), (1391, 935), (1391, 934), (1392, 934)],
    '158': [(928, 1269), (936, 1271), (933, 1279), (926, 1277)],
    '159': [(913, 1279), (884, 1285), (891, 1315), (902, 1313), (904, 1321), (895, 1323), (896, 1326), (906, 1324), (910, 1344), (919, 1342), (918, 1339), (920, 1338), (919, 1334), (925, 1333)],
    '160': [(895, 1418), (886, 1419), (886, 1423), (872, 1425), (868, 1397), (892, 1394)],
    '161': [(854, 1463), (880, 1454), (891, 1487), (865, 1495)],
    '162': [(897, 1472), (910, 1467), (910, 1469), (921, 1465), (922, 1467), (933, 1463), (934, 1465), (945, 1461), (952, 1480), (941, 1484), (940, 1482), (929, 1486), (928, 1483), (916, 1488), (915, 1486), (904, 1490)],
    '163': [(1009, 1449), (987, 1457), (999, 1491), (1021, 1484)],
    '164': [(1021, 1453), (1039, 1447), (1050, 1479), (1048, 1478), (1037, 1483), (1035, 1479), (1030, 1481)],
    '165': [(1042, 1449), (1050, 1446), (1053, 1456), (1046, 1459)],
    '166': [(1046, 1461), (1093, 1444), (1095, 1451), (1120, 1442), (1129, 1466), (1094, 1478), (1093, 1476), (1056, 1489)],
    '167': [(1000, 1497), (1011, 1493), (1010, 1490), (1017, 1488), (1017, 1490), (1037, 1483), (1048, 1478), (1053, 1491), (1014, 1505), (1013, 1503), (1004, 1506)],
    '168': [(1201, 1334), (1198, 1345), (1218, 1352), (1222, 1341)],
    '169': [(1190, 1343), (1190, 1345), (1193, 1344), (1194, 1350), (1191, 1351), (1191, 1353), (1166, 1355), (1165, 1345)],
    '170': [(1256, 453), (1263, 452), (1262, 443), (1267, 443), (1268, 444), (1269, 448), (1266, 448), (1269, 471), (1259, 473)],
    '171': [(1792, 1106), (1807, 1096), (1817, 1111), (1802, 1121)],
    '172': [(1171, 507), (1189, 507), (1188, 519), (1171, 518)],
    '173': [(1220, 698), (1224, 720), (1204, 723), (1203, 716), (1200, 716), (1197, 702)],
    '174': [(777, 1476), (787, 1473), (785, 1468), (791, 1467), (790, 1464), (796, 1462), (796, 1464), (820, 1456), (822, 1465), (829, 1462), (830, 1465), (833, 1464), (836, 1473), (833, 1474), (837, 1484), (829, 1486), (831, 1494), (807, 1502), (804, 1492), (801, 1493), (806, 1506), (797, 1509), (798, 1513), (791, 1515), (788, 1507), (787, 1508)],
    '175': [(747, 1500), (759, 1496), (767, 1518), (754, 1522)],
    '176': [(802, 1521), (830, 1512), (835, 1528), (808, 1537)],
    '177': [(837, 1540), (844, 1538), (849, 1536), (850, 1540), (854, 1555), (842, 1558)],
    '178': [(826, 1545), (837, 1543), (840, 1555), (830, 1557)],
    '179': [(638, 1043), (711, 1021), (713, 1032), (746, 1026), (773, 1024), (774, 1027), (776, 1033), (779, 1042), (780, 1046), (781, 1050), (783, 1056), (785, 1064), (785, 1065), (695, 1091), (659, 1118)],
    '180': [(1537, 396), (1540, 416), (1545, 447), (1531, 449), (1496, 454), (1490, 455), (1469, 458), (1465, 434), (1464, 426), (1458, 426), (1456, 411), (1460, 410), (1459, 407), (1506, 400), (1506, 398), (1527, 395), (1527, 397)],
    '181': [(1438, 677), (1450, 675), (1453, 693), (1441, 695)],
    '182': [(1178, 1528), (1230, 1469), (1240, 1478), (1261, 1454), (1270, 1462), (1288, 1441), (1297, 1449), (1308, 1437), (1314, 1441), (1316, 1438), (1330, 1450), (1356, 1422), (1361, 1426), (1364, 1422), (1390, 1443), (1325, 1471), (1322, 1463), (1253, 1492), (1257, 1501), (1186, 1530), (1182, 1532), (1180, 1532), (1179, 1532), (1178, 1530)],
    '183': [(888, 1176), (882, 1178), (876, 1182), (873, 1187), (871, 1193), (871, 1199), (873, 1205), (877, 1210), (883, 1213), (887, 1214), (888, 1222), (890, 1222), (892, 1227), (890, 1230), (892, 1234), (901, 1229), (897, 1219), (897, 1207), (898, 1201), (899, 1195), (901, 1190), (905, 1183), (911, 1176), (918, 1170), (914, 1164), (909, 1164), (902, 1169), (896, 1177)],
    '184': [(1402, 1181), (1392, 1196), (1379, 1187), (1389, 1172)],
    '185': [(1995, 1262), (1975, 1255), (1987, 1217), (2000, 1180), (2020, 1187)],
}
