BUILDING_POLY = {
    '00': [(1819, 989), (1814, 990), (1805, 1005), (1809, 1006), (1807, 1010), (1803, 1009), (1799, 1018), (1795, 1016), (1792, 1020), (1783, 1016), (1779, 1023), (1761, 1013), (1815, 923), (1818, 925), (1821, 914), (1860, 922), (1871, 869), (1864, 868), (1866, 854), (1875, 855), (1878, 837), (1889, 838), (1888, 847), (1893, 847), (1890, 869), (1894, 870), (1881, 942), (1859, 940), (1855, 946), (1907, 976), (1914, 980), (1911, 986), (1843, 947)],
    '01': [(1907, 1060), (1896, 1051), (1891, 1049), (1802, 1024), (1807, 1010), (1809, 1006), (1822, 995), (1845, 1001), (1894, 1017), (1911, 986), (1914, 980), (1907, 976), (1908, 895), (1923, 868), (1938, 875), (1931, 886), (1935, 888), (1928, 899), (1928, 902), (1927, 956), (1969, 879), (1975, 867), (1981, 866), (1987, 862), (2009, 875), (1996, 899), (1928, 1026)],
    '02': [(2053, 871), (2066, 878), (2055, 900), (2009, 875), (1987, 862), (1981, 866), (1975, 867), (1965, 866), (1955, 863), (1948, 860), (1942, 855), (1934, 849), (1927, 840), (1925, 831), (1926, 824), (1931, 820), (1938, 818), (1946, 818), (1954, 820), (1963, 824), (1977, 800), (1913, 763), (1926, 740), (2134, 860), (2121, 883), (2063, 849)],
    '03': [(882, 1212), (878, 1259), (876, 1275), (874, 1310), (854, 1308), (852, 1333), (845, 1338), (859, 1349), (912, 1356), (918, 1356), (919, 1344), (960, 1347), (958, 1362), (1015, 1367), (1016, 1355), (1027, 1356), (1027, 1348), (1040, 1349), (1044, 1306), (965, 1299), (965, 1292), (949, 1290), (949, 1298), (926, 1296), (925, 1310), (900, 1308), (903, 1276), (904, 1261), (904, 1256), (1046, 1268), (1048, 1241), (1019, 1239), (1020, 1225), (1000, 1224), (999, 1238), (985, 1236), (986, 1222), (965, 1220), (963, 1234), (951, 1233), (952, 1220), (931, 1218), (929, 1231), (913, 1230), (914, 1215)],
    '04': [(1215, 1082), (1237, 1083), (1237, 1073), (1258, 1074), (1258, 1065), (1327, 1069), (1328, 1088), (1342, 1089), (1342, 1101), (1336, 1178), (1327, 1178), (1325, 1200), (1334, 1200), (1332, 1228), (1225, 1221), (1229, 1175), (1209, 1174), (1213, 1113)],
    '05': [(1143, 1287), (1138, 1357), (1166, 1386), (1201, 1390), (1203, 1380), (1229, 1382), (1232, 1375), (1244, 1373), (1257, 1365), (1270, 1357), (1280, 1335), (1274, 1315), (1270, 1304), (1240, 1280), (1231, 1273), (1212, 1271), (1211, 1265), (1177, 1262)],
    '06': [(1642, 736), (1636, 771), (1621, 853), (1699, 867), (1696, 883), (1729, 889), (1842, 909), (1856, 830), (1772, 815), (1775, 801), (1782, 760)],
    '07': [(1319, 875), (1452, 869), (1453, 874), (1453, 887), (1487, 885), (1488, 895), (1521, 894), (1522, 930), (1438, 934), (1438, 938), (1414, 939), (1413, 915), (1370, 917), (1370, 929), (1337, 931), (1337, 919), (1321, 920), (1320, 902), (1313, 903), (1313, 895), (1320, 895)],
    '08': [(784, 1021), (782, 1042), (747, 1040), (741, 1113), (754, 1114), (762, 1114), (763, 1107), (770, 1107), (774, 1060), (784, 1061), (779, 1128), (772, 1128), (771, 1148), (764, 1147), (759, 1205), (782, 1207), (782, 1203), (812, 1205), (814, 1180), (817, 1150), (810, 1150), (818, 1048), (862, 1051), (865, 1016), (825, 1013), (824, 1024)],
    '09': [(428, 1231), (450, 1231), (450, 1222), (466, 1222), (468, 1166), (485, 1166), (485, 1170), (535, 1172), (536, 1164), (551, 1165), (550, 1193), (576, 1193), (577, 1126), (554, 1125), (553, 1138), (470, 1136), (470, 1139), (461, 1139), (461, 1130), (453, 1130), (453, 1151), (430, 1150)],
    '10': [(374, 1366), (643, 1369), (644, 1329), (622, 1329), (622, 1340), (527, 1339), (527, 1322), (499, 1322), (499, 1339), (392, 1338), (392, 1328), (374, 1328)],
    '11': [(1036, 1437), (1011, 1436), (1009, 1431), (1002, 1428), (992, 1427), (986, 1431), (980, 1438), (979, 1448), (983, 1456), (990, 1461), (997, 1462), (996, 1500), (1061, 1504), (1142, 1509), (1143, 1478), (1178, 1480), (1179, 1468), (1190, 1468), (1194, 1463), (1194, 1457), (1190, 1453), (1184, 1452), (1185, 1436), (1056, 1427), (1049, 1422), (1041, 1422), (1035, 1428)],
    '12': [(1396, 1079), (1398, 1062), (1407, 1063), (1409, 1041), (1452, 1045), (1451, 1057), (1462, 1058), (1463, 1046), (1538, 1052), (1534, 1091), (1520, 1090), (1461, 1085)],
    '13': [(1461, 1085), (1459, 1111), (1458, 1119), (1457, 1133), (1470, 1134), (1466, 1174), (1482, 1176), (1480, 1198), (1432, 1194), (1431, 1186), (1425, 1183), (1418, 1185), (1416, 1192), (1397, 1191), (1396, 1196), (1401, 1203), (1399, 1224), (1507, 1234), (1520, 1090)],
    '14': [(695, 817), (696, 859), (827, 855), (826, 812), (785, 813), (785, 797), (740, 798), (740, 815)],
    '15': [(1384, 808), (1384, 828), (1401, 828), (1404, 830), (1407, 830), (1410, 827), (1448, 826), (1470, 826), (1470, 790), (1408, 790), (1393, 795), (1388, 801)],
    '16': [(709, 1353), (709, 1395), (777, 1396), (777, 1353)],
    '17': [(1125, 898), (1189, 897), (1209, 895), (1258, 894), (1256, 832), (1232, 833), (1232, 824), (1141, 826), (1141, 833), (1124, 834)],
    '18': [(1013, 933), (1075, 931), (1075, 939), (1097, 938), (1096, 913), (1109, 913), (1104, 769), (1088, 770), (1089, 779), (1055, 780), (1058, 862), (1010, 864), (1011, 874)],
    '19': [(518, 1275), (518, 1283), (505, 1282), (504, 1297), (516, 1297), (516, 1310), (644, 1313), (645, 1279)],
    '20': [(1240, 1446), (1238, 1475), (1263, 1477), (1263, 1486), (1280, 1487), (1280, 1479), (1301, 1480), (1302, 1451), (1287, 1450), (1285, 1446), (1279, 1445), (1276, 1448)],
    '21': [(1399, 1449), (1396, 1533), (1449, 1538), (1455, 1449), (1422, 1448)],
    '22': [(406, 963), (407, 992), (415, 992), (417, 1048), (458, 1046), (456, 985), (562, 982), (561, 956), (534, 956), (472, 959), (472, 949), (469, 946), (419, 938), (416, 939), (414, 940), (413, 943), (413, 962)],
    '23': [(398, 1575), (398, 1617), (680, 1604), (688, 1528), (694, 1474), (651, 1470), (639, 1528), (632, 1561), (616, 1562), (523, 1563), (407, 1566), (407, 1575)],
    '24': [(728, 1603), (685, 1600), (688, 1541), (732, 1544)],
    '25': [(760, 1491), (802, 1496), (794, 1560), (752, 1555)],
    '26': [(545, 954), (572, 954), (571, 919), (649, 918), (648, 823), (394, 828), (416, 891), (525, 886)],
    '27': [(1188, 814), (1187, 782), (1123, 784), (1124, 816)],
    '28': [(1280, 1488), (1307, 1490), (1306, 1512), (1290, 1511), (1290, 1504), (1286, 1504), (1279, 1498)],
    '29': [(151, 1207), (173, 1220), (182, 1229), (175, 1241), (158, 1232), (163, 1223), (147, 1214)],
    '30': [(1812, 1207), (1818, 1209), (1855, 1223), (1865, 1226), (1836, 1306), (1782, 1286)],
    '31': [(326, 841), (334, 977), (355, 976), (362, 1103), (351, 1104), (352, 1123), (263, 1128), (256, 1015), (233, 1017), (225, 870), (288, 866), (299, 865), (298, 842)],
    '32': [(722, 544), (723, 602), (703, 667), (701, 682), (703, 697), (708, 711), (717, 721), (727, 730), (739, 736), (751, 740), (763, 742), (762, 716), (750, 714), (739, 708), (731, 699), (728, 688), (774, 688), (770, 542)],
    '33': [(1468, 700), (1467, 686), (1445, 689), (1449, 714), (1458, 714), (1458, 713), (1473, 712), (1472, 700)],
    '34': [(1352, 1360), (1351, 1379), (1345, 1379), (1344, 1398), (1352, 1399), (1353, 1393), (1358, 1393), (1357, 1405), (1472, 1410), (1473, 1407), (1504, 1409), (1505, 1392), (1506, 1392), (1507, 1368), (1484, 1368), (1485, 1335), (1502, 1336), (1504, 1269), (1488, 1268), (1489, 1259), (1463, 1258), (1462, 1268), (1456, 1268), (1453, 1334), (1459, 1334), (1458, 1364)],
    '35': [(848, 783), (854, 869), (997, 862), (993, 778)],
    '36': [(470, 440), (470, 448), (483, 448), (482, 440)],
    '37': [(493, 438), (490, 449), (530, 462), (534, 451)],
    '38': [(97, 1192), (88, 1217), (96, 1247), (131, 1262), (132, 1259), (139, 1262), (148, 1241), (147, 1231), (143, 1223), (135, 1217), (125, 1213), (126, 1209), (104, 1201), (106, 1195)],
}
