BUILDING_POLY = {
    '00': [(944, 287), (968, 306), (973, 299), (1002, 316), (998, 324), (1024, 340), (1036, 399), (1022, 401), (1025, 415), (990, 422), (992, 429), (981, 431), (965, 435), (963, 429), (927, 436), (925, 423), (913, 426), (896, 350), (886, 300)],
    '01': [(485, 593), (492, 628), (488, 629), (492, 648), (476, 652), (475, 648), (449, 653), (450, 658), (434, 661), (430, 641), (425, 642), (417, 607), (422, 606), (419, 592), (435, 589), (436, 594), (463, 588), (461, 583), (477, 579), (481, 594)],
    '02': [(711, 107), (711, 104), (770, 90), (771, 95), (780, 92), (804, 100), (805, 104), (817, 101), (849, 238), (834, 241), (835, 245), (806, 251), (809, 263), (778, 270), (775, 258), (745, 266), (744, 261), (734, 264), (700, 110)],
    '03': [(727, 472), (716, 475), (717, 480), (650, 493), (649, 489), (635, 492), (624, 442), (615, 444), (612, 431), (610, 419), (620, 417), (610, 372), (624, 369), (623, 363), (689, 349), (690, 355), (702, 352)],
    '04': [(867, 1150), (866, 1136), (892, 1133), (893, 1147), (902, 1146), (904, 1169), (873, 1172), (875, 1199), (947, 1193), (952, 1264), (976, 1262), (981, 1267), (982, 1272), (978, 1277), (968, 1278), (969, 1286), (868, 1295), (867, 1288), (858, 1288), (853, 1284), (853, 1280), (857, 1274), (858, 1274), (855, 1241), (848, 1242), (846, 1224), (844, 1205), (852, 1204), (849, 1173), (847, 1173), (842, 1169), (842, 1165), (845, 1160), (854, 1159), (853, 1151)],
    '05': [(620, 1454), (624, 1450), (623, 1444), (628, 1443), (627, 1438), (670, 1430), (671, 1434), (676, 1433), (677, 1439), (682, 1440), (686, 1444), (693, 1443), (705, 1502), (711, 1501), (719, 1536), (712, 1537), (724, 1597), (718, 1599), (717, 1604), (712, 1607), (714, 1613), (707, 1615), (708, 1620), (666, 1628), (665, 1623), (660, 1624), (659, 1618), (654, 1618), (650, 1614), (643, 1615), (631, 1556), (624, 1558), (616, 1519), (624, 1518), (612, 1460), (619, 1459)],
    '06': [(832, 1414), (839, 1413), (871, 1566), (864, 1568), (863, 1573), (859, 1576), (861, 1586), (800, 1599), (799, 1590), (793, 1588), (789, 1583), (782, 1585), (774, 1547), (769, 1549), (764, 1529), (770, 1528), (762, 1489), (756, 1490), (752, 1470), (758, 1469), (750, 1432), (757, 1430), (759, 1425), (763, 1421), (762, 1414), (767, 1413), (766, 1410), (816, 1399), (817, 1403), (822, 1402), (823, 1409), (829, 1410)],
    '07': [(1424, 1039), (1425, 1020), (1330, 1016), (1329, 1031), (1335, 1032), (1334, 1049), (1333, 1067), (1297, 1065), (1298, 1048), (1300, 984), (1287, 983), (1289, 937), (1303, 938), (1305, 876), (1307, 836), (1313, 690), (1439, 695), (1438, 720), (1445, 720), (1444, 752), (1436, 752), (1435, 778), (1433, 835), (1429, 835), (1337, 831), (1335, 861), (1343, 862), (1342, 877), (1341, 895), (1334, 895), (1334, 911), (1425, 915), (1440, 916), (1437, 980), (1607, 987), (1609, 922), (1619, 923), (1659, 925), (1660, 914), (1745, 917), (1745, 935), (1755, 935), (1754, 950), (1751, 950), (1750, 967), (1660, 963), (1660, 969), (1645, 968), (1645, 975), (1623, 974), (1619, 1074), (1610, 1073), (1602, 1073), (1603, 1046), (1451, 1040), (1451, 1052), (1450, 1074), (1462, 1075), (1462, 1080), (1449, 1079), (1449, 1088), (1443, 1088), (1444, 1052), (1445, 1040)],
    '08': [(618, 685), (619, 680), (625, 679), (628, 683), (640, 680), (652, 678), (653, 673), (659, 672), (662, 676), (722, 663), (723, 666), (749, 661), (773, 677), (775, 684), (780, 683), (783, 698), (777, 699), (779, 704), (762, 729), (737, 735), (737, 737), (678, 750), (677, 754), (671, 756), (668, 752), (656, 755), (644, 758), (642, 762), (635, 764), (649, 832), (646, 840), (634, 842), (627, 836), (608, 840), (604, 849), (593, 851), (586, 845), (582, 829), (578, 830), (554, 713), (561, 712), (558, 698)],
    '09': [(1911, 784), (1917, 784), (1916, 798), (1911, 797), (1910, 807), (1823, 804), (1816, 803), (1816, 801), (1798, 800), (1800, 762), (1912, 766)],
    '10': [(864, 297), (875, 348), (841, 355), (843, 363), (845, 373), (881, 365), (893, 421), (887, 422), (892, 448), (779, 472), (773, 445), (765, 447), (753, 393), (785, 386), (776, 370), (753, 375), (743, 323)],
    '11': [(1073, 457), (1124, 446), (1127, 459), (1129, 466), (1147, 548), (1148, 554), (1151, 569), (1100, 580), (1097, 565), (1086, 568), (1075, 570), (1074, 564), (1085, 561), (1095, 559), (1095, 557), (1077, 477), (1066, 479), (1056, 481), (1055, 475), (1065, 472), (1076, 470)],
    '12': [(864, 182), (874, 232), (966, 214), (965, 210), (981, 191), (972, 184), (976, 178), (946, 156), (918, 192), (901, 178), (924, 151), (893, 125), (885, 135), (859, 140), (867, 172), (889, 168), (896, 175)],
    '13': [(333, 300), (362, 452), (317, 460), (287, 308), (296, 306), (294, 300), (311, 297), (313, 304)],
    '14': [(505, 710), (509, 730), (513, 729), (517, 750), (514, 750), (528, 821), (532, 821), (537, 843), (533, 844), (536, 862), (477, 874), (473, 855), (469, 856), (446, 742), (451, 741), (447, 722), (462, 719), (464, 727), (490, 722), (488, 713)],
    '15': [(564, 102), (568, 119), (677, 97), (673, 82)],
    '16': [(364, 297), (388, 417), (395, 416), (397, 423), (405, 422), (406, 427), (450, 418), (451, 424), (470, 421), (490, 417), (489, 410), (534, 401), (533, 395), (540, 394), (538, 385), (543, 384), (519, 265)],
    '17': [(309, 150), (312, 168), (547, 122), (544, 105)],
    '18': [(516, 201), (525, 244), (338, 283), (314, 288), (310, 270), (292, 274), (287, 249), (329, 240)],
    '19': [(318, 477), (339, 582), (366, 577), (350, 498), (361, 496), (356, 470), (341, 473), (340, 468), (329, 470), (330, 474)],
    '20': [(535, 269), (545, 310), (553, 309), (710, 274), (721, 272), (712, 230), (700, 233), (659, 242), (649, 196), (575, 212), (586, 258), (542, 267)],
    '21': [(694, 150), (521, 187), (519, 180), (503, 184), (498, 159), (687, 118)],
    '22': [(861, 611), (866, 610), (868, 613), (874, 642), (884, 640), (888, 659), (918, 654), (916, 644), (935, 636), (949, 622), (955, 627), (962, 614), (955, 611), (958, 597), (957, 582), (951, 567), (943, 556), (948, 551), (938, 542), (933, 548), (916, 542), (897, 542), (894, 532), (863, 539), (867, 559), (857, 561), (863, 590), (862, 592), (857, 593)],
    '23': [(534, 578), (529, 579), (538, 625), (543, 624), (546, 638), (562, 634), (564, 641), (581, 637), (580, 630), (605, 625), (608, 629), (614, 628), (616, 623), (627, 620), (639, 617), (643, 621), (649, 619), (650, 618), (678, 612), (678, 614), (698, 610), (696, 605), (708, 603), (707, 599), (733, 594), (750, 569), (748, 561), (753, 560), (751, 549), (746, 550), (744, 541), (719, 526), (680, 533), (680, 528), (635, 538), (631, 535), (624, 537), (622, 541), (611, 543), (599, 546), (595, 542), (590, 543), (588, 548), (581, 549), (582, 555), (566, 558), (565, 552), (545, 557), (546, 562), (531, 565)],
    '24': [(1165, 1365), (1169, 1408), (1142, 1410), (1138, 1368), (985, 1381), (989, 1420), (1005, 1419), (1006, 1446), (985, 1447), (985, 1443), (967, 1445), (959, 1362), (978, 1361), (977, 1355), (1159, 1342), (1161, 1365)],
    '25': [(608, 1388), (600, 1390), (601, 1395), (585, 1398), (584, 1393), (576, 1394), (558, 1305), (735, 1269), (742, 1306), (597, 1335)],
    '26': [(1312, 647), (1314, 613), (1402, 616), (1401, 650)],
    '27': [(1812, 969), (1813, 939), (1861, 941), (1861, 952), (1890, 953), (1890, 972)],
    '28': [(1000, 473), (1052, 462), (1055, 475), (1056, 481), (1062, 510), (1065, 524), (1067, 533), (1074, 564), (1075, 570), (1078, 585), (1069, 587), (1027, 596), (1016, 543), (1014, 534), (1011, 521)],
    '29': [(1401, 1392), (1404, 1334), (1470, 1337), (1467, 1395)],
    '30': [(902, 1363), (948, 1583), (885, 1596), (839, 1376)],
    '31': [(1027, 1497), (1025, 1472), (1018, 1472), (1012, 1405), (1024, 1404), (1024, 1392), (1071, 1388), (1076, 1447), (1082, 1447), (1085, 1493)],
    '32': [(1038, 1590), (1041, 1586), (1048, 1584), (1052, 1587), (1069, 1583), (1072, 1579), (1079, 1578), (1083, 1581), (1085, 1588), (1082, 1592), (1101, 1687), (1105, 1690), (1107, 1697), (1104, 1701), (1097, 1702), (1093, 1700), (1076, 1704), (1074, 1707), (1067, 1709), (1062, 1706), (1061, 1700), (1063, 1696), (1044, 1600), (1040, 1597)],
    '33': [(1443, 593), (1441, 652), (1406, 651), (1408, 592)],
    '34': [(1826, 1229), (1827, 1192), (1887, 1195), (1886, 1231)],
    '35': [(675, 1341), (686, 1338), (685, 1333), (736, 1323), (737, 1328), (745, 1327), (747, 1334), (756, 1332), (759, 1347), (750, 1349), (753, 1364), (745, 1365), (746, 1371), (696, 1382), (694, 1377), (683, 1379)],
    '36': [(1811, 1066), (1812, 1037), (1819, 1038), (1819, 1035), (1825, 1036), (1825, 1021), (1834, 1021), (1834, 1019), (1855, 1020), (1853, 1067)],
    '37': [(1089, 1454), (1119, 1452), (1123, 1503), (1094, 1506)],
    '38': [(943, 1137), (1003, 1131), (1007, 1172), (947, 1177), (944, 1145)],
    '39': [(1303, 588), (1305, 576), (1304, 571), (1303, 566), (1300, 557), (1294, 550), (1287, 543), (1292, 537), (1289, 533), (1288, 527), (1289, 522), (1293, 517), (1297, 515), (1310, 512), (1306, 492), (1327, 488), (1333, 491), (1363, 484), (1371, 518), (1317, 530), (1315, 533), (1322, 546), (1408, 534), (1410, 546), (1419, 545), (1422, 566), (1413, 568), (1415, 580), (1321, 593)],
    '40': [(1412, 1453), (1413, 1430), (1466, 1431), (1465, 1455)],
    '41': [(1252, 1365), (1270, 1365), (1272, 1314), (1400, 1318), (1398, 1351), (1302, 1348), (1300, 1410), (1397, 1414), (1396, 1450), (1266, 1446), (1268, 1394), (1251, 1393)],
    '42': [(1117, 1575), (1169, 1564), (1181, 1615), (1129, 1626)],
    '43': [(654, 1748), (700, 1738), (719, 1828), (713, 1830), (714, 1836), (709, 1841), (699, 1846), (683, 1847), (679, 1845), (676, 1846), (677, 1851), (657, 1855), (654, 1841), (651, 1841), (633, 1752), (639, 1751), (638, 1745), (645, 1743), (653, 1742)],
    '44': [(1245, 1570), (1268, 1571), (1264, 1685), (1241, 1684)],
    '45': [(1044, 1217), (1155, 1207), (1160, 1267), (1098, 1273), (1050, 1277)],
    '46': [(1187, 1417), (1181, 1524), (1127, 1521), (1133, 1414)],
    '47': [(1408, 1400), (1454, 1402), (1453, 1426), (1407, 1424)],
    '48': [(1040, 1105), (1077, 1102), (1076, 1097), (1102, 1095), (1105, 1125), (1096, 1126), (1101, 1173), (1047, 1178)],
    '49': [(1624, 610), (1658, 624), (1657, 646), (1559, 643), (1561, 599), (1575, 599), (1575, 609)],
    '50': [(1022, 864), (1020, 927), (1008, 926), (1006, 974), (988, 973), (988, 985), (981, 984), (944, 983), (945, 957), (952, 957), (954, 906), (954, 880), (972, 881), (1001, 882), (1002, 863)],
    '51': [(438, 185), (430, 187), (404, 193), (394, 195), (389, 170), (398, 168), (424, 162), (432, 160), (434, 167), (436, 177)],
    '52': [(372, 169), (377, 191), (357, 195), (352, 173)],
    '53': [(329, 184), (275, 194), (271, 176), (326, 166)],
    '54': [(430, 187), (404, 193), (398, 168), (432, 160), (434, 167), (436, 177), (428, 179)],
    '55': [(289, 121), (295, 145), (264, 152), (259, 128)],
    '56': [(436, 177), (449, 174), (452, 175), (455, 178), (451, 158), (448, 163), (444, 165), (434, 167)],
    '57': [(426, 123), (362, 138), (357, 118), (382, 112), (383, 119), (423, 109)],
    '58': [(513, 109), (496, 113), (494, 108), (490, 108), (487, 97), (493, 95), (494, 100), (510, 97)],
    '59': [(487, 113), (447, 121), (444, 108), (484, 99)],
    '60': [(526, 104), (517, 106), (514, 95), (522, 93)],
    '61': [(1053, 266), (1063, 250), (1108, 277), (1097, 294)],
    '62': [(1082, 377), (1204, 352), (1210, 382), (1192, 385), (1187, 383), (1087, 403)],
    '63': [(1111, 333), (1155, 323), (1161, 348), (1117, 358)],
    '64': [(1115, 274), (1161, 305), (1152, 319), (1137, 310), (1129, 324), (1095, 302)],
    '65': [(1800, 762), (1798, 800), (1816, 801), (1816, 803), (1823, 804), (1910, 807), (1911, 797), (1916, 798), (1917, 784), (1911, 784), (1912, 766)],
    '66': [(1963, 979), (1944, 978), (1941, 1077), (1960, 1078)],
    '67': [(1757, 1313), (1757, 1296), (1732, 1295), (1731, 1306), (1670, 1305), (1670, 1334), (1740, 1335), (1740, 1313)],
    '68': [(660, 1735), (649, 1680), (721, 1666), (725, 1684), (733, 1682), (735, 1690), (736, 1697), (728, 1699), (732, 1721)],
    '69': [(816, 1742), (815, 1732), (828, 1730), (830, 1741), (833, 1740), (834, 1748), (843, 1746), (846, 1760), (849, 1759), (851, 1767), (811, 1774), (806, 1743)],
    '70': [(1918, 1010), (1875, 1009), (1875, 1011), (1862, 1011), (1860, 1056), (1915, 1058)],
    '71': [(1001, 1469), (960, 1477), (964, 1498), (958, 1499), (971, 1564), (978, 1563), (982, 1583), (1022, 1575)],
    '72': [(950, 1848), (971, 1846), (981, 1971), (954, 1973), (950, 1923), (955, 1915)],
    '73': [(380, 765), (404, 760), (434, 901), (410, 906), (396, 842), (411, 839), (408, 826), (394, 829)],
    '74': [(873, 1632), (1006, 1605), (1017, 1648), (881, 1676)],
    '75': [(882, 1686), (916, 1679), (918, 1686), (930, 1683), (938, 1718), (944, 1717), (947, 1729), (940, 1730), (941, 1735), (903, 1743), (903, 1739), (900, 1739), (899, 1735), (893, 1737)],
    '76': [(1024, 1772), (1024, 1803), (1132, 1801), (1131, 1770)],
    '77': [(451, 860), (469, 856), (473, 855), (477, 874), (479, 879), (484, 879), (486, 890), (497, 943), (468, 948), (467, 943)],
    '78': [(652, 867), (659, 866), (678, 862), (707, 856), (714, 888), (703, 890), (685, 894), (665, 898), (658, 900)],
    '79': [(853, 496), (858, 517), (905, 508), (901, 486)],
    '80': [(1840, 866), (1845, 866), (1845, 851), (1841, 851), (1841, 842), (1797, 840), (1795, 881), (1839, 883)],
    '81': [(1852, 858), (1856, 858), (1855, 891), (1922, 894), (1923, 884), (1929, 884), (1929, 870), (1924, 870), (1924, 849), (1852, 845)],
    '82': [(455, 1183), (476, 1179), (477, 1187), (489, 1185), (494, 1212), (462, 1219)],
    '83': [(485, 1169), (444, 961), (409, 968), (454, 1176)],
    '84': [(594, 1075), (600, 1104), (642, 1095), (663, 1091), (698, 1084), (684, 1018), (680, 999), (648, 1005), (660, 1061), (637, 1066)],
    '85': [(663, 1091), (666, 1109), (646, 1113), (642, 1095), (600, 1104), (582, 1107), (586, 1126), (564, 1130), (571, 1162), (675, 1141), (683, 1180), (710, 1174), (716, 1173), (698, 1084)],
    '86': [(710, 1174), (717, 1206), (559, 1238), (553, 1206), (579, 1201), (613, 1194), (608, 1169), (644, 1162), (649, 1187), (683, 1180)],
    '87': [(421, 913), (424, 925), (419, 926), (421, 936), (425, 935), (428, 947), (442, 945), (438, 932), (442, 931), (440, 922), (436, 923), (434, 910)],
    '88': [(680, 999), (648, 1005), (643, 981), (621, 986), (637, 1066), (594, 1075), (575, 1078), (560, 1004), (539, 1009), (550, 1062), (519, 1068), (511, 1027), (504, 996), (510, 995), (503, 961), (580, 945), (662, 928), (669, 963), (673, 962)],
    '89': [(579, 1201), (553, 1206), (548, 1207), (519, 1068), (550, 1062), (564, 1130), (571, 1162)],
    '90': [(522, 1311), (511, 1313), (504, 1314), (498, 1284), (493, 1255), (499, 1254), (511, 1252), (517, 1283)],
    '91': [(760, 1763), (782, 1758), (784, 1765), (762, 1771)],
    '92': [(750, 1735), (749, 1730), (753, 1729), (755, 1734)],
    '93': [(774, 1776), (785, 1773), (787, 1780), (776, 1783)],
    '94': [(735, 1745), (783, 1733), (786, 1747), (738, 1759)],
    '95': [(757, 1763), (763, 1791), (740, 1796), (734, 1767)],
    '96': [(771, 1724), (773, 1733), (759, 1736), (757, 1727)],
    '97': [(757, 1738), (751, 1739), (750, 1736), (756, 1734)],
    '98': [(923, 1761), (968, 1757), (974, 1836), (948, 1838), (945, 1807), (942, 1807), (932, 1779), (925, 1779)],
    '99': [(1046, 1730), (1052, 1757), (1006, 1767), (1011, 1790), (987, 1795), (977, 1745)],
    '100': [(1021, 782), (1022, 760), (1187, 766), (1186, 788)],
    '101': [(489, 1344), (503, 1407), (546, 1398), (547, 1399), (553, 1429), (560, 1460), (581, 1456), (574, 1424), (568, 1395), (555, 1398), (553, 1390), (540, 1333)],
    '102': [(1192, 607), (1226, 608), (1223, 702), (1230, 710), (1196, 741), (1190, 734), (1095, 730), (1096, 697), (1175, 700), (1189, 686)],
    '103': [(1095, 688), (1094, 731), (1016, 729), (1017, 685)],
    '104': [(1010, 621), (1009, 682), (1058, 682), (1058, 647), (1053, 641), (1054, 603), (1031, 603), (1031, 622)],
    '105': [(1053, 641), (1054, 603), (1054, 601), (1117, 602), (1117, 642)],
    '106': [(1097, 642), (1096, 686), (1127, 687), (1128, 654), (1116, 653), (1116, 642)],
    '107': [(1117, 602), (1117, 642), (1190, 642), (1191, 603)],
    '108': [(1285, 1233), (1280, 1233), (1279, 1257), (1304, 1258), (1304, 1256), (1369, 1258), (1384, 1259), (1384, 1262), (1411, 1263), (1411, 1258), (1416, 1258), (1416, 1237), (1406, 1236), (1408, 1199), (1424, 1200), (1424, 1189), (1408, 1188), (1411, 1112), (1419, 1113), (1420, 1099), (1430, 1099), (1442, 1099), (1443, 1088), (1421, 1088), (1422, 1071), (1395, 1070), (1395, 1062), (1345, 1059), (1344, 1070), (1287, 1067), (1286, 1092), (1291, 1093)],
    '109': [(1422, 1267), (1423, 1237), (1436, 1238), (1437, 1219), (1423, 1219), (1424, 1200), (1424, 1189), (1431, 1189), (1432, 1180), (1438, 1181), (1448, 1181), (1474, 1182), (1473, 1190), (1497, 1191), (1498, 1179), (1539, 1181), (1538, 1192), (1557, 1193), (1558, 1180), (1596, 1181), (1613, 1182), (1611, 1219), (1609, 1267), (1609, 1275), (1589, 1274), (1589, 1270), (1525, 1268), (1441, 1264), (1441, 1268)],
    '110': [(1438, 1181), (1438, 1170), (1428, 1169), (1429, 1150), (1440, 1151), (1441, 1117), (1430, 1116), (1430, 1099), (1442, 1099), (1443, 1088), (1449, 1088), (1449, 1079), (1462, 1080), (1497, 1081), (1497, 1091), (1514, 1092), (1514, 1088), (1531, 1089), (1531, 1092), (1566, 1094), (1566, 1084), (1583, 1085), (1583, 1080), (1602, 1080), (1602, 1073), (1610, 1073), (1609, 1096), (1619, 1097), (1619, 1100), (1618, 1124), (1601, 1123), (1599, 1158), (1610, 1158), (1609, 1176), (1596, 1176), (1596, 1181), (1558, 1180), (1448, 1175), (1448, 1181)],
    '111': [(1609, 1267), (1611, 1219), (1655, 1221), (1658, 1149), (1617, 1148), (1618, 1124), (1619, 1100), (1667, 1102), (1686, 1085), (1775, 1180), (1774, 1204), (1695, 1276), (1686, 1285), (1677, 1293), (1669, 1284), (1660, 1275), (1655, 1269)],
    '112': [(1354, 845), (1390, 846), (1389, 868), (1353, 867)],
    '113': [(1622, 733), (1715, 737), (1712, 811), (1658, 809), (1659, 778), (1625, 777), (1621, 777)],
    '114': [(1754, 914), (1774, 915), (1774, 921), (1792, 922), (1790, 964), (1758, 962), (1760, 929), (1753, 929)],
    '115': [(1440, 784), (1612, 791), (1609, 865), (1437, 858)],
    '116': [(1790, 744), (1791, 717), (1853, 720), (1852, 728), (1868, 729), (1867, 748)],
    '117': [(1806, 836), (1807, 807), (1843, 808), (1843, 818), (1845, 819), (1847, 822), (1847, 824), (1845, 827), (1842, 828), (1842, 838)],
    '118': [(1744, 853), (1767, 854), (1766, 871), (1743, 870)],
    '119': [(1625, 987), (1799, 995), (1796, 1064), (1666, 1059), (1665, 1080), (1621, 1078)],
    '120': [(1440, 978), (1443, 907), (1463, 907), (1587, 913), (1584, 984)],
    '121': [(1621, 703), (1750, 708), (1745, 843), (1626, 839), (1627, 819), (1627, 805), (1654, 806), (1653, 816), (1714, 818), (1718, 733), (1620, 730)],
    '122': [(858, 525), (846, 528), (840, 501), (843, 498), (853, 496)],
    '123': [(1196, 766), (1208, 767), (1230, 791), (1230, 812), (1220, 811), (1221, 804), (1215, 804), (1216, 794), (1205, 782), (1195, 782)],
    '124': [(1045, 790), (1042, 850), (1035, 850), (1037, 795), (1037, 790)],
    '125': [(1757, 1107), (1751, 1109), (1746, 1114), (1744, 1120), (1746, 1127), (1751, 1132), (1757, 1134), (1764, 1132), (1769, 1127), (1770, 1121), (1769, 1114), (1764, 1109)],
    '126': [(1248, 1148), (1256, 1149), (1254, 1175), (1246, 1174)],
    '127': [(965, 1203), (981, 1202), (982, 1216), (967, 1217)],
    '128': [(987, 1216), (989, 1237), (992, 1266), (981, 1267), (976, 1262), (976, 1259), (983, 1259), (982, 1238), (981, 1232), (973, 1232), (972, 1220), (974, 1217)],
    '129': [(1006, 1200), (1009, 1226), (989, 1227), (987, 1207), (982, 1208), (981, 1202)],
    '130': [(940, 1169), (925, 1170), (922, 1149), (938, 1147)],
    '131': [(524, 1471), (581, 1460), (588, 1494), (531, 1505)],
    '132': [(545, 1242), (552, 1241), (555, 1257), (548, 1258)],
    '133': [(363, 676), (369, 675), (381, 673), (384, 685), (372, 687), (366, 689)],
    '134': [(373, 726), (379, 725), (391, 722), (393, 735), (381, 737), (376, 738)],
    '135': [(601, 1345), (611, 1397), (682, 1383), (671, 1330)],
    '136': [(900, 714), (899, 707), (907, 705), (910, 715)],
    '137': [(892, 678), (944, 665), (948, 682), (896, 695)],
    '138': [(1382, 511), (1398, 510), (1399, 522), (1394, 523), (1394, 521), (1387, 522), (1386, 520), (1383, 520)],
    '139': [(1315, 456), (1324, 462), (1317, 473), (1308, 468)],
    '140': [(1342, 472), (1333, 486), (1319, 478), (1328, 464)],
    '141': [(1302, 615), (1303, 605), (1309, 605), (1309, 615)],
    '142': [(1438, 580), (1438, 591), (1424, 590), (1424, 580)],
    '143': [(1146, 441), (1187, 432), (1190, 442), (1199, 440), (1222, 543), (1212, 545), (1214, 555), (1173, 564), (1170, 550), (1159, 552), (1148, 554), (1147, 548), (1157, 546), (1168, 543), (1150, 461), (1140, 463), (1129, 466), (1127, 459), (1138, 457), (1149, 454)],
    '144': [(770, 1132), (767, 1118), (811, 1109), (814, 1122)],
    '145': [(753, 1056), (799, 1046), (805, 1076), (759, 1086)],
    '146': [(1093, 1385), (1094, 1406), (1116, 1405), (1114, 1383)],
    '147': [(1128, 1413), (1130, 1433), (1101, 1435), (1101, 1427), (1105, 1427), (1104, 1415)],
    '148': [(1518, 616), (1519, 589), (1527, 578), (1541, 588), (1540, 614), (1551, 615), (1552, 595), (1561, 595), (1561, 585), (1557, 585), (1555, 579), (1557, 576), (1494, 532), (1483, 548), (1504, 562), (1499, 569), (1481, 556), (1472, 568), (1467, 564), (1471, 558), (1450, 543), (1439, 559), (1460, 574), (1462, 571), (1467, 575), (1466, 577), (1466, 584), (1458, 584), (1457, 613)],
    '149': [(1471, 616), (1461, 616), (1461, 631), (1456, 631), (1456, 644), (1462, 645), (1462, 649), (1516, 651), (1517, 640), (1511, 639), (1512, 628), (1470, 626)],
    '150': [(548, 883), (549, 888), (552, 888), (551, 885), (558, 884), (558, 881)],
    '151': [(585, 881), (582, 882), (582, 879), (574, 880), (573, 878), (584, 877)],
    '152': [(554, 894), (557, 912), (555, 912), (552, 895)],
    '153': [(548, 895), (551, 913), (549, 913), (546, 895)],
    '154': [(1075, 1563), (1069, 1565), (1064, 1543), (1070, 1542)],
    '155': [(1083, 1556), (1077, 1557), (1073, 1542), (1084, 1539), (1087, 1550), (1082, 1551)],
    '156': [(1089, 1547), (1087, 1539), (1093, 1538), (1094, 1545)],
    '157': [(1096, 1531), (1055, 1534), (1053, 1520), (1095, 1516)],
    '158': [(1049, 1532), (1052, 1547), (1042, 1549), (1039, 1535)],
    '159': [(1038, 1514), (1033, 1518), (1025, 1510), (1030, 1505)],
    '160': [(931, 147), (944, 156), (929, 176), (916, 167)],
    '161': [(1011, 521), (1062, 510), (1065, 524), (1067, 533), (1016, 543), (1014, 534)],
    '162': [(1070, 320), (1084, 317), (1090, 346), (1099, 344), (1102, 363), (1079, 367)],
    '163': [(1225, 375), (1215, 395), (1220, 414), (1231, 426), (1245, 492), (1271, 484), (1264, 452), (1297, 445), (1295, 426), (1256, 378)],
}
