BUILDING_POLY = {
    '00': [(783, 1672), (739, 1623), (678, 1556), (615, 1613), (720, 1729)],
    '01': [(1572, 1338), (1483, 1245), (1527, 1202), (1547, 1183), (1637, 1276), (1615, 1297)],
    '02': [(1465, 1282), (1315, 1433), (1270, 1388), (1420, 1238)],
    '03': [(1537, 1356), (1583, 1404), (1486, 1491), (1455, 1504), (1417, 1470)],
    '04': [(1346, 1518), (1296, 1568), (1238, 1510), (1202, 1475), (1252, 1425), (1289, 1462)],
    '05': [(486, 1103), (460, 1124), (489, 1155), (536, 1201), (586, 1149), (671, 1066), (661, 1057), (654, 1050), (647, 1043), (624, 1067), (617, 1063), (592, 1068), (563, 1088), (529, 1103), (498, 1112)],
    '06': [(809, 1694), (847, 1736), (909, 1681), (893, 1663), (871, 1639)],
    '07': [(2043, 1142), (1665, 763), (1685, 743), (1708, 720), (1734, 694), (2134, 1095), (2086, 1142), (2091, 1164), (2072, 1183), (2043, 1176), (2035, 1150)],
    '08': [(1005, 699), (979, 673), (897, 591), (887, 582), (913, 557), (932, 538), (964, 572), (1024, 628), (1049, 655), (1030, 674)],
    '09': [(1438, 843), (1419, 865), (1369, 922), (1286, 1018), (1266, 1041), (1319, 1088), (1340, 1106), (1410, 1166), (1582, 968), (1508, 904), (1471, 872)],
    '10': [(396, 1493), (441, 1449), (384, 1389), (404, 1369), (340, 1306), (304, 1316), (230, 1244), (210, 1265), (188, 1288)],
    '11': [(180, 1280), (146, 1315), (137, 1306), (88, 1356), (476, 1736), (517, 1694), (526, 1704), (568, 1662), (396, 1493), (188, 1288)],
    '12': [(1319, 1088), (1301, 1108), (1321, 1127), (1340, 1106)],
    '13': [(1257, 994), (1286, 1018), (1266, 1041), (1238, 1018)],
    '14': [(799, 1741), (722, 1781), (741, 1817), (818, 1777)],
    '15': [(1366, 813), (1400, 847), (1348, 902), (1290, 847), (1282, 856), (1061, 639), (1117, 583), (1131, 595), (1172, 556), (1233, 617), (1243, 627), (1324, 705), (1398, 779)],
    '16': [(1174, 1136), (1143, 1107), (1044, 1214), (1123, 1286), (1108, 1303), (1159, 1349), (1175, 1332), (1203, 1358), (1266, 1289), (1302, 1323), (1387, 1231), (1328, 1177), (1349, 1153), (1321, 1127), (1301, 1108), (1291, 1100), (1266, 1128)],
    '17': [(654, 1050), (1005, 699), (979, 673), (897, 591), (724, 764), (713, 752), (678, 787), (688, 797), (519, 966), (617, 1063), (624, 1067), (647, 1043)],
    '18': [(617, 1063), (592, 1068), (563, 1088), (529, 1103), (498, 1112), (486, 1103), (417, 1036), (417, 1006), (448, 973), (487, 936), (519, 966)],
    '19': [(230, 1244), (218, 1232), (391, 1056), (460, 1124), (489, 1155), (340, 1306), (304, 1316)],
    '20': [(979, 557), (964, 572), (1024, 628), (1037, 615)],
    '21': [(1324, 705), (1400, 629), (1422, 650), (1494, 578), (1393, 477), (1243, 627), (1233, 617), (1172, 556), (1285, 443), (1366, 363), (1380, 349), (1462, 431), (1472, 421), (1487, 437), (1539, 488), (1527, 500), (1599, 572), (1567, 603), (1577, 615), (1554, 637), (1417, 774), (1407, 764), (1398, 779)],
    '22': [(1061, 639), (1037, 615), (979, 557), (950, 527), (1241, 238), (1366, 363), (1285, 443), (1234, 391), (1079, 545), (1117, 583)],
    '23': [(1266, 986), (1257, 994), (1238, 1018), (1184, 1083), (1019, 943), (1068, 884), (1129, 935), (1108, 960), (1133, 982), (1186, 919)],
    '24': [(404, 1369), (417, 1382), (566, 1231), (536, 1201), (489, 1155), (340, 1306)],
    '25': [(1348, 902), (1358, 911), (1369, 922), (1419, 865), (1400, 847)],
    '26': [(586, 1149), (662, 1224), (643, 1243), (714, 1313), (731, 1296), (816, 1379), (904, 1291), (789, 1180), (671, 1066)],
    '27': [(1558, 874), (1559, 897), (1563, 915), (1573, 929), (1584, 941), (1601, 946), (1624, 945), (1651, 938), (1679, 927), (1699, 912), (1715, 893), (1721, 879), (1718, 861), (1708, 839), (1691, 824), (1667, 805), (1652, 799), (1637, 795), (1615, 799), (1545, 868)],
    '28': [(1471, 872), (1508, 904), (1545, 868), (1615, 799), (1626, 788), (1616, 777), (1668, 727), (1691, 704), (1711, 684), (1634, 605), (1601, 639), (1578, 661), (1549, 688), (1599, 739)],
    '29': [(1554, 637), (1578, 661), (1601, 639), (1577, 615)],
    '30': [(1668, 727), (1685, 743), (1708, 720), (1691, 704)],
}
