BUILDING_POLY = {
    '00': [(1442, 1413), (1445, 1423), (1399, 1435), (1406, 1461), (1391, 1465), (1385, 1439), (1336, 1451), (1332, 1445), (1293, 1455), (1224, 1185), (1414, 1137), (1482, 1403)],
    '01': [(1061, 1034), (1072, 1076), (853, 1132), (788, 868), (1051, 798), (1109, 1022)],
    '02': [(1773, 1148), (1950, 1099), (2010, 1314), (1833, 1363)],
    '03': [(1467, 1130), (1686, 1081), (1763, 1379), (1702, 1395), (1698, 1381), (1613, 1404), (1619, 1426), (1553, 1444)],
    '04': [(955, 1273), (1151, 1219), (1234, 1514), (1039, 1569)],
    '05': [(1538, 1937), (1533, 1909), (1505, 1923), (1438, 1908), (1412, 1895), (1373, 1848), (1341, 1793), (1312, 1710), (1340, 1704), (1334, 1674), (1351, 1670), (1345, 1648), (1534, 1598), (1616, 1916)],
    '06': [(785, 1006), (706, 704), (612, 729), (690, 1030)],
    '07': [(1759, 1507), (1800, 1668), (1737, 1684), (1746, 1716), (1765, 1720), (1781, 1776), (1776, 1792), (1660, 1822), (1590, 1550)],
    '08': [(594, 836), (642, 1007), (628, 1011), (635, 1035), (487, 1076), (432, 881), (452, 875), (439, 824), (454, 821), (444, 778), (565, 750), (574, 787), (587, 780), (601, 834)],
    '09': [(955, 1973), (930, 1878), (1316, 1775), (1339, 1865)],
    '10': [(1020, 619), (1054, 765), (813, 830), (772, 667), (989, 611), (994, 627)],
    '11': [(1449, 905), (1428, 820), (1399, 827), (1397, 817), (1322, 836), (1324, 846), (1298, 853), (1319, 937)],
    '12': [(1391, 1078), (1215, 1124), (1083, 630), (1201, 599), (1224, 684), (1193, 692), (1216, 777), (1190, 784), (1198, 814), (1219, 809), (1229, 812), (1232, 822), (1225, 833), (1264, 976), (1236, 984), (1247, 1025), (1369, 993)],
    '13': [(1490, 1056), (1618, 1017), (1565, 946), (1466, 976)],
    '14': [(527, 226), (620, 569), (995, 479), (978, 415), (950, 406), (857, 349), (808, 319), (850, 252), (876, 269), (889, 263), (895, 282), (964, 263), (916, 82), (731, 130), (749, 197), (771, 191), (775, 208), (803, 227), (760, 293), (636, 219), (622, 221), (619, 202)],
    '15': [(1040, 1708), (1016, 1714), (1021, 1731), (842, 1782), (822, 1710), (968, 1668), (960, 1641), (811, 1683), (789, 1606), (979, 1552), (987, 1580), (1002, 1575)],
    '16': [(298, 624), (321, 552), (411, 572), (391, 661), (368, 655), (363, 686), (328, 680), (326, 701), (289, 697), (286, 715), (212, 702), (231, 601)],
    '17': [(369, 394), (412, 404), (379, 548), (319, 534), (319, 532), (306, 529), (302, 547), (258, 538), (352, 95), (396, 104), (362, 267), (397, 276)],
    '18': [(929, 1564), (854, 1585), (866, 1474), (901, 1465)],
    '19': [(929, 1539), (905, 1460), (965, 1442), (989, 1521)],
    '20': [(1740, 1064), (1770, 1056), (1784, 1108), (1754, 1116)],
    '21': [(1172, 519), (1184, 596), (1208, 594), (1204, 505)],
    '22': [(1132, 532), (1161, 524), (1179, 590), (1150, 598)],
    '23': [(1076, 548), (1119, 536), (1136, 597), (1093, 609)],
}
