BUILDING_POLY = {
    '00': [(1202, 1109), (1208, 1111), (1211, 1102), (1262, 1119), (1259, 1129), (1270, 1133), (1259, 1167), (1266, 1169), (1261, 1185), (1222, 1172), (1219, 1183), (1208, 1180), (1212, 1167), (1174, 1154), (1179, 1140), (1190, 1143)],
    '01': [(911, 1753), (986, 1755), (986, 1778), (941, 1778), (910, 1778)],
    '02': [(1361, 675), (1382, 675), (1382, 685), (1439, 686), (1439, 679), (1444, 679), (1444, 685), (1465, 685), (1465, 688), (1485, 689), (1485, 683), (1502, 683), (1502, 688), (1517, 688), (1517, 701), (1494, 701), (1400, 700), (1400, 710), (1412, 711), (1412, 722), (1391, 722), (1390, 731), (1384, 730), (1379, 730), (1379, 722), (1324, 721), (1324, 709), (1333, 709), (1334, 699), (1338, 699), (1341, 699), (1341, 708), (1386, 708), (1386, 702), (1360, 702)],
    '03': [(995, 500), (1028, 513), (1018, 543), (1007, 572), (990, 566), (989, 568), (980, 567), (975, 565), (971, 564), (963, 560), (964, 556), (944, 549), (965, 492)],
    '04': [(745, 160), (807, 98), (791, 82), (728, 143)],
    '05': [(973, 118), (955, 135), (932, 155), (946, 170), (916, 198), (926, 210), (959, 181), (973, 196), (1012, 160)],
    '06': [(1089, 614), (1150, 634), (1207, 652), (1218, 618), (1175, 604), (1186, 572), (1135, 555), (1125, 586), (1101, 578), (1096, 592)],
    '07': [(1016, 994), (1034, 1014), (1044, 1017), (1040, 1032), (1031, 1029), (1005, 1034), (1003, 1025), (1005, 1014), (1010, 1003)],
    '08': [(1112, 1077), (1140, 1088), (1157, 1035), (1129, 1026)],
    '09': [(1077, 1081), (1135, 1101), (1128, 1122), (1116, 1117), (1114, 1125), (1118, 1133), (1116, 1140), (1109, 1145), (1099, 1142), (1095, 1134), (1096, 1124), (1103, 1121), (1106, 1114), (1071, 1102)],
    '10': [(988, 1125), (1073, 1151), (1064, 1185), (1100, 1199), (1091, 1224), (1019, 1197), (1007, 1193), (1015, 1164), (980, 1152)],
    '11': [(847, 618), (877, 675), (885, 675), (874, 703), (875, 714), (947, 736), (1004, 708), (1001, 702), (1004, 692), (996, 690), (991, 692), (987, 701), (989, 704), (959, 719), (955, 720), (956, 718), (940, 713), (937, 721), (889, 706), (903, 700), (908, 689), (959, 665), (953, 652), (966, 645), (972, 647), (980, 643), (995, 648), (1000, 634), (992, 618), (971, 610), (972, 605), (959, 601), (942, 607), (937, 620), (921, 629), (915, 642), (922, 645), (920, 650), (904, 660), (897, 657), (891, 646), (885, 647), (866, 610), (867, 603), (865, 598), (864, 597), (868, 583), (890, 590), (889, 594), (907, 599), (909, 590), (908, 587), (902, 579), (894, 577), (893, 579), (863, 569), (864, 566), (840, 558), (837, 565), (830, 569), (838, 583), (848, 578), (863, 583), (852, 615)],
    '12': [(718, 933), (717, 942), (716, 959), (742, 961), (742, 949), (772, 952), (825, 956), (825, 948), (826, 941), (769, 937)],
    '13': [(1034, 994), (1129, 1026), (1157, 1035), (1164, 1011), (1040, 971)],
    '14': [(1517, 983), (1486, 1073), (1513, 1084), (1545, 992)],
    '15': [(997, 1055), (1063, 1077), (1057, 1096), (1013, 1081), (1009, 1091), (1027, 1097), (1023, 1110), (989, 1098), (994, 1085), (1002, 1088), (1005, 1078), (991, 1073)],
    '16': [(715, 657), (690, 664), (676, 705), (598, 679), (570, 763), (648, 789), (658, 761), (714, 780), (719, 789), (726, 794), (736, 797), (743, 798), (750, 796), (754, 794), (758, 789), (763, 777), (764, 770), (759, 759), (752, 753), (743, 751), (735, 750), (726, 753), (720, 757), (718, 760), (684, 749)],
    '17': [(1548, 1018), (1540, 1041), (1590, 1058), (1597, 1035)],
    '18': [(708, 1050), (767, 1054), (820, 1058), (822, 1033), (822, 1030), (821, 1028), (823, 1016), (769, 1012), (712, 1007)],
    '19': [(842, 1160), (840, 1182), (937, 1189), (938, 1168)],
    '20': [(846, 1016), (844, 1030), (844, 1033), (844, 1035), (842, 1059), (948, 1069), (949, 1050), (914, 1047), (916, 1022)],
    '21': [(1191, 462), (1209, 494), (1262, 467), (1269, 477), (1273, 484), (1306, 467), (1297, 450), (1280, 459), (1275, 449), (1266, 453), (1261, 445), (1258, 440), (1292, 421), (1283, 407), (1234, 435), (1245, 452), (1247, 456), (1218, 472), (1207, 454), (1227, 444), (1218, 428), (1190, 444), (1199, 458), (1195, 460)],
    '22': [(1263, 501), (1275, 524), (1329, 497), (1317, 474)],
    '23': [(1616, 646), (1638, 652), (1652, 597), (1630, 591)],
    '24': [(892, 1089), (890, 1115), (946, 1118), (948, 1092)],
    '25': [(702, 1144), (700, 1172), (757, 1176), (758, 1165), (812, 1169), (814, 1151), (786, 1149), (787, 1138), (758, 1136), (758, 1148)],
    '26': [(853, 1073), (852, 1090), (881, 1093), (882, 1076)],
    '27': [(912, 984), (911, 1006), (961, 1009), (962, 988)],
    '28': [(1319, 774), (1415, 776), (1417, 826), (1467, 827), (1468, 846), (1372, 846), (1372, 825), (1372, 801), (1372, 793), (1318, 792)],
    '29': [(860, 937), (858, 965), (962, 972), (964, 944)],
    '30': [(850, 1106), (849, 1127), (873, 1129), (874, 1108)],
    '31': [(671, 1474), (723, 1478), (748, 1481), (776, 1483), (779, 1456), (673, 1447)],
    '32': [(679, 1414), (750, 1420), (751, 1404), (784, 1406), (786, 1379), (738, 1375), (736, 1392), (681, 1388)],
    '33': [(983, 1343), (1061, 1348), (1062, 1332), (984, 1327)],
    '34': [(686, 1524), (764, 1530), (766, 1505), (746, 1503), (748, 1481), (723, 1478), (720, 1501), (689, 1498)],
    '35': [(970, 1397), (1053, 1405), (1055, 1383), (972, 1375)],
    '36': [(1337, 1169), (1268, 1146), (1276, 1122), (1345, 1145)],
    '37': [(706, 1110), (765, 1115), (766, 1102), (815, 1107), (817, 1087), (766, 1082), (758, 1081), (757, 1089), (708, 1084)],
    '38': [(1190, 1143), (1202, 1109), (1208, 1111), (1211, 1102), (1262, 1119), (1259, 1129), (1270, 1133), (1259, 1167), (1266, 1169), (1261, 1185), (1222, 1172), (1219, 1183), (1208, 1180), (1212, 1167), (1174, 1154), (1179, 1140)],
    '39': [(811, 492), (862, 492), (902, 459), (906, 432), (852, 428), (852, 417), (819, 417), (819, 427), (765, 430), (770, 458)],
    '40': [(1030, 1735), (1064, 1735), (1064, 1743), (1105, 1743), (1105, 1803), (1029, 1802)],
    '41': [(837, 1751), (880, 1751), (880, 1788), (862, 1787), (862, 1807), (837, 1806)],
    '42': [(834, 1801), (835, 1751), (791, 1750), (790, 1800)],
    '43': [(799, 1717), (879, 1724), (884, 1668), (804, 1661)],
    '44': [(684, 1722), (683, 1742), (717, 1745), (719, 1725)],
    '45': [(667, 1703), (700, 1706), (707, 1648), (673, 1644)],
    '46': [(724, 1680), (767, 1683), (766, 1706), (722, 1704)],
    '47': [(673, 1610), (671, 1631), (720, 1635), (720, 1627), (751, 1629), (753, 1606), (713, 1604), (713, 1612), (690, 1610)],
    '48': [(810, 1607), (889, 1615), (887, 1640), (813, 1633), (814, 1622), (809, 1622)],
    '49': [(985, 433), (978, 454), (1047, 478), (1054, 456)],
    '50': [(965, 492), (995, 500), (1028, 513), (1018, 543), (1007, 572), (990, 566), (989, 568), (980, 567), (975, 565), (971, 564), (963, 560), (964, 556), (944, 549)],
    '51': [(1151, 426), (1151, 434), (1127, 436), (1125, 410), (1149, 408), (1149, 409), (1154, 408), (1158, 408), (1157, 406), (1148, 387), (1188, 372), (1189, 377), (1196, 374), (1195, 370), (1218, 364), (1222, 375), (1223, 376), (1231, 387), (1215, 402), (1212, 398), (1206, 403), (1209, 406), (1178, 434), (1171, 424), (1159, 425)],
    '52': [(1289, 1945), (1315, 1961), (1307, 1973), (1281, 1957)],
    '53': [(1387, 1300), (1405, 1306), (1395, 1335), (1377, 1329)],
    '54': [(1406, 551), (1434, 571), (1396, 622), (1368, 602)],
    '55': [(1240, 349), (1300, 317), (1307, 330), (1247, 362)],
    '56': [(1307, 348), (1313, 360), (1254, 391), (1247, 379)],
    '57': [(1051, 473), (1074, 480), (1071, 489), (1070, 492), (1047, 485)],
    '58': [(1131, 381), (1104, 366), (1106, 363), (1105, 357), (1088, 346), (1098, 328), (1091, 324), (1099, 311), (1086, 304), (1082, 312), (1065, 302), (1058, 314), (1049, 309), (1042, 321), (1061, 332), (1059, 335), (1055, 332), (1049, 342), (1062, 349), (1067, 352), (1064, 358), (1125, 392), (1128, 387)],
    '59': [(682, 234), (684, 246), (669, 278), (670, 284), (666, 285), (661, 295), (654, 290), (643, 289), (636, 288), (601, 284), (597, 279), (634, 280), (650, 279), (651, 273)],
    '60': [(1328, 341), (1327, 319), (1312, 320), (1314, 342)],
    '61': [(966, 283), (990, 296), (963, 344), (934, 351), (922, 311), (953, 303)],
    '62': [(864, 338), (884, 333), (887, 343), (867, 348)],
    '63': [(1071, 493), (1075, 482), (1083, 484), (1079, 496)],
    '64': [(931, 1542), (929, 1565), (998, 1569), (1000, 1526), (975, 1525), (973, 1544)],
    '65': [(1006, 1495), (1061, 1495), (1061, 1520), (1049, 1520), (1049, 1571), (1029, 1571), (1030, 1521), (1005, 1521)],
    '66': [(932, 1626), (933, 1620), (976, 1624), (975, 1629), (983, 1630), (981, 1657), (974, 1657), (973, 1663), (929, 1659), (930, 1653), (923, 1652), (925, 1625)],
    '67': [(975, 1679), (976, 1713), (925, 1713), (926, 1679)],
    '68': [(948, 1515), (949, 1502), (930, 1501), (929, 1514)],
    '69': [(921, 1519), (913, 1518), (914, 1498), (922, 1499)],
    '70': [(947, 1495), (948, 1485), (926, 1483), (925, 1493)],
    '71': [(948, 1479), (948, 1470), (925, 1468), (925, 1477)],
    '72': [(1013, 1263), (1013, 1248), (998, 1248), (998, 1232), (941, 1229), (937, 1262), (954, 1263), (954, 1259)],
    '73': [(1012, 1310), (1013, 1294), (996, 1291), (996, 1285), (986, 1284), (987, 1280), (914, 1273), (911, 1302)],
    '74': [(974, 1347), (972, 1363), (898, 1356), (899, 1343), (828, 1337), (831, 1312), (912, 1319), (912, 1325), (918, 1325), (916, 1341)],
    '75': [(927, 1366), (926, 1381), (897, 1378), (899, 1363)],
    '76': [(927, 1397), (926, 1410), (871, 1406), (873, 1379), (892, 1380), (891, 1394)],
    '77': [(1024, 1846), (1025, 1920), (1123, 1921), (1125, 1850)],
    '78': [(1479, 393), (1484, 401), (1496, 393), (1499, 397), (1537, 373), (1541, 380), (1576, 357), (1570, 348), (1578, 343), (1561, 316), (1553, 321), (1568, 344), (1539, 364), (1532, 354), (1520, 362), (1518, 358), (1483, 381), (1487, 388)],
    '79': [(1442, 332), (1471, 374), (1496, 357), (1468, 314)],
    '80': [(1484, 318), (1490, 326), (1486, 328), (1494, 340), (1497, 337), (1501, 340), (1539, 312), (1523, 290)],
    '81': [(1437, 177), (1441, 213), (1459, 210), (1455, 174)],
    '82': [(985, 1803), (940, 1801), (941, 1778), (986, 1778)],
    '83': [(1215, 721), (1246, 731), (1244, 735), (1253, 739), (1249, 750), (1241, 747), (1239, 751), (1208, 741)],
    '84': [(1177, 742), (1270, 775), (1265, 791), (1214, 772), (1200, 810), (1231, 821), (1228, 831), (1180, 814), (1178, 820), (1142, 807), (1145, 797), (1126, 790), (1131, 777), (1141, 772), (1164, 780), (1160, 791), (1187, 801), (1197, 772), (1170, 762)],
    '85': [(1555, 1950), (1560, 1958), (1572, 1950), (1567, 1942)],
    '86': [(1418, 1789), (1440, 1796), (1432, 1820), (1410, 1813)],
    '87': [(1400, 1836), (1429, 1845), (1425, 1857), (1396, 1848)],
    '88': [(1388, 1855), (1425, 1868), (1419, 1884), (1382, 1871)],
    '89': [(1373, 1785), (1390, 1792), (1376, 1824), (1383, 1826), (1378, 1838), (1355, 1829)],
    '90': [(1331, 1890), (1340, 1894), (1328, 1921), (1319, 1917)],
    '91': [(1284, 1756), (1310, 1775), (1297, 1793), (1271, 1773)],
    '92': [(1299, 1674), (1360, 1682), (1355, 1715), (1344, 1714), (1343, 1724), (1323, 1721), (1322, 1730), (1292, 1726)],
    '93': [(1178, 1246), (1171, 1268), (1195, 1277), (1184, 1325), (1138, 1328), (1137, 1346), (1201, 1343), (1228, 1261)],
    '94': [(1595, 1261), (1576, 1280), (1594, 1299), (1614, 1281)],
    '95': [(1484, 1225), (1482, 1235), (1489, 1237), (1492, 1227)],
    '96': [(1519, 1236), (1516, 1246), (1524, 1249), (1527, 1238)],
    '97': [(1491, 1243), (1488, 1252), (1505, 1259), (1508, 1250)],
    '98': [(1339, 1262), (1329, 1294), (1354, 1302), (1358, 1288), (1400, 1301), (1405, 1283)],
    '99': [(1265, 1227), (1258, 1254), (1316, 1267), (1324, 1244)],
    '100': [(924, 409), (910, 454), (942, 464), (956, 419)],
    '101': [(580, 888), (586, 939), (624, 935), (617, 884), (598, 886)],
    '102': [(582, 951), (585, 950), (621, 948), (624, 981), (604, 983), (608, 1021), (579, 1023), (574, 966), (583, 966)],
    '103': [(741, 1225), (740, 1242), (800, 1246), (800, 1229)],
    '104': [(688, 1220), (687, 1238), (709, 1240), (708, 1251), (686, 1250), (686, 1267), (733, 1269), (734, 1252), (714, 1251), (715, 1240), (735, 1241), (735, 1223)],
    '105': [(1540, 718), (1537, 726), (1568, 736), (1571, 728)],
    '106': [(1574, 729), (1572, 737), (1602, 747), (1605, 739)],
}
