BUILDING_POLY = {
    '00': [(963, 625), (989, 650), (850, 829), (692, 695), (709, 674), (731, 689), (825, 768), (897, 677), (912, 689), (931, 667)],
    '01': [(1707, 264), (1740, 223), (1983, 421), (1954, 462)],
    '02': [(1983, 421), (1954, 462), (1997, 505), (2007, 710), (2064, 709), (2048, 482)],
    '03': [(296, 1030), (265, 1068), (88, 929), (118, 892), (136, 906), (164, 871), (218, 803), (199, 787), (225, 755), (340, 851), (314, 884), (247, 831), (169, 929), (242, 987), (259, 1000)],
    '04': [(269, 1075), (484, 1245), (517, 1204), (415, 1122), (393, 1105), (303, 1034)],
    '05': [(322, 896), (340, 912), (358, 928), (428, 985), (448, 1003), (549, 1087), (583, 1045), (351, 858)],
    '06': [(340, 912), (242, 987), (259, 1000), (358, 928)],
    '07': [(428, 985), (393, 1105), (415, 1122), (448, 1003)],
    '08': [(664, 1275), (625, 1326), (674, 1363), (713, 1313)],
    '09': [(796, 460), (775, 486), (764, 498), (748, 485), (740, 478), (751, 465), (729, 446), (658, 387), (542, 523), (635, 601), (647, 587), (658, 595), (670, 606), (659, 619), (636, 646), (471, 506), (627, 319)],
    '10': [(396, 788), (446, 828), (483, 784), (433, 743)],
    '11': [(1295, 846), (1398, 923), (1438, 874), (1478, 821), (1379, 740), (1344, 784)],
    '12': [(1201, 535), (1224, 555), (1218, 570), (1276, 618), (1343, 535), (1388, 571), (1459, 473), (1335, 372)],
    '13': [(1493, 523), (1420, 612), (1612, 762), (1687, 671)],
    '14': [(898, 1376), (1018, 1469), (921, 1593), (801, 1501)],
    '15': [(1048, 1656), (1106, 1699), (1193, 1584), (1136, 1541)],
    '16': [(1214, 1351), (1188, 1384), (1246, 1410), (1268, 1386), (1243, 1361)],
    '17': [(1513, 327), (1648, 158), (1652, 155), (1696, 190), (1663, 228), (1554, 359)],
    '18': [(1605, 400), (1904, 632), (1939, 587), (1640, 355)],
    '19': [(1352, 1181), (1419, 1096), (1580, 1225), (1515, 1305)],
    '20': [(1104, 973), (1179, 882), (1395, 1059), (1320, 1150)],
    '21': [(1085, 692), (1150, 748), (1088, 824), (1139, 867), (1058, 965), (945, 871)],
    '22': [(983, 1220), (1031, 1165), (1107, 1228), (1086, 1255), (1063, 1283)],
    '23': [(1174, 1782), (1253, 1684), (1279, 1705), (1273, 1711), (1312, 1743), (1265, 1800), (1347, 1867), (1320, 1900)],
    '24': [(1557, 1350), (1631, 1406), (1755, 1245), (1685, 1191)],
    '25': [(764, 498), (670, 606), (658, 595), (748, 485)],
    '26': [(931, 667), (823, 584), (731, 689), (709, 674), (837, 521), (963, 625)],
    '27': [(1740, 223), (1696, 190), (1663, 228), (1707, 264)],
    '28': [(2026, 830), (2111, 895), (2134, 873), (2097, 806), (2079, 813), (2108, 869), (2038, 815)],
    '29': [(528, 877), (597, 792), (694, 870), (625, 956)],
}
