BUILDING_POLY = {
    '00': [(689, 1563), (689, 1566), (690, 1566), (690, 1565), (691, 1565), (692, 1565), (693, 1564), (693, 1565), (694, 1565), (695, 1566), (695, 1567), (695, 1569), (693, 1575), (698, 1576), (698, 1578), (698, 1580), (698, 1581), (700, 1584), (701, 1585), (702, 1586), (703, 1587), (703, 1589), (700, 1593), (708, 1596), (709, 1596), (709, 1597), (710, 1598), (710, 1598), (710, 1599), (709, 1600), (709, 1601), (708, 1601), (707, 1601), (706, 1601), (706, 1602), (709, 1603), (693, 1666), (676, 1647), (687, 1605), (680, 1598), (676, 1591), (674, 1586), (674, 1580), (643, 1572), (639, 1561), (635, 1548), (682, 1561)],
    '01': [(1130, 1363), (1147, 1368), (1152, 1368), (1165, 1372), (1175, 1374), (1175, 1436), (1175, 1440), (1113, 1423), (1118, 1405), (1119, 1401), (1122, 1391)],
    '02': [(906, 1500), (882, 1583), (881, 1587), (930, 1601), (936, 1578), (942, 1557), (955, 1513), (928, 1506)],
    '03': [(1183, 1320), (1185, 1323), (1188, 1329), (1189, 1337), (1189, 1355), (1189, 1357), (1199, 1359), (1199, 1362), (1198, 1366), (1212, 1368), (1231, 1385), (1237, 1384), (1246, 1383), (1256, 1380), (1264, 1376), (1273, 1369), (1279, 1364), (1285, 1356), (1288, 1349), (1292, 1338), (1292, 1331), (1292, 1324), (1291, 1317), (1290, 1311), (1294, 1303), (1292, 1300), (1291, 1297), (1284, 1295), (1277, 1292), (1270, 1286), (1263, 1281), (1258, 1277), (1256, 1279), (1255, 1281), (1245, 1275), (1243, 1278), (1232, 1274), (1227, 1275), (1224, 1276), (1214, 1278), (1210, 1279), (1204, 1280), (1197, 1282), (1193, 1284), (1186, 1288), (1183, 1293), (1182, 1297), (1183, 1302), (1185, 1305), (1188, 1308), (1192, 1310), (1194, 1311)],
    '04': [(857, 1861), (870, 1876), (889, 1811), (898, 1779), (900, 1780), (900, 1777), (899, 1777), (899, 1777), (883, 1772), (883, 1773), (882, 1776), (874, 1802), (871, 1813), (864, 1837), (863, 1842)],
    '05': [(1571, 1202), (1556, 1211), (1565, 1224), (1556, 1229), (1546, 1218), (1534, 1230), (1547, 1243), (1535, 1257), (1549, 1273), (1573, 1251), (1575, 1253), (1594, 1242), (1593, 1239), (1621, 1231), (1641, 1227), (1639, 1221), (1621, 1225), (1618, 1215), (1612, 1217), (1611, 1212), (1594, 1218), (1579, 1216)],
    '06': [(696, 1941), (701, 1947), (705, 1953), (709, 1951), (738, 1959), (759, 1965), (762, 1964), (760, 1959), (811, 1973), (822, 1937), (833, 1901), (779, 1884), (776, 1884), (772, 1883), (771, 1882), (767, 1881), (717, 1867)],
    '07': [(775, 1505), (780, 1488), (674, 1457), (638, 1476), (634, 1490), (640, 1492), (637, 1499), (633, 1498), (628, 1515), (703, 1537), (702, 1540), (706, 1541), (710, 1542), (715, 1524), (709, 1522), (716, 1497), (718, 1490), (719, 1488)],
    '08': [(684, 1784), (679, 1801), (714, 1812), (712, 1816), (720, 1819), (729, 1821), (730, 1816), (769, 1827), (774, 1829), (777, 1817), (778, 1815), (779, 1812), (779, 1810), (776, 1809), (747, 1800), (748, 1798), (728, 1792), (725, 1791), (724, 1795)],
    '09': [(871, 1485), (818, 1470), (804, 1518), (801, 1529), (791, 1564), (844, 1579), (846, 1572), (856, 1536), (870, 1489)],
    '10': [(1070, 1521), (1066, 1535), (1065, 1538), (1062, 1552), (1054, 1582), (1052, 1588), (1050, 1595), (1048, 1602), (1045, 1611), (1042, 1623), (1035, 1650), (1070, 1660), (1077, 1635), (1088, 1598), (1098, 1563), (1107, 1531), (1088, 1526), (1074, 1522)],
    '11': [(1151, 928), (1145, 948), (1139, 970), (1152, 974), (1156, 960), (1185, 968), (1210, 976), (1206, 988), (1216, 991), (1222, 970), (1223, 967), (1227, 951), (1218, 948), (1217, 948), (1213, 959), (1197, 954), (1181, 949), (1175, 947), (1161, 943), (1164, 932)],
    '12': [(1228, 1006), (1222, 1030), (1222, 1031), (1221, 1034), (1220, 1038), (1215, 1055), (1233, 1060), (1239, 1036), (1246, 1011)],
    '13': [(1066, 1004), (1060, 1026), (1085, 1033), (1111, 1040), (1117, 1019)],
    '14': [(1118, 1054), (1105, 1095), (1121, 1100), (1124, 1091), (1147, 1098), (1169, 1105), (1167, 1113), (1180, 1117), (1192, 1075), (1179, 1071), (1174, 1088), (1152, 1082), (1125, 1074), (1130, 1057)],
    '15': [(980, 1265), (989, 1268), (990, 1262), (992, 1256), (983, 1254), (986, 1244), (971, 1239), (968, 1249), (952, 1245), (949, 1256), (965, 1261), (962, 1272), (977, 1276)],
    '16': [(1082, 1153), (1071, 1150), (1061, 1147), (1073, 1107), (1082, 1109), (1093, 1112), (1088, 1132)],
    '17': [(969, 1229), (890, 1207), (895, 1186), (950, 1201), (955, 1202), (975, 1208), (972, 1218)],
    '18': [(959, 1344), (947, 1340), (955, 1311), (968, 1315)],
    '19': [(979, 1199), (957, 1194), (952, 1192), (927, 1186), (931, 1171), (956, 1178), (961, 1179), (983, 1185)],
    '20': [(1086, 1206), (1090, 1191), (1118, 1199), (1147, 1208), (1142, 1223), (1114, 1214)],
    '21': [(1130, 1294), (1137, 1271), (1142, 1255), (1158, 1260), (1147, 1299)],
    '22': [(1192, 1184), (1177, 1180), (1181, 1167), (1176, 1166), (1179, 1157), (1180, 1153), (1184, 1154), (1187, 1142), (1203, 1146)],
    '23': [(1062, 1270), (1045, 1266), (1056, 1229), (1072, 1234), (1068, 1250)],
    '24': [(1048, 1064), (1037, 1104), (1028, 1133), (980, 1120), (985, 1101), (1012, 1109), (1027, 1058)],
    '25': [(922, 1309), (884, 1299), (901, 1238), (921, 1243), (913, 1271), (909, 1288), (927, 1293)],
    '26': [(1007, 1200), (988, 1195), (992, 1181), (963, 1173), (958, 1171), (935, 1165), (943, 1139), (996, 1154), (1002, 1133), (1031, 1141), (1020, 1177), (1018, 1185), (1012, 1183)],
    '27': [(689, 1705), (737, 1719), (740, 1718), (744, 1719), (745, 1719), (750, 1721), (752, 1723), (785, 1733), (783, 1742), (782, 1744), (781, 1746), (781, 1748), (779, 1753), (747, 1744), (744, 1755), (736, 1752), (732, 1751), (731, 1751), (734, 1740), (683, 1725), (686, 1717)],
    '28': [(1020, 1384), (1018, 1391), (1030, 1394), (1024, 1412), (1012, 1455), (1005, 1479), (938, 1460), (942, 1445), (966, 1452), (981, 1401), (982, 1397), (959, 1391), (963, 1379), (963, 1378), (966, 1369)],
    '29': [(660, 1437), (663, 1420), (660, 1419), (664, 1392), (669, 1365), (688, 1342), (674, 1329), (657, 1349), (653, 1356), (650, 1363), (640, 1415), (636, 1414), (633, 1432), (637, 1433), (637, 1436), (656, 1439), (657, 1436)],
    '30': [(1076, 1757), (1054, 1773), (1058, 1778), (1046, 1786), (1040, 1793), (1044, 1797), (1047, 1807), (1040, 1818), (1022, 1827), (1011, 1827), (992, 1821), (1004, 1771), (1014, 1733), (1024, 1735), (1048, 1719)],
    '31': [(711, 1688), (716, 1672), (742, 1679), (737, 1696)],
    '32': [(1584, 1325), (1599, 1316), (1606, 1328), (1618, 1348), (1648, 1397), (1640, 1401), (1636, 1404), (1632, 1406), (1601, 1354)],
    '33': [(1104, 1448), (1112, 1450), (1117, 1433), (1132, 1438), (1128, 1454), (1150, 1460), (1153, 1451), (1163, 1454), (1144, 1522), (1131, 1518), (1137, 1500), (1132, 1499), (1117, 1494), (1112, 1512), (1097, 1508), (1102, 1489), (1093, 1487), (1095, 1480), (1097, 1471), (1099, 1466), (1101, 1460), (1102, 1455)],
    '34': [(1171, 1214), (1168, 1224), (1179, 1227), (1181, 1227), (1179, 1236), (1192, 1239), (1197, 1221)],
    '35': [(430, 1643), (401, 1670), (444, 1716), (458, 1702), (472, 1689)],
    '36': [(419, 1707), (408, 1717), (422, 1733), (417, 1737), (427, 1747), (443, 1733), (435, 1724)],
    '37': [(370, 1642), (378, 1635), (391, 1626), (415, 1610), (443, 1624), (410, 1655), (406, 1650), (423, 1635), (420, 1633), (417, 1631), (404, 1640), (385, 1654)],
    '38': [(474, 1657), (503, 1687), (553, 1638), (538, 1623), (520, 1641), (525, 1646), (503, 1667), (484, 1648)],
    '39': [(720, 1633), (746, 1641), (754, 1616), (761, 1595), (734, 1587), (729, 1601), (729, 1602)],
    '40': [(754, 1637), (766, 1640), (816, 1655), (822, 1634), (827, 1617), (796, 1607), (778, 1602), (766, 1599)],
    '41': [(1178, 675), (1181, 663), (1197, 666), (1202, 667), (1200, 679)],
    '42': [(1109, 450), (1115, 467), (1127, 463), (1140, 502), (1137, 510), (1151, 516), (1157, 502), (1152, 487), (1136, 441)],
    '43': [(1193, 463), (1186, 505), (1207, 509), (1211, 485), (1214, 486), (1219, 487), (1237, 489), (1240, 470)],
    '44': [(1257, 416), (1252, 446), (1261, 447), (1262, 442), (1293, 447), (1295, 435), (1264, 431), (1266, 418)],
    '45': [(1267, 418), (1265, 429), (1294, 433), (1295, 422)],
    '46': [(1155, 255), (1161, 286), (1170, 331), (1183, 328), (1176, 292), (1199, 287), (1202, 304), (1214, 301), (1199, 228), (1188, 230), (1195, 268), (1184, 270), (1172, 272), (1168, 253)],
    '47': [(1234, 282), (1246, 280), (1245, 275), (1265, 272), (1271, 303), (1281, 301), (1267, 226), (1257, 228), (1259, 238), (1248, 240), (1239, 242), (1233, 205), (1220, 208)],
    '48': [(1160, 118), (1162, 128), (1162, 131), (1172, 182), (1185, 180), (1179, 147), (1190, 145), (1201, 143), (1204, 160), (1215, 158), (1203, 94), (1192, 96), (1196, 116), (1198, 128), (1175, 132), (1172, 121), (1172, 116)],
    '49': [(1241, 148), (1254, 146), (1252, 140), (1259, 139), (1263, 138), (1272, 136), (1278, 172), (1290, 170), (1278, 107), (1267, 109), (1267, 111), (1270, 124), (1249, 128), (1246, 115), (1240, 82), (1229, 84)],
    '50': [(1194, 562), (1181, 591), (1217, 607), (1222, 596), (1204, 588), (1212, 570)],
    '51': [(1162, 645), (1220, 647), (1244, 647), (1251, 648), (1251, 628), (1234, 627), (1210, 627), (1167, 626), (1167, 633), (1162, 633)],
    '52': [(1338, 637), (1334, 648), (1355, 656), (1359, 644)],
    '53': [(1352, 589), (1347, 604), (1375, 613), (1380, 599)],
    '54': [(1345, 615), (1342, 623), (1354, 627), (1351, 634), (1360, 637), (1367, 617), (1359, 614), (1357, 620)],
    '55': [(1369, 891), (1358, 911), (1366, 915), (1352, 941), (1373, 951), (1397, 906)],
    '56': [(1185, 1532), (1255, 1552), (1256, 1546), (1265, 1549), (1271, 1551), (1277, 1530), (1264, 1527), (1262, 1534), (1240, 1527), (1239, 1533), (1210, 1525), (1212, 1519), (1191, 1513)],
    '57': [(1270, 1528), (1279, 1531), (1276, 1539), (1314, 1550), (1339, 1557), (1340, 1557), (1341, 1556), (1341, 1555), (1342, 1554), (1343, 1553), (1344, 1552), (1344, 1550), (1344, 1549), (1344, 1547), (1343, 1546), (1342, 1544), (1352, 1509), (1347, 1508), (1349, 1502), (1323, 1495), (1321, 1500), (1317, 1498), (1307, 1531), (1272, 1521)],
    '58': [(715, 1251), (737, 1254), (739, 1239), (717, 1237)],
    '59': [(1098, 1696), (1110, 1687), (1124, 1706), (1113, 1715)],
    '60': [(1093, 1666), (1088, 1674), (1092, 1677), (1088, 1683), (1093, 1687), (1097, 1680), (1102, 1683), (1107, 1676)],
    '61': [(1113, 1591), (1109, 1604), (1104, 1620), (1118, 1624), (1156, 1635), (1164, 1607), (1141, 1600), (1145, 1586), (1123, 1580), (1120, 1577), (1117, 1575), (1113, 1575), (1109, 1576), (1107, 1579), (1106, 1583), (1107, 1586), (1109, 1588)],
    '62': [(746, 1287), (747, 1297), (754, 1297), (753, 1286)],
    '63': [(1621, 1318), (1606, 1328), (1618, 1348), (1634, 1338)],
    '64': [(883, 1419), (895, 1422), (909, 1426), (925, 1372), (944, 1378), (924, 1449), (891, 1439), (861, 1431), (866, 1414)],
    '65': [(841, 1451), (867, 1459), (877, 1462), (870, 1483), (835, 1473)],
    '66': [(1415, 1425), (1385, 1438), (1380, 1424), (1410, 1410)],
    '67': [(1474, 1444), (1471, 1454), (1480, 1457), (1473, 1477), (1468, 1475), (1463, 1488), (1499, 1500), (1504, 1487), (1493, 1484), (1497, 1472), (1514, 1478), (1520, 1460)],
    '68': [(1385, 1459), (1372, 1469), (1380, 1476), (1390, 1467), (1396, 1465), (1427, 1461), (1426, 1451), (1400, 1454), (1400, 1452), (1398, 1450), (1395, 1448), (1393, 1448), (1390, 1448), (1387, 1449), (1385, 1451), (1384, 1454), (1384, 1456)],
    '69': [(1498, 1353), (1510, 1363), (1506, 1371), (1510, 1374), (1512, 1386), (1529, 1383), (1544, 1447), (1530, 1445), (1529, 1441), (1515, 1445), (1510, 1418), (1506, 1415), (1504, 1412), (1502, 1409), (1500, 1406), (1488, 1410), (1486, 1404), (1485, 1397), (1484, 1389), (1485, 1381), (1486, 1374), (1489, 1366), (1493, 1359)],
    '70': [(1613, 1259), (1616, 1270), (1658, 1260), (1677, 1280), (1687, 1271), (1664, 1246)],
    '71': [(1455, 1101), (1448, 1115), (1410, 1097), (1414, 1088), (1436, 1099), (1439, 1093)],
    '72': [(1555, 1120), (1571, 1130), (1551, 1151), (1538, 1139)],
    '73': [(1515, 1127), (1503, 1144), (1511, 1150), (1524, 1134)],
    '74': [(1315, 1380), (1298, 1400), (1318, 1417), (1326, 1407), (1334, 1397)],
    '75': [(1598, 1267), (1641, 1342), (1705, 1283), (1694, 1272), (1648, 1315), (1624, 1273), (1616, 1278), (1607, 1262)],
    '76': [(1446, 1292), (1466, 1300), (1471, 1288), (1460, 1284), (1450, 1280), (1449, 1283), (1448, 1282), (1445, 1289), (1447, 1290)],
    '77': [(1710, 1291), (1696, 1305), (1707, 1317), (1672, 1352), (1667, 1345), (1647, 1355), (1675, 1403), (1677, 1407), (1695, 1397), (1676, 1365), (1681, 1361), (1686, 1366), (1722, 1330), (1726, 1326), (1730, 1326), (1761, 1329), (1763, 1318), (1764, 1311), (1727, 1308)],
    '78': [(1602, 1171), (1607, 1167), (1620, 1182), (1615, 1186)],
    '79': [(1498, 1319), (1511, 1313), (1517, 1326), (1504, 1332)],
    '80': [(1852, 1296), (1838, 1288), (1789, 1313), (1796, 1321), (1820, 1340)],
    '81': [(1435, 1339), (1415, 1333), (1413, 1342), (1405, 1341), (1398, 1368), (1413, 1372), (1419, 1352), (1420, 1345), (1432, 1349)],
    '82': [(800, 1770), (797, 1783), (796, 1785), (796, 1786), (793, 1795), (791, 1802), (799, 1804), (803, 1805), (864, 1822), (867, 1811), (871, 1813), (874, 1802), (868, 1801), (871, 1790), (812, 1773), (808, 1772)],
    '83': [(633, 1619), (642, 1622), (643, 1620), (665, 1627), (663, 1635), (675, 1639), (676, 1647), (693, 1666), (687, 1670), (675, 1669), (673, 1667), (669, 1664), (664, 1657), (657, 1651), (635, 1645), (626, 1641), (626, 1640), (630, 1628)],
    '84': [(916, 1626), (904, 1623), (899, 1645), (910, 1648)],
    '85': [(1633, 1409), (1590, 1431), (1602, 1452), (1624, 1439), (1628, 1445), (1642, 1466), (1675, 1437), (1663, 1426), (1650, 1435), (1643, 1426), (1637, 1416)],
    '86': [(752, 1152), (744, 1151), (744, 1174), (751, 1173)],
    '87': [(1529, 1135), (1526, 1139), (1532, 1144), (1536, 1140)],
    '88': [(1537, 1141), (1531, 1149), (1535, 1152), (1541, 1144)],
    '89': [(1434, 1237), (1425, 1279), (1436, 1281), (1445, 1239)],
    '90': [(1428, 1290), (1419, 1302), (1443, 1318), (1451, 1307)],
    '91': [(870, 1489), (880, 1492), (906, 1500), (882, 1583), (864, 1577), (846, 1572), (856, 1536)],
    '92': [(1157, 1343), (1154, 1360), (1152, 1368), (1165, 1372), (1171, 1347)],
    '93': [(1302, 365), (1302, 368), (1303, 375), (1303, 381), (1304, 385), (1311, 384), (1309, 365)],
    '94': [(1352, 583), (1360, 585), (1368, 559), (1361, 557)],
    '95': [(1363, 586), (1370, 588), (1379, 562), (1372, 560)],
    '96': [(1372, 589), (1379, 591), (1388, 565), (1381, 563)],
    '97': [(1364, 546), (1362, 553), (1386, 561), (1388, 554)],
    '98': [(1637, 1416), (1636, 1404), (1640, 1401), (1643, 1426)],
    '99': [(896, 1874), (901, 1875), (898, 1884), (896, 1883), (893, 1882)],
    '100': [(922, 1785), (925, 1785), (927, 1786), (925, 1795), (920, 1794)],
    '101': [(1004, 1638), (1002, 1643), (1006, 1644), (1007, 1638), (1006, 1638)],
    '102': [(958, 1812), (962, 1813), (961, 1817), (957, 1816), (957, 1814)],
    '103': [(957, 1800), (960, 1801), (963, 1801), (965, 1793), (960, 1792)],
    '104': [(1012, 1622), (1011, 1624), (1011, 1626), (1013, 1627), (1015, 1623)],
    '105': [(966, 1521), (964, 1525), (967, 1526), (968, 1526), (969, 1522)],
    '106': [(935, 1883), (932, 1891), (935, 1892), (937, 1893), (940, 1885)],
    '107': [(988, 1693), (986, 1701), (990, 1702), (993, 1694), (990, 1694)],
    '108': [(883, 1619), (886, 1620), (890, 1621), (886, 1639), (878, 1637), (881, 1628)],
    '109': [(620, 1530), (619, 1531), (619, 1533), (622, 1534), (623, 1533), (624, 1531)],
    '110': [(626, 1641), (625, 1644), (624, 1646), (633, 1649), (635, 1645)],
    '111': [(627, 1746), (637, 1753), (651, 1735), (642, 1728)],
    '112': [(962, 1674), (961, 1678), (963, 1678), (965, 1679), (966, 1675)],
    '113': [(767, 1775), (761, 1797), (737, 1791), (743, 1768)],
    '114': [(1037, 1534), (1039, 1535), (1041, 1535), (1043, 1525), (1039, 1524)],
    '115': [(915, 1678), (915, 1680), (914, 1682), (918, 1683), (919, 1679)],
    '116': [(920, 1680), (928, 1682), (925, 1689), (917, 1687), (918, 1685)],
    '117': [(951, 1607), (949, 1607), (947, 1606), (950, 1596), (954, 1598)],
    '118': [(968, 1526), (970, 1527), (973, 1528), (975, 1519), (971, 1518)],
    '119': [(811, 1501), (834, 1507), (826, 1536), (821, 1552), (799, 1546)],
    '120': [(773, 1509), (773, 1507), (774, 1505), (754, 1499), (754, 1500), (753, 1502)],
    '121': [(1071, 1556), (1098, 1563), (1088, 1598), (1077, 1635), (1070, 1660), (1035, 1650), (1042, 1623), (1046, 1624), (1052, 1626), (1062, 1590), (1071, 1557)],
    '122': [(1054, 1582), (1048, 1580), (1042, 1579), (1040, 1585), (1038, 1592), (1045, 1593), (1050, 1595), (1052, 1588)],
    '123': [(1062, 1552), (1065, 1553), (1097, 1562), (1107, 1531), (1088, 1526), (1074, 1522), (1070, 1521), (1066, 1535), (1065, 1538)],
    '124': [(1186, 1324), (1202, 1312), (1206, 1319), (1207, 1322), (1208, 1325), (1210, 1330), (1211, 1336), (1211, 1342), (1211, 1347), (1209, 1357), (1189, 1353), (1191, 1347), (1191, 1343), (1192, 1338), (1191, 1334), (1191, 1332), (1190, 1330)],
    '125': [(1353, 1380), (1356, 1380), (1358, 1378), (1361, 1376), (1362, 1374), (1363, 1371), (1362, 1368), (1361, 1365), (1359, 1363), (1356, 1362), (1353, 1361), (1349, 1362), (1347, 1364), (1345, 1366), (1344, 1369), (1344, 1373), (1345, 1375), (1347, 1378), (1350, 1379)],
    '126': [(735, 1771), (737, 1771), (738, 1770), (740, 1770), (741, 1768), (741, 1767), (741, 1765), (741, 1764), (740, 1763), (739, 1762), (737, 1761), (736, 1761), (734, 1762), (733, 1763), (732, 1764), (732, 1766), (732, 1767), (732, 1769), (734, 1770)],
    '127': [(521, 1688), (518, 1684), (511, 1691), (514, 1694), (517, 1691)],
    '128': [(494, 1711), (491, 1708), (478, 1718), (480, 1721)],
    '129': [(958, 1171), (956, 1178), (961, 1179), (963, 1173)],
    '130': [(952, 1192), (957, 1194), (955, 1202), (950, 1201)],
    '131': [(797, 1783), (800, 1770), (790, 1767), (788, 1777), (783, 1792), (793, 1795), (796, 1786), (795, 1786), (796, 1783)],
    '132': [(780, 1852), (786, 1854), (790, 1855), (797, 1857), (806, 1826), (830, 1833), (822, 1862), (829, 1864), (839, 1866), (847, 1838), (855, 1840), (863, 1842), (864, 1837), (848, 1833), (849, 1828), (800, 1814), (796, 1813), (791, 1812), (790, 1816), (790, 1818), (789, 1821), (788, 1824)],
    '133': [(799, 1804), (796, 1813), (800, 1814), (803, 1805)],
    '134': [(778, 1815), (790, 1818), (789, 1821), (777, 1817)],
    '135': [(786, 1854), (772, 1883), (776, 1884), (790, 1855)],
    '136': [(806, 1762), (812, 1763), (816, 1765), (865, 1779), (868, 1772), (882, 1776), (883, 1773), (875, 1770), (868, 1768), (877, 1737), (860, 1732), (850, 1763), (829, 1756), (838, 1726), (819, 1720), (811, 1746), (810, 1750), (809, 1752), (809, 1754)],
    '137': [(883, 1772), (889, 1754), (874, 1749), (878, 1737), (908, 1746), (899, 1777)],
    '138': [(781, 1746), (809, 1754), (809, 1752), (810, 1750), (783, 1742)],
    '139': [(812, 1763), (808, 1772), (812, 1773), (816, 1765)],
    '140': [(1196, 116), (1180, 119), (1172, 121), (1175, 132), (1198, 128)],
    '141': [(1267, 111), (1246, 115), (1249, 128), (1270, 124)],
    '142': [(633, 1618), (633, 1619), (630, 1628), (626, 1640), (621, 1639), (620, 1638), (619, 1638), (569, 1623), (576, 1600), (592, 1605), (603, 1568), (620, 1573), (612, 1599), (609, 1611), (620, 1614)],
    '143': [(619, 1638), (617, 1644), (608, 1642), (567, 1630), (569, 1623)],
    '144': [(549, 1659), (539, 1668), (541, 1671), (552, 1662)],
    '145': [(740, 1694), (749, 1663), (744, 1662), (743, 1664), (718, 1657), (720, 1653), (721, 1649), (719, 1649), (721, 1641), (802, 1663), (799, 1671), (799, 1673), (789, 1707)],
    '146': [(1452, 1242), (1442, 1253), (1453, 1263), (1463, 1253)],
    '147': [(936, 1655), (930, 1673), (934, 1674), (938, 1676), (943, 1677), (947, 1678), (951, 1679), (955, 1680), (959, 1682), (964, 1663), (960, 1661), (956, 1660), (952, 1659), (948, 1658), (943, 1657), (939, 1656)],
}
