BUILDING_POLY = {
    '00': [(1304, 960), (1387, 795), (1590, 896), (1507, 1061)],
    '01': [(1574, 590), (1551, 629), (1401, 569), (1414, 549), (1388, 555), (1381, 542), (1415, 534), (1416, 528), (1389, 526), (1392, 499), (1592, 512), (1589, 561), (1567, 557), (1556, 583)],
    '02': [(1394, 1397), (1365, 1396), (1364, 1530), (1401, 1534), (1402, 1574), (1308, 1578), (1308, 1566), (1294, 1565), (1296, 1345), (1334, 1345), (1335, 1334), (1339, 1321), (1344, 1315), (1353, 1309), (1360, 1306), (1351, 1283), (1377, 1275), (1416, 1267), (1462, 1265), (1480, 1266), (1480, 1275), (1537, 1274), (1536, 1310), (1463, 1308), (1464, 1335), (1448, 1335), (1448, 1308), (1422, 1309), (1391, 1314), (1366, 1319), (1358, 1322), (1352, 1329), (1349, 1335), (1349, 1345), (1395, 1346), (1490, 1346), (1490, 1337), (1536, 1337), (1538, 1419), (1492, 1419), (1491, 1398)],
    '03': [(1201, 394), (1236, 426), (1402, 243), (1362, 212)],
    '04': [(1400, 407), (1396, 487), (1424, 488), (1425, 475), (1526, 480), (1526, 492), (1560, 494), (1564, 414), (1528, 412), (1527, 422), (1435, 417), (1436, 409)],
    '05': [(458, 827), (499, 852), (536, 872), (600, 909), (628, 862), (485, 780)],
    '06': [(337, 589), (269, 720), (264, 717), (261, 728), (262, 739), (268, 746), (283, 756), (292, 733), (390, 782), (435, 694), (435, 693), (386, 670), (407, 623), (416, 620), (422, 617), (428, 610), (430, 603), (430, 595), (430, 587), (428, 580), (424, 573), (419, 569), (416, 575), (367, 552), (371, 545), (363, 543), (355, 545), (348, 548), (340, 553), (335, 561), (333, 569), (332, 578), (334, 585)],
    '07': [(319, 944), (242, 1045), (393, 1143), (470, 1030), (455, 1021), (461, 1009), (354, 948), (347, 960)],
    '08': [(470, 1035), (433, 1098), (453, 1109), (431, 1147), (469, 1169), (485, 1142), (567, 1189), (609, 1115)],
    '09': [(483, 381), (471, 375), (449, 376), (427, 384), (416, 410), (431, 416), (420, 440), (395, 428), (386, 447), (376, 442), (369, 458), (372, 478), (380, 495), (393, 504), (411, 511), (433, 511), (450, 504), (475, 474), (469, 472), (474, 461), (438, 444), (446, 426), (458, 432)],
    '10': [(634, 937), (738, 993), (746, 997), (772, 1012), (781, 1016), (796, 988), (884, 1036), (891, 1023), (922, 1039), (933, 1019), (905, 1003), (916, 984), (817, 930), (836, 895), (807, 879), (787, 915), (700, 868), (675, 913), (653, 901)],
    '11': [(889, 806), (837, 874), (990, 990), (1002, 976), (1028, 993), (1037, 977), (1196, 1026), (1212, 975), (1054, 927)],
    '12': [(1041, 766), (1158, 850), (1123, 898), (1006, 814), (1012, 805), (1004, 800), (1009, 793), (1002, 788), (999, 781), (1006, 772), (1015, 771), (1030, 782)],
    '13': [(1103, 664), (1044, 746), (1175, 840), (1235, 757), (1168, 709), (1187, 683), (1156, 660), (1136, 688)],
    '14': [(1132, 1222), (1209, 1224), (1208, 1278), (1207, 1305), (1201, 1473), (1199, 1513), (1169, 1512), (1168, 1527), (1230, 1529), (1228, 1578), (1117, 1574), (1119, 1525), (1154, 1527), (1154, 1512), (1121, 1511), (1128, 1318)],
    '15': [(1731, 503), (1844, 514), (1839, 564), (1798, 560), (1792, 620), (1801, 621), (1794, 684), (1738, 692), (1722, 690), (1714, 676), (1730, 516)],
    '16': [(1722, 690), (1657, 848), (1647, 843), (1612, 923), (1627, 929), (1639, 901), (1672, 915), (1702, 844), (1696, 841), (1744, 729), (1728, 722), (1738, 692)],
    '17': [(1637, 436), (1634, 506), (1677, 508), (1678, 493), (1850, 500), (1980, 340), (1973, 334), (1980, 325), (1934, 288), (1863, 376), (1881, 391), (1839, 444)],
    '18': [(1791, 174), (1793, 82), (1861, 83), (1855, 341), (1829, 340), (1828, 370), (1807, 369), (1806, 417), (1673, 414), (1675, 323), (1726, 324), (1730, 173)],
    '19': [(1402, 1574), (1475, 1574), (1475, 1540), (1487, 1540), (1487, 1520), (1510, 1520), (1510, 1513), (1526, 1513), (1526, 1461), (1539, 1461), (1538, 1419), (1492, 1419), (1492, 1449), (1481, 1449), (1481, 1472), (1456, 1472), (1456, 1526), (1456, 1534), (1401, 1534)],
    '20': [(916, 1528), (926, 1267), (925, 1256), (921, 1247), (915, 1239), (908, 1233), (729, 1139), (643, 1178), (629, 1521), (639, 1552), (677, 1588), (731, 1617), (881, 1629), (886, 1568)],
    '21': [(1022, 1720), (970, 1875), (1018, 1900), (1052, 1847), (1079, 1811), (1073, 1720)],
    '22': [(687, 1711), (688, 1760), (784, 1772), (783, 1822), (755, 1907), (792, 1942), (848, 1883), (968, 1973), (989, 1932), (1018, 1900), (970, 1875), (843, 1816), (840, 1715)],
    '23': [(1163, 1130), (1142, 1119), (1112, 1175), (1133, 1186)],
    '24': [(1891, 465), (1930, 484), (1851, 644), (1830, 634), (1864, 563), (1847, 555)],
}
